1964
1898
2012
1908
1909
1902
1869
284
2063
2062
2110
1926
334
1957
1953
556
1958
285
1626
2064
2018
1847
2190
500
1852
1845
1870
2152
2109
283
2013
1846
1842
333
2011
2065
2067
481
837
1509
1954
286
1903
239
1561
2008
561
2111
2068
2153
2113
238
387
2017
335
1682
1205
1964
1898
2012
1908
1909
1902
1869
284
2063
2062
2110
1926
334
1957
1953
556
1958
285
1626
2064
2018
1847
2190
500
1852
1845
1870
2152
2109
283
2013
1846
1842
333
2011
2065
2067
481
837
1509
1954
286
1903
239
1561
2008
561
2111
2068
2153
2113
238
387
2017
335
1682
1205
1964
1898
2012
1908
1909
1902
1869
284
2063
2062
2110
1926
334
1957
1953
556
1958
285
1626
2064
2018
1847
2190
500
1852
1845
1870
2152
2109
283
2013
1846
1842
333
2011
2065
2067
481
837
1509
1954
286
1903
239
1561
2008
561
2111
2068
2153
2113
238
387
2017
335
1682
1205
1964
1898
2012
1908
1909
1902
1869
284
2063
2062
2110
1926
334
1957
1953
556
1958
285
1626
2064
2018
1847
2190
500
1852
1845
1870
2152
2109
283
2013
1846
1842
333
2011
2065
2067
481
837
1509
1954
286
1903
239
1561
2008
561
2111
2068
2153
2113
238
387
2017
335
1682
1205
1964
1898
2012
1908
1909
1902
1869
284
2063
2062
2110
1926
334
1957
1953
556
1958
285
1626
2064
2018
1847
2190
500
1852
1845
1870
2152
2109
283
2013
1846
1842
333
2011
2065
2067
481
837
1509
1954
286
1903
239
1561
2008
561
2111
2068
2153
2113
238
387
2017
335
1682
1205
1964
1898
2012
1908
1909
1902
1869
284
2063
2062
2110
1926
334
1957
1953
556
1958
285
1626
2064
2018
1847
2190
500
1852
1845
1870
2152
2109
283
2013
1846
1842
333
2011
2065
2067
481
837
1509
1954
286
1903
239
1561
2008
561
2111
2068
2153
2113
238
387
2017
335
1682
1205
1964
1898
2012
1908
1909
1902
1869
284
2063
2062
2110
1926
334
1957
1953
556
1958
285
1626
2064
2018
1847
2190
500
1852
1845
1870
2152
2109
283
2013
1846
1842
333
2011
2065
2067
481
837
1509
1954
286
1903
239
1561
2008
561
2111
2068
2153
2113
238
387
2017
335
1682
1205
1964
1898
2012
1908
1909
1902
1869
284
2063
2062
2110
1926
334
1957
1953
556
1958
285
1626
2064
2018
1847
2190
500
1852
1845
1870
2152
2109
283
2013
1846
1842
333
2011
2065
2067
481
837
1509
1954
286
1903
239
1561
2008
561
2111
2068
2153
2113
238
387
2017
335
1682
1205
1964
1898
2012
1908
1909
1902
1869
284
2063
2062
2110
1926
334
1957
1953
556
1958
285
1626
2064
2018
1847
2190
500
1852
1845
1870
2152
2109
283
2013
1846
1842
333
2011
2065
2067
481
837
1509
1954
286
1903
239
1561
2008
561
2111
2068
2153
2113
238
387
2017
335
1682
1205