46 1633 120.943400
283 1633 109.791978
195 1633 114.811143
62 1632 131.454932
388 1520 91.807398
62 1466 121.482048
62 1386 89.329301
2286 992 116.988250
660 941 17.046550
2185 711 95.851661
378 1948 84.422685
488 1949 82.127173
770 1552 40.931430
768 1495 36.211278
378 1830 80.203525
774 997 12.866459
2348 993 95.595458
378 1470 151.825191
1720 1638 127.679212
485 710 13.666752
768 879 8.388025
485 654 9.870807
2238 2205 5.201422
2266 2238 3.575636
2260 23 153.158396
27 2125 150.075254
768 1609 42.910986
715 1332 30.767512
775 1446 33.842297
712 823 8.379310
378 767 29.371429
701 1430 36.303635
1634 1581 15.283669
588 1317 36.781324
46 1525 120.829200
159 309 71.276744
826 1160 20.886598
2286 739 93.764646
448 559 8.487589
2038 1934 19.400048
62 1318 79.873097
1035 1318 25.282875
62 657 51.808656
2260 488 148.349529
2260 545 145.144101
2321 1329 90.514621
659 1218 28.788857
631 743 6.044202
235 745 103.993076
16 16 0.000000
2158 1525 44.935686
2348 1524 76.132709
2348 881 101.152601
2185 1441 59.202722
62 1633 130.511837
235 1633 122.231225
235 1633 122.231225
285 1632 96.569911
555 1520 95.963576
285 1466 95.887809
659 1386 36.492552
768 992 11.257998
660 941 17.046550
46 711 55.971340
488 1948 80.203040
2185 1949 22.540918
378 1552 63.060769
768 1495 36.211278
2286 1830 73.047025
827 997 12.604321
378 993 34.661532
2158 1470 48.732344
1720 1638 127.679212
150 710 37.219139
823 879 4.196926
372 654 18.261843
114 2205 129.087577
46 2238 160.731650
15 23 17.363035
2219 2125 64.382573
768 1609 42.910986
62 1332 89.537495
826 1446 37.638236
826 823 18.474591
2321 767 119.920841
1093 1430 17.692191
2095 1581 105.406046
700 1317 30.767530
46 1525 120.829200
46 309 54.018880
2185 1160 72.957071
378 739 113.360348
448 559 8.487589
62 1934 112.755484
757 1318 28.399489
646 1318 33.590103
2348 657 112.746982
2317 488 114.690084
378 545 12.798267
2348 1329 79.180004
658 1218 28.106305
551 743 121.877418
662 745 132.128809
7 16 4.623635
1720 1525 134.533512
46 1524 119.696129
768 881 8.387957
378 1441 56.291718
1633 1633 0.000000
2348 1633 70.821269
2260 1633 46.322859
1577 1632 4.188815
2023 1520 30.310838
2260 1466 54.223530
1665 1386 17.046233
935 992 4.207242
7 941 74.335044
2321 711 122.293916
992 1948 56.603428
2003 1949 5.227042
1720 1552 9.433381
2260 1495 96.641800
2095 1830 18.260881
941 997 4.207011
7 993 79.991732
1077 1470 19.501699
1863 1638 13.666712
710 710 0.000000
1215 879 16.503509
768 654 13.261036
2205 2205 0.000000
2238 2238 0.000000
38 23 5.036659
2167 2125 8.169024
62 1609 98.618084
2321 1332 86.721559
1669 1446 13.081771
2321 823 116.588813
46 767 59.527566
1093 1430 17.692191
1413 1581 9.037783
1093 1317 10.942603
2348 1525 75.902058
473 309 10.794597
2348 1160 87.274912
1863 739 62.228833
46 559 50.437423
1933 1934 4.790456
979 1318 24.982088
980 1318 20.832596
378 657 18.261879
658 488 12.607809
377 545 10.539804
2321 1329 90.514621
1665 1218 23.477586
688 743 4.187854
2348 745 113.636418
23 16 19.384245
1470 1525 4.197111
1580 1524 4.191392
768 881 8.387957
62 1441 89.505406
235 1633 122.231225
332 1633 111.999291
235 1633 122.231225
283 1632 105.703704
333 1520 98.877660
283 1466 105.592847
659 1386 36.492552
657 992 18.223686
660 941 17.046550
321 711 23.995534
2317 1948 35.603729
2203 1949 76.935275
2054 1552 38.910915
1949 1495 41.501991
378 1830 80.203525
2053 997 57.680246
601 993 20.449430
2049 1470 115.035591
2049 1638 105.933179
319 710 26.321747
372 879 31.311103
372 654 18.261843
2309 2205 15.657136
2309 2238 14.373035
2286 23 154.346314
2286 2125 21.855952
1949 1609 28.969659
1950 1332 36.474808
2057 1446 37.507354
372 823 30.154000
2219 767 94.276987
646 1430 39.150901
2049 1581 110.620906
646 1317 34.168028
2049 1525 112.928145
309 309 0.000001
1949 1160 50.867655
1888 739 163.907927
673 559 12.882127
2040 1934 11.243871
646 1318 33.590103
588 1318 37.814572
1950 657 74.721271
377 488 8.589410
602 545 8.920493
1892 1329 34.703248
2054 1218 48.999114
2139 743 138.842327
330 745 110.695173
16 16 0.000000
2049 1525 112.928145
1888 1524 125.068102
378 881 29.258623
2053 1441 38.143162
333 1633 107.256434
333 1633 107.256434
2095 1633 105.025572
283 1632 105.703704
388 1520 91.807398
2095 1466 113.597009
601 1386 39.905177
62 992 66.628593
660 941 17.046550
372 711 25.250996
2185 1948 25.144873
2286 1949 67.802564
2203 1552 88.088426
658 1495 44.801533
659 1830 66.168457
2185 997 70.824072
712 993 14.512405
2095 1470 109.200747
378 1638 160.582703
485 710 13.666752
2300 879 100.973715
372 654 18.261843
46 2205 160.174397
70 2238 172.818467
23 23 0.000000
2053 2125 76.093061
658 1609 47.871513
378 1332 50.798429
1950 1446 28.174568
378 823 30.154008
485 767 17.586455
646 1430 39.150901
328 1581 143.757462
589 1317 36.781325
2049 1525 112.928145
62 309 33.450593
658 1160 27.033316
2023 739 68.244424
672 559 8.393127
1709 1934 14.358314
588 1318 37.814572
646 1318 33.590103
378 657 18.261879
150 488 26.680644
602 545 8.920493
658 1329 34.168040
658 1218 28.106305
2049 743 145.176244
551 745 125.234761
2260 16 161.096970
46 1525 120.829200
1720 1524 134.961014
659 881 16.751489
658 1441 39.648978
241 1633 93.817060
285 1633 100.401051
286 1633 95.945243
286 1632 92.296852
286 1520 87.657940
391 1466 83.205759
1217 1386 12.632544
994 992 12.724681
1333 941 19.458388
1330 711 34.419145
1668 1948 16.646185
2321 1949 52.060457
1330 1552 16.791355
1105 1495 21.550336
2321 1830 66.560375
1330 997 25.282817
1047 993 9.959742
1135 1470 17.692350
2334 1638 65.918013
935 710 12.961208
994 879 19.720480
994 654 29.898739
46 2205 160.174397
2321 2238 36.848931
16 23 19.384245
2220 2125 63.892841
1498 1609 8.379236
1498 1332 12.604337
1389 1446 4.201620
768 823 4.192098
992 767 12.866746
588 1430 43.230013
1301 1581 14.351514
924 1317 19.458435
1079 1525 25.467672
219 309 11.136481
1330 1160 12.641331
7 739 68.512035
390 559 10.539748
219 1934 99.438546
870 1318 21.987306
589 1318 36.781321
881 657 11.602796
713 488 13.666752
657 545 6.211202
1106 1329 12.682524
1105 1218 8.431733
160 743 82.344820
857 745 5.791200
46 16 7.841930
6 1525 112.601350
1413 1524 8.398787
1498 881 31.834636
62 1441 89.505406
2348 1633 70.821269
284 1633 105.030265
333 1633 107.256434
2158 1632 33.819447
285 1520 92.073668
2158 1466 42.552386
2185 1386 57.657018
658 992 21.085407
662 941 14.714364
150 711 37.711663
274 1948 93.970685
490 1949 78.673161
768 1552 38.942204
769 1495 37.297498
1863 1830 104.105527
660 997 18.223848
46 993 67.970744
2158 1470 48.732344
1834 1638 122.757006
430 710 16.091750
596 879 20.924201
599 654 9.123550
2267 2205 10.804670
85 2238 132.105795
23 23 0.000000
46 2125 158.935461
657 1609 47.871512
659 1332 34.168005
1501 1446 4.197111
823 823 0.000000
274 767 30.260439
757 1430 33.842209
1635 1581 9.465249
532 1317 40.273471
2348 1525 75.902058
284 309 81.718548
658 1160 27.033316
1889 739 162.119891
391 559 10.539940
1932 1934 9.574213
87 1318 78.230623
755 1318 34.419008
378 657 18.261879
488 488 0.000000
490 545 8.696595
6 1329 92.350712
715 1218 26.829164
576 743 9.629415
328 745 112.143392
7 16 4.623635
235 1525 132.282466
46 1524 119.696129
46 881 62.495794
2203 1441 95.820474
7 1633 111.488266
62 1633 130.511837
328 1633 131.330570
336 1632 89.862907
498 1520 99.396731
333 1466 103.548087
602 1386 39.417910
596 992 29.296318
774 941 9.038027
27 711 54.264123
601 1948 72.470976
2203 1949 76.935275
274 1552 68.520277
935 1495 27.582593
660 1830 68.911316
772 997 12.866938
62 993 68.242404
235 1470 131.417863
1357 1638 16.941669
2203 710 120.509690
599 879 14.963899
540 654 12.881439
61 2205 133.754340
27 2238 151.307765
14 23 14.158673
2183 2125 67.444860
657 1609 47.871512
2185 1332 56.795272
714 1446 42.358064
658 823 17.358915
150 767 40.309022
1204 1430 16.832562
2023 1581 29.852042
589 1317 36.781325
2348 1525 75.902058
2348 309 137.469209
2203 1160 107.042933
2158 739 79.569607
391 559 10.539940
87 1934 110.511228
812 1318 26.585337
422 1318 46.459803
27 657 51.280817
2348 488 122.102785
274 545 17.819975
46 1329 84.173656
826 1218 19.589892
663 743 127.482870
439 745 118.688423
23 16 19.384245
1776 1525 130.929375
2348 1524 76.132709
769 881 5.697098
274 1441 62.953345
1577 1633 4.188843
46 1633 120.943400
1299 1633 20.998108
1465 1632 9.143196
2321 1520 60.962277
1186 1466 14.136940
1611 1386 12.961106
992 992 0.000001
2321 941 103.277505
2334 711 117.277189
881 1948 59.330013
1836 1949 8.589271
1719 1552 9.433412
1498 1495 18.474543
2178 1830 24.774157
885 997 5.560901
2321 993 106.673703
1135 1470 17.692350
1921 1638 21.000082
485 710 13.666752
1103 879 11.044704
766 654 5.905699
2129 2205 7.430828
2239 2238 5.097556
22 23 5.171011
2236 2125 12.712722
2185 1609 50.169019
2053 1332 40.843160
1612 1446 12.573248
7 823 72.766654
2348 767 106.454105
980 1430 25.422559
1468 1581 8.387548
1148 1317 8.815748
2349 1525 75.640234
362 309 6.712226
46 1160 76.615998
2334 739 106.974586
2348 559 123.633573
1987 1934 14.344231
560 1318 153.739340
869 1318 22.894527
274 657 23.954923
601 488 8.426333
545 545 0.000000
7 1329 96.314168
1609 1218 19.909510
799 743 4.188511
46 745 84.327559
24 16 20.696691
1637 1525 5.791007
1637 1524 8.379517
770 881 8.388021
378 1441 56.291718
328 1633 131.330570
237 1633 112.313516
328 1633 131.330570
498 1632 102.573396
388 1520 91.807398
385 1466 111.047550
715 1386 33.963551
600 992 20.449416
1892 941 50.046728
372 711 25.250996
2348 1948 46.642587
2185 1949 22.540918
1892 1552 29.136866
1950 1495 45.928617
1863 1830 104.105527
378 997 36.474976
488 993 26.799536
1942 1470 120.669958
1944 1638 114.702468
428 710 20.999704
321 879 31.947202
320 654 20.540017
2321 2205 38.930707
2321 2238 36.848931
15 23 17.363035
2219 2125 64.382573
1948 1609 25.250328
1949 1332 34.661262
2148 1446 49.223699
321 823 29.642352
274 767 30.260439
645 1430 39.648968
1942 1581 116.939610
365 1317 50.110222
1943 1525 120.391002
261 309 3.706837
1948 1160 47.813343
1834 739 159.047825
672 559 8.393127
1933 1934 4.790456
365 1318 50.110220
533 1318 40.273465
2004 657 76.120552
376 488 6.960402
545 545 0.000000
601 1329 36.781325
1892 1218 37.413672
328 743 110.873729
1941 745 133.129377
24 16 20.696691
1944 1525 121.286379
1776 1524 131.711378
274 881 35.483208
274 1441 62.953345
238 1633 107.438991
238 1633 107.438991
68 1633 119.013575
284 1632 101.053074
285 1520 92.073668
2023 1466 31.696893
658 1386 36.492553
378 992 36.474875
603 941 21.203322
657 711 9.305218
2203 1948 75.852361
2318 1949 37.616482
2185 1552 57.216297
826 1495 38.261253
715 1830 64.863234
2203 997 125.087478
826 993 12.604169
2023 1470 37.717686
2139 1638 98.542676
428 710 20.999704
274 879 35.876055
540 654 12.881439
2348 2205 29.438851
2267 2238 5.610955
16 23 19.384245
2185 2125 67.655074
601 1609 50.829905
274 1332 61.025630
1949 1446 28.174481
274 823 32.669539
599 767 9.433133
422 1430 52.020602
235 1581 133.002370
700 1317 30.767530
1942 1525 118.928846
7 309 47.639938
601 1160 29.095210
2095 739 148.311990
1063 559 26.296242
1988 1934 9.811545
924 1318 21.458304
365 1318 50.110220
274 657 23.954923
2321 488 133.354182
377 545 10.539804
601 1329 36.781325
826 1218 19.589892
662 743 129.752052
663 745 131.323532
16 16 0.000000
2348 1525 75.902058
1776 1524 131.711378
657 881 11.602796
826 1441 31.834070
288 1633 87.728864
286 1633 95.945243
285 1633 100.401051
127 1632 97.553506
391 1520 79.073924
286 1466 91.188486
992 1386 24.982593
1105 992 8.425529
1332 941 21.458390
992 711 14.512405
1780 1948 10.539552
6 1949 125.123085
1385 1552 12.587386
936 1495 28.305835
7 1830 124.579042
1385 997 29.489336
1330 993 17.631510
1301 1470 8.891660
2309 1638 55.691208
934 710 11.412102
936 879 9.822692
1443 654 50.134913
27 2205 150.074899
6 2238 156.723668
2322 23 166.138844
1893 2125 87.901507
1609 1609 0.000000
1330 1332 12.724580
1334 1446 5.560799
769 823 9.605355
1047 767 14.351567
532 1430 47.009204
1135 1581 25.544113
588 1317 36.781324
1164 1525 154.761304
144 309 17.249826
1106 1160 10.018217
62 739 84.184509
448 559 8.487589
1989 1934 5.489686
757 1318 28.399489
422 1318 46.459803
770 657 8.374841
712 488 12.457198
770 545 13.425785
1330 1329 6.362591
993 1218 12.682529
1559 743 158.803305
858 745 8.379632
27 16 11.381556
2309 1525 62.754814
1412 1524 5.620987
883 881 12.485956
87 1441 85.111078
27 1633 125.078268
498 1633 107.616089
196 1633 109.834614
68 1632 116.841794
333 1520 98.877660
2095 1466 113.597009
7 1386 98.024106
490 992 30.444197
603 941 21.203322
2203 711 123.710611
2185 1948 25.144873
601 1949 74.153564
772 1552 46.389373
770 1495 39.380088
1921 1830 97.285718
826 997 17.780846
27 993 68.440095
235 1470 131.417863
1776 1638 123.867432
599 710 8.377852
770 879 19.321844
654 654 0.000001
2239 2205 9.878025
2207 2238 6.650540
39 23 3.442706
2317 2125 50.801091
600 1609 51.206711
827 1332 25.017612
941 1446 24.959016
599 823 11.835403
2300 767 106.418356
924 1430 26.537997
1720 1581 131.991406
673 1317 162.836306
2323 1525 60.145148
239 309 78.373983
714 1160 25.655597
1890 739 159.000246
503 559 4.227087
1988 1934 9.811545
7 1318 103.643400
923 1318 29.153122
274 657 23.954923
433 488 4.266111
488 545 4.226722
62 1329 84.119195
602 1218 31.318955
632 743 8.377487
378 745 113.360253
23 16 19.384245
378 1525 154.194165
2349 1524 75.350337
27 881 62.880467
62 1441 89.505406
2158 1633 33.752573
2158 1633 33.752573
2158 1633 33.752573
391 1632 83.530170
283 1520 101.427629
388 1466 96.784858
715 1386 33.963551
770 992 16.791483
826 941 19.541586
2349 711 110.746399
658 1948 68.813307
150 1949 108.649549
62 1552 93.600194
769 1495 37.297498
490 1830 73.725297
884 997 8.409299
274 993 41.021938
378 1470 151.825191
1776 1638 123.867432
2185 710 98.584491
712 879 12.572843
596 654 9.123469
41 2205 137.360492
2349 2238 29.966697
6 23 15.063085
2053 2125 76.093061
659 1609 48.676746
2321 1332 86.721559
771 1446 38.284138
938 823 19.541601
2185 767 94.601680
869 1430 28.274100
2178 1581 99.511280
365 1317 50.110222
27 1525 119.854557
2349 309 142.007917
62 1160 75.371041
2118 739 75.071192
560 559 5.475661
7 1934 136.885102
534 1318 39.801305
365 1318 50.110220
46 657 51.105851
2262 488 144.179751
275 545 17.562435
2317 1329 71.688743
714 1218 25.317478
718 743 131.435477
495 745 121.470507
26 16 15.032740
1888 1525 124.409192
2323 1524 60.006782
770 881 8.388021
62 1441 89.505406
1690 1633 4.188370
2349 1633 68.568506
962 1633 33.963519
1520 1632 5.791007
2073 1520 35.132696
1073 1466 19.501863
1609 1386 12.961113
991 992 6.362596
62 941 74.552634
7 711 67.019640
935 1948 60.489770
1892 1949 8.191989
1776 1552 12.116997
1330 1495 17.780810
2212 1830 30.057086
884 997 8.409299
6 993 75.950845
1302 1470 8.891660
2073 1638 31.806051
823 710 8.379372
1327 879 21.987306
596 654 9.123469
2238 2205 5.201422
2267 2238 5.610955
0 23 8.848119
2125 2125 0.000000
7 1609 110.047988
2334 1332 82.286525
1333 1446 8.408482
2334 823 111.564471
2349 767 107.994101
1204 1430 16.832562
1581 1581 0.000001
1204 1317 8.425575
46 1525 120.829200
310 309 4.915046
2349 1160 88.066813
2321 739 101.941369
2349 559 118.953093
263 1934 95.988202
810 1318 37.522740
756 1318 30.444031
275 657 23.749644
712 488 12.457198
376 545 10.539806
6 1329 92.350712
1498 1218 14.227992
630 743 8.378117
2349 745 115.474027
7 16 4.623635
1469 1525 4.197814
1470 1524 9.724571
881 881 0.000001
7 1441 101.839123
2158 1633 33.752573
157 1633 117.265660
2158 1633 33.752573
385 1632 109.337813
285 1520 92.073668
441 1466 113.535733
657 1386 37.552282
659 992 25.138471
601 941 29.720060
320 711 26.129842
2262 1948 71.717717
150 1949 108.649549
658 1552 46.557664
2004 1495 44.245891
1921 1830 97.285718
274 997 48.182444
658 993 18.223715
1944 1470 123.708585
1943 1638 113.360325
430 710 16.091750
320 879 33.226981
321 654 20.104144
6 2205 154.140392
6 2238 156.723668
14 23 14.158673
2184 2125 67.839418
2002 1609 25.583534
602 1332 37.814544
1950 1446 28.174568
1950 823 71.663277
2300 767 106.418356
421 1430 52.368401
1943 1581 118.072368
422 1317 46.844881
1944 1525 121.286379
388 309 89.095446
2004 1160 54.373485
1776 739 170.370703
559 559 0.000000
263 1934 95.988202
422 1318 46.459803
366 1318 50.110223
1949 657 72.320215
321 488 15.336723
659 545 12.881513
488 1329 43.170219
1836 1218 35.422946
235 743 101.375621
438 745 119.285646
41 16 21.983833
1943 1525 120.391002
1720 1524 134.961014
2053 881 64.728932
378 1441 56.291718
196 1633 109.834614
196 1633 109.834614
2023 1633 23.369824
198 1632 97.131231
333 1520 98.877660
2158 1466 42.552386
488 1386 47.423082
274 992 40.843466
662 941 14.714364
768 711 4.188690
150 1948 106.870945
374 1949 92.957914
62 1552 93.600194
601 1495 46.725150
1721 1830 17.589310
62 997 76.072452
658 993 18.223715
2178 1470 103.918162
328 1638 151.281567
319 710 26.321747
378 879 34.152571
596 654 9.123469
27 2205 150.074899
2238 2238 0.000000
5 23 11.291315
2183 2125 67.444860
826 1609 39.499063
2053 1332 40.843160
1701 1446 136.572058
62 823 57.732470
430 767 19.587301
589 1430 42.325355
2158 1581 41.145162
365 1317 50.110222
439 1525 142.249028
2158 309 135.023978
826 1160 20.886598
2073 739 71.466740
559 559 0.000000
366 1934 83.620296
366 1318 50.110223
422 1318 46.459803
275 657 23.749644
2334 488 128.486026
376 545 10.539806
826 1329 26.585369
601 1218 31.318955
495 743 117.771267
385 745 111.526893
7 16 4.623635
2323 1525 60.145148
663 1524 140.179838
768 881 8.387957
714 1441 37.381057
160 1633 102.459546
391 1633 87.418100
391 1633 87.418100
126 1632 101.918101
127 1520 92.234805
835 1466 96.905138
1272 1386 13.863818
936 992 4.207162
1109 941 8.845704
881 711 12.572850
1724 1948 13.373001
2053 1949 10.681553
1217 1552 17.881747
994 1495 29.471908
6 1830 119.998125
881 997 25.829470
1273 993 14.048837
1302 1470 8.891660
2321 1638 61.351535
992 710 16.941385
879 879 0.000001
1107 654 38.319803
2349 2205 33.588024
2309 2238 14.373035
13 23 9.998923
1781 2125 94.447821
1554 1609 4.189034
1499 1332 8.955727
1166 1446 14.137165
1609 823 40.975388
1330 767 33.575734
757 1430 33.842209
1302 1581 16.861310
757 1317 27.684404
909 1525 30.541669
2132 309 106.896800
1218 1160 10.018219
2321 739 101.941369
391 559 10.539940
181 1934 97.926015
812 1318 26.585337
590 1318 36.781326
882 657 13.081854
714 488 16.777430
769 545 12.116901
1385 1329 4.207501
1275 1218 9.998763
1501 743 166.576930
1135 745 25.096672
2349 16 166.620499
2334 1525 70.515147
1079 1524 29.166092
827 881 15.760399
7 1441 101.839123
2323 1633 54.921452
159 1633 107.240954
158 1633 112.210239
2023 1632 24.776239
238 1520 99.135838
87 1466 125.776781
2321 1386 86.001173
601 992 22.172249
714 941 21.674930
2321 711 122.293916
62 1948 122.142410
433 1949 84.281869
827 1552 42.311412
1498 1495 18.474543
274 1830 84.479691
771 997 16.791703
2349 993 96.121664
328 1470 142.282624
1357 1638 16.941669
486 710 12.457198
769 879 13.565520
486 654 9.870807
2205 2205 0.000000
114 2238 130.436833
29 23 21.945673
2349 2125 40.729356
769 1609 41.981805
772 1332 27.684404
827 1446 34.273892
710 823 8.379372
62 767 54.219391
588 1430 43.230013
1525 1581 4.192091
757 1317 27.684404
27 1525 119.854557
198 309 74.782816
712 1160 22.392701
1944 739 159.849292
449 559 12.451293
1596 1934 22.203780
2321 1318 94.316902
700 1318 32.031124
87 657 47.532793
601 488 8.426333
433 545 6.658498
7 1329 96.314168
657 1218 28.788856
577 743 12.572655
2158 745 90.744220
2303 16 158.015808
7 1525 108.701289
2317 1524 83.304039
2349 881 101.676639
7 1441 101.839123
235 1633 122.231225
7 1633 111.488266
62 1633 130.511837
286 1632 92.296852
387 1520 96.344938
238 1466 102.660978
657 1386 37.552282
935 992 4.207242
771 941 17.661166
2348 711 109.458875
714 1948 65.297207
2321 1949 52.060457
2300 1552 67.317944
770 1495 39.380088
603 1830 70.189268
941 997 4.207011
87 993 63.882785
62 1470 115.291305
688 1638 48.676763
2321 710 123.278447
710 879 9.142921
318 654 25.349877
146 2205 125.350383
2348 2238 25.563291
12 23 5.171014
2300 2125 52.905739
602 1609 51.206712
2203 1332 107.534247
938 1446 33.328552
714 823 19.060566
2203 767 119.643628
1148 1430 16.760231
2073 1581 31.176474
646 1317 34.168028
2323 1525 60.145148
27 309 44.379046
2321 1160 99.159030
235 739 92.087062
503 559 4.227087
2185 1934 66.907410
701 1318 30.767526
589 1318 36.781321
2349 657 113.266123
27 488 41.759836
62 545 45.945200
27 1329 84.863184
601 1218 31.318955
775 743 132.716929
383 745 114.702447
2346 16 175.376415
551 1525 144.629654
27 1524 119.992919
657 881 11.602796
2300 1441 70.948096
1522 1633 8.379502
2323 1633 54.921452
1354 1633 14.512841
1633 1632 5.942818
2334 1520 65.797002
1243 1466 12.740362
1498 1386 5.620987
768 992 11.257998
6 941 72.332491
6 711 62.449148
1330 1948 36.474466
1724 1949 14.358450
1495 1552 4.191622
1442 1495 15.760410
2213 1830 28.385832
829 997 8.955230
62 993 68.242404
799 1470 33.842291
2023 1638 32.098393
654 710 4.188064
1160 879 16.760308
540 654 12.881439
2237 2205 3.760386
2291 2238 7.769593
6 23 15.063085
2203 2125 8.335242
378 1609 64.478743
7 1332 94.312361
1500 1446 9.724551
6 823 68.221812
27 767 57.278290
1148 1430 16.760231
1412 1581 9.037471
813 1317 25.017636
2323 1525 60.145148
308 309 4.915060
2323 1160 103.391636
1921 739 69.122303
2323 559 119.535830
1374 1934 30.828989
753 1318 41.711166
870 1318 21.987306
62 657 51.808656
714 488 16.777430
600 545 4.203868
2334 1329 85.546853
1664 1218 25.807250
686 743 9.305394
2323 745 101.096609
16 16 0.000000
1580 1525 9.605307
1469 1524 4.197141
935 881 9.822702
2334 1441 80.060982
2023 1633 23.369824
1826 1633 119.900785
2023 1633 23.369824
284 1632 101.053074
238 1520 99.135838
1771 1466 131.010416
602 1386 39.417910
602 992 25.266044
490 941 29.627021
657 711 9.305218
27 1948 119.675849
2318 1949 37.616482
601 1552 48.805997
1948 1495 37.317575
275 1830 85.527323
275 997 45.169495
490 993 28.067837
1943 1470 122.473173
1889 1638 118.687798
271 710 28.093355
1950 879 71.116064
318 654 25.349877
2258 2205 40.072733
2258 2238 39.722402
6 23 15.063085
2103 2125 74.838012
1891 1609 17.880034
659 1332 34.168005
372 1446 78.962599
320 823 31.485181
378 767 29.371429
265 1430 62.824437
1944 1581 118.646819
265 1317 57.403793
1889 1525 125.068075
179 309 13.188093
1950 1160 54.356376
1720 739 171.622393
504 559 8.696666
1597 1934 20.150517
645 1318 34.168028
420 1318 47.981159
1948 657 70.338304
434 488 8.452913
377 545 10.539804
658 1329 34.168040
1837 1218 38.322453
2097 743 145.464700
385 745 111.526893
48 16 7.841930
1942 1525 118.928846
1719 1524 134.533580
275 881 35.329189
2183 1441 51.314448
388 1633 100.183777
388 1633 100.183777
2158 1633 33.752573
159 1632 104.139744
238 1520 99.135838
68 1466 111.982060
714 1386 33.373708
87 992 62.232987
604 941 18.464985
600 711 8.377795
2053 1948 7.973115
375 1949 90.578028
7 1552 108.220365
714 1495 43.324283
827 1830 59.825575
7 997 77.368383
601 993 20.449430
2073 1470 38.487106
2158 1638 42.255371
430 710 16.091750
2219 879 89.025722
318 654 25.349877
2349 2205 33.588024
127 2238 174.902438
39 23 3.442706
2203 2125 8.335242
714 1609 45.221231
275 1332 59.073058
372 1446 78.962599
2300 823 102.776603
488 767 17.586411
365 1430 55.663360
378 1581 156.208501
422 1317 46.844881
1885 1525 118.804551
235 309 74.267798
712 1160 22.392701
2158 739 79.569607
727 559 9.629684
1932 1934 9.574213
812 1318 26.585337
535 1318 40.273476
2053 657 76.068430
6 488 49.574858
545 545 0.000000
714 1329 32.031151
714 1218 25.317478
439 743 115.787361
283 745 102.495001
0 16 10.573840
27 1525 119.854557
283 1524 118.187826
715 881 17.520161
660 1441 43.427682
199 1633 95.903498
336 1633 93.736181
336 1633 93.736181
391 1632 83.530170
336 1520 85.397418
836 1466 90.907782
1048 1386 20.838704
1049 992 9.959731
997 941 4.207011
937 711 16.769656
1721 1948 20.592395
2309 1949 63.918394
1272 1552 14.351348
1383 1495 5.620987
2334 1830 61.601246
937 997 22.351028
1104 993 8.425529
1190 1470 14.136940
6 1638 118.684564
822 710 5.791200
1105 879 16.832635
823 654 12.562227
2348 2205 29.438851
2334 2238 35.868793
25 23 10.092727
1669 2125 100.551940
1665 1609 4.187916
1387 1332 4.207357
1446 1446 0.000001
1498 823 38.261253
1104 767 17.881970
701 1430 36.303635
887 1581 142.681636
701 1317 30.767531
797 1525 36.211336
181 309 20.609706
1050 1160 13.952442
6 739 72.891270
726 559 9.629423
2132 1934 16.128271
869 1318 22.894527
646 1318 33.590103
768 657 8.374781
658 488 12.607809
600 545 4.203868
1218 1329 8.425595
1163 1218 10.018214
1833 743 163.222445
914 745 9.142824
2348 16 169.426172
2321 1525 65.703349
1300 1524 11.136993
770 881 8.388021
4 1441 100.472687
2349 1633 68.568506
387 1633 104.712654
238 1633 107.438991
2095 1632 104.797110
443 1520 97.740105
7 1466 103.304866
2203 1386 101.917202
714 992 20.969963
604 941 18.464985
62 711 52.125511
275 1948 92.503782
374 1949 92.957914
769 1552 39.448921
657 1495 43.016447
2053 1830 28.497281
714 997 20.970172
2323 993 111.560208
2139 1470 107.636288
1888 1638 117.510924
319 710 26.321747
766 879 8.388025
710 654 4.188064
2291 2205 12.609536
2206 2238 3.564239
5 23 11.291315
2262 2125 16.343651
711 1609 46.503266
716 1332 30.767503
772 1446 35.573082
655 823 9.272974
2053 767 73.698493
870 1430 27.548105
1357 1581 11.257800
672 1317 161.776295
2349 1525 75.640234
160 309 71.353116
938 1160 16.847721
1943 739 160.582709
560 559 5.475661
2087 1934 15.611058
4 1318 91.619627
1372 1318 9.901261
4 657 61.539907
490 488 10.544039
324 545 14.047873
2334 1329 85.546853
768 1218 25.543873
520 743 13.666540
2139 745 132.913078
24 16 20.696691
62 1525 118.920218
27 1524 119.992919
2323 881 117.119837
2158 1441 107.047661
2321 1633 55.880616
328 1633 131.330570
2023 1633 23.369824
388 1632 95.775042
239 1520 94.426285
335 1466 94.016755
768 1386 34.322242
540 992 33.442905
714 941 21.674930
2323 711 125.736181
490 1948 77.561249
2334 1949 47.668810
87 1552 89.227003
882 1495 34.274556
548 1830 74.287725
716 997 14.512548
2300 993 92.089013
328 1470 142.282624
1470 1638 9.143203
2318 710 109.195517
485 879 22.802846
320 654 20.540017
86 2205 132.888445
2323 2238 28.692341
2286 23 154.346314
2218 2125 64.198639
715 1609 46.503290
7 1332 94.312361
658 1446 46.481764
771 823 21.569788
2334 767 114.885260
1315 1430 17.876867
234 1581 137.192581
755 1317 32.031055
2349 1525 75.640234
2323 309 135.620847
7 1160 88.515238
2053 739 145.711557
390 559 10.539748
26 1934 121.102967
869 1318 22.894527
700 1318 32.031124
2233 657 139.323418
46 488 42.515514
87 545 41.727048
2262 1329 103.027643
712 1218 26.829166
552 743 119.326505
384 745 113.360177
4 16 14.015889
1719 1525 133.274688
2349 1524 75.350337
882 881 6.243536
87 1441 85.111078
1465 1633 9.143210
27 1633 125.078268
1242 1633 19.909617
1353 1632 14.512630
62 1520 125.713123
1129 1466 17.692366
1554 1386 9.037560
881 992 8.408928
2334 941 99.510395
62 711 52.125511
768 1948 66.869318
2054 1949 7.686031
1607 1552 4.189037
1554 1495 15.541806
2158 1830 88.735010
828 997 8.955574
2334 993 101.753208
740 1470 37.381085
378 1638 160.582703
542 710 9.629501
1384 879 26.538468
822 654 9.272976
2128 2205 7.274901
2205 2238 5.201422
1 23 13.038202
0 2125 142.930393
87 1609 94.225602
62 1332 89.537495
1390 1446 4.202356
62 823 57.732470
2323 767 122.722011
813 1430 30.541001
1524 1581 4.191436
1149 1317 8.815752
27 1525 119.854557
527 309 16.045223
27 1160 76.608668
4 739 71.866347
27 559 60.464106
531 1934 78.673101
784 1318 163.208518
1093 1318 12.682491
2334 657 118.655719
713 488 13.666752
434 545 8.487384
62 1329 84.119195
1554 1218 16.741598
1470 743 37.381085
2306 745 97.892743
39 16 22.433509
1357 1525 8.956028
1357 1524 8.955705
937 881 4.202179
2185 1441 59.202722
2139 1633 101.325405
196 1633 109.834614
2118 1633 30.879709
387 1632 100.184479
196 1520 101.605308
1772 1466 132.990821
768 1386 34.322242
372 992 39.032002
658 941 25.699222
600 711 8.377795
46 1948 115.289285
2078 1949 89.096054
660 1552 51.345388
2005 1495 48.685244
274 1830 84.479691
2219 997 72.877593
660 993 25.138396
1997 1470 116.853514
1942 1638 111.526893
485 710 13.666752
540 879 25.092103
225 654 30.843338
2300 2205 47.191047
2300 2238 43.579853
5 23 11.291315
2218 2125 64.198639
1947 1609 22.203815
657 1332 38.479060
2149 1446 53.015273
657 823 12.562170
2053 767 73.698493
422 1430 52.020602
1889 1581 122.282009
391 1317 145.338541
1942 1525 118.928846
218 309 7.740153
1947 1160 45.288911
1719 739 173.955709
783 559 12.116901
1987 1934 14.344231
421 1318 46.844881
532 1318 41.657550
602 657 9.123555
323 488 10.610720
376 545 10.539806
2054 1329 45.964452
1724 1218 29.923370
378 743 115.521550
2047 745 128.640316
25 16 18.190942
1889 1525 125.068075
1998 1524 117.563085
1863 881 154.416032
275 1441 62.853109
285 1633 100.401051
285 1633 100.401051
2212 1633 94.188491
239 1632 99.095673
443 1520 97.740105
2212 1466 102.474439
826 1386 27.582507
2300 992 93.842509
490 941 29.627021
320 711 26.129842
2318 1948 38.696566
2277 1949 31.979259
2321 1552 80.472382
712 1495 39.499238
1668 1830 31.830792
2053 997 57.680246
714 993 16.941385
2158 1470 48.732344
235 1638 140.397714
374 710 19.417600
62 879 59.770084
320 654 20.540017
2317 2205 42.399581
96 2238 176.424848
29 23 21.945673
2219 2125 64.382573
712 1609 45.221230
1863 1332 136.829709
2004 1446 31.696893
87 823 53.336882
712 767 9.465784
590 1430 42.325360
2097 1581 107.768793
590 1317 37.814577
1886 1525 121.227866
87 309 36.092858
599 1160 29.095190
2185 739 123.710806
783 559 12.116901
758 1934 61.353399
701 1318 30.767526
591 1318 37.814594
2300 657 108.587912
2309 488 133.167649
321 545 19.562262
712 1329 30.767533
712 1218 26.829166
605 743 127.679569
441 745 115.787358
23 16 19.384245
2285 1525 53.311005
551 1524 139.318693
602 881 17.183150
601 1441 42.325359
287 1633 91.705859
335 1633 98.093909
447 1633 87.590113
285 1632 96.569911
285 1520 92.073668
1164 1466 136.402953
1330 1386 4.207509
1107 992 19.957637
1220 941 16.733809
935 711 11.412102
1835 1948 8.588863
2334 1949 47.668810
1273 1552 16.861217
1161 1495 20.886922
2158 1830 88.735010
1273 997 26.280152
1385 993 19.458839
1077 1470 19.501699
4 1638 114.451657
766 710 4.188687
823 879 4.196926
879 654 13.081856
2317 2205 42.399581
2258 2238 39.722402
2335 23 170.000836
1891 2125 85.410538
1385 1609 11.411995
1385 1332 16.083190
1445 1446 6.242950
1665 823 43.016065
881 767 13.565520
924 1430 26.537997
1077 1581 25.135986
758 1317 28.399489
1413 1525 5.620987
2172 309 110.313208
1162 1160 12.857206
4 739 71.866347
503 559 4.227087
420 1934 81.384806
701 1318 30.767526
700 1318 32.031124
937 657 14.714423
825 488 19.132553
768 545 13.425750
1050 1329 16.720714
1049 1218 8.800932
688 743 4.187854
968 745 12.961381
2317 16 156.677540
4 1525 109.402026
1189 1524 17.770601
1499 881 34.274595
26 1441 91.815895
2285 1633 49.143934
555 1633 104.105389
237 1633 112.313516
6 1632 115.826432
335 1520 89.730140
2313 1466 87.834292
26 1386 90.204303
660 992 29.898580
658 941 25.699222
2334 711 117.277189
2300 1948 38.264132
375 1949 90.578028
659 1552 48.610133
1385 1495 13.686535
275 1830 85.527323
938 997 16.083520
2233 993 122.664420
2053 1470 116.406619
1525 1638 8.378816
428 710 20.999704
657 879 16.751428
428 654 16.845681
2129 2205 7.430828
146 2238 126.676157
16 23 19.384245
2348 2125 38.017646
656 1609 48.676727
884 1332 21.987306
884 1446 30.347999
654 823 12.562227
2219 767 94.276987
532 1430 47.009204
1691 1581 13.261030
701 1317 30.767531
2306 1525 56.726584
334 309 85.399230
601 1160 29.095210
1946 739 154.749425
392 559 12.798311
311 1934 92.503850
6 1318 99.275993
811 1318 33.575946
7 657 62.949176
489 488 5.274739
601 545 4.203862
2309 1329 92.363962
547 1218 34.857512
1413 743 35.674438
7 745 72.408315
2281 16 154.346314
328 1525 143.155947
2262 1524 53.336912
2233 881 128.088652
2321 1441 85.041849
26 1633 125.736189
2321 1633 55.880616
7 1633 111.488266
335 1632 94.041753
284 1520 96.678983
443 1466 103.461946
769 1386 31.899634
882 992 13.785980
662 941 14.714364
2233 711 133.749842
599 1948 76.260408
2300 1949 36.694813
275 1552 68.984330
881 1495 31.834610
604 1830 73.016935
715 997 16.941495
7 993 79.991732
7 1470 106.245450
775 1638 152.864111
2334 710 118.244032
654 879 13.081856
321 654 20.104144
85 2205 130.202400
2317 2238 38.219341
5 23 11.291315
2203 2125 8.335242
600 1609 51.206711
6 1332 91.619629
1669 1446 13.081771
712 823 8.379310
62 767 54.219391
1091 1430 24.991885
1863 1581 20.940572
590 1317 37.814577
2285 1525 53.311005
2285 309 131.667424
150 1160 60.764097
2097 739 149.671388
392 559 12.798311
23 1934 123.037424
870 1318 21.987306
590 1318 36.781326
2323 657 128.719486
2349 488 122.872592
7 545 56.790275
2349 1329 79.712469
660 1218 30.745294
719 743 128.689012
494 745 122.432899
62 16 23.570552
663 1525 145.955313
2306 1524 56.631199
881 881 0.000001
275 1441 62.853109
1520 1633 8.378816
2306 1633 52.009702
1411 1633 16.770190
1522 1632 13.423189
6 1520 110.068757
1131 1466 17.691998
1664 1386 20.943126
934 992 9.901239
2158 941 118.684248
2185 711 95.851661
937 1948 55.689996
1837 1949 6.960000
1497 1552 9.605132
1609 1495 13.423289
2271 1830 35.948206
1052 997 4.211916
2158 993 128.219726
965 1470 24.959016
2097 1638 103.819220
486 710 12.457198
1049 879 17.877176
372 654 18.261843
2239 2205 9.878025
2129 2238 10.606782
12 23 5.171014
4 2125 140.471867
4 1609 109.369113
1863 1332 136.829709
1782 1446 17.813998
2309 823 114.035313
2317 767 101.122481
869 1430 28.274100
1582 1581 6.060951
869 1317 21.987306
2317 1525 84.230013
217 309 7.413729
2306 1160 106.766918
62 739 84.184509
896 559 18.763947
1597 1934 20.150517
868 1318 25.422647
812 1318 26.585337
87 657 47.532793
599 488 8.426280
657 545 6.211202
2309 1329 92.363962
1553 1218 17.881779
1301 743 30.566989
27 745 78.903137
2350 16 169.426172
1525 1525 0.000000
1636 1524 5.791007
882 881 6.243536
4 1441 100.472687
2118 1633 30.879709
333 1633 107.256434
378 1633 146.875942
555 1632 98.939529
443 1520 97.740105
236 1466 112.582767
1724 1386 21.202836
715 992 25.858438
714 941 21.674930
602 711 18.410860
53 1948 142.692901
2219 1949 23.407061
1836 1552 29.812862
1947 1495 33.484948
2053 1830 28.497281
2183 997 67.937280
714 993 16.941385
1889 1470 127.631208
1890 1638 119.284955
373 710 20.151114
2148 879 94.759361
226 654 28.465664
2334 2205 38.608998
2334 2238 35.868793
28 23 19.941894
2183 2125 67.444860
2004 1609 32.098559
2004 1332 38.505672
2059 1446 43.261871
600 823 13.234227
1921 767 141.743218
391 1430 148.688920
1997 1581 113.095193
421 1317 46.459803
1777 1525 131.711347
285 309 81.931398
657 1160 25.566268
551 739 108.982106
952 559 22.452285
2088 1934 13.463894
265 1318 57.264892
924 1318 21.458304
321 657 24.642130
545 488 4.226722
547 545 10.945892
1836 1329 33.691018
488 1218 38.654374
2158 743 85.855955
2046 745 123.763147
32 16 11.381556
1777 1525 131.711347
1834 1524 127.117531
1921 881 146.576104
1921 1441 122.672305
443 1633 106.053911
443 1633 106.053911
234 1633 127.148831
387 1632 100.184479
335 1520 89.730140
234 1466 122.212546
660 1386 37.552231
2334 992 102.784241
548 941 22.452289
540 711 21.998075
2321 1948 53.410639
488 1949 82.127173
2158 1552 102.809964
660 1495 50.553641
716 1830 67.941961
150 997 61.181444
771 993 16.791553
2212 1470 97.379887
2097 1638 103.819220
269 710 33.765822
2053 879 68.366873
657 654 17.409546
2262 2205 21.293683
126 2238 179.999909
14 23 14.158673
2300 2125 52.905739
660 1609 50.248329
1921 1332 133.154678
1895 1446 25.128200
275 823 33.947540
486 767 15.639518
700 1430 37.381034
2139 1581 103.224114
646 1317 34.168028
1997 1525 115.087703
2023 309 125.592154
714 1160 25.655597
2258 739 89.664275
1399 559 42.680464
1765 1934 12.798083
532 1318 41.657550
313 1318 53.704770
1863 657 163.212781
2185 488 104.607150
547 545 10.945892
660 1329 38.479060
599 1218 34.780764
1943 743 151.030049
718 745 134.779016
2350 16 169.426172
2349 1525 75.640234
718 1524 143.281546
600 881 14.963901
712 1441 36.303641
284 1633 105.030265
447 1633 87.590113
335 1633 98.093909
336 1632 89.862907
126 1520 96.707089
780 1466 94.552030
1162 1386 10.981007
939 992 22.350724
1054 941 8.418688
1273 711 30.567028
1779 1948 12.797878
2219 1949 23.407061
1218 1552 20.932436
1160 1495 17.770420
235 1830 101.501255
882 997 19.720768
881 993 5.560901
1358 1470 5.560799
23 1638 108.950816
991 710 14.512404
880 879 6.243541
825 654 22.722657
2323 2205 29.925155
2300 2238 43.579853
2304 23 165.458705
1949 2125 84.800124
1496 1609 8.379232
827 1332 25.017612
999 1446 22.894561
935 823 5.620902
1273 767 29.529980
758 1430 33.245203
857 1581 45.930322
532 1317 40.273471
1359 1525 12.604541
2207 309 109.180583
1217 1160 4.215874
87 739 88.521741
447 559 6.658498
1878 1934 4.329676
534 1318 39.801305
365 1318 50.110220
769 657 5.905699
826 488 21.566757
656 545 8.392835
1498 1329 12.604490
1161 1218 4.215870
1668 743 175.812068
803 745 9.465975
2323 16 168.618242
23 1525 104.313778
1414 1524 13.686449
1385 881 24.959559
6 1441 97.902604
2306 1633 52.009702
385 1633 114.036613
384 1633 118.788358
2309 1632 65.830269
336 1520 85.397418
6 1466 108.169800
6 1386 94.662763
488 992 26.799525
826 941 19.541586
7 711 67.019640
87 1948 117.840539
658 1949 70.338414
657 1552 45.281408
1609 1495 13.423289
2023 1830 99.688738
939 997 9.901437
2317 993 87.923157
2097 1470 112.804107
1470 1638 9.143203
712 710 11.883969
540 879 25.092103
542 654 6.211202
2237 2205 3.760386
2190 2238 56.278669
11 23 3.516692
2233 2125 14.778428
770 1609 41.981806
718 1332 34.419412
887 1446 28.274206
485 823 21.566752
2334 767 114.885260
758 1430 33.245203
1580 1581 6.060041
812 1317 25.017635
2285 1525 53.311005
473 309 10.794597
713 1160 23.251502
2050 739 153.085969
393 559 16.400660
1821 1934 8.589061
26 1318 88.414734
1484 1318 12.604423
26 657 52.922668
324 488 11.592465
375 545 12.798223
2185 1329 64.168403
770 1218 22.200606
742 743 5.943783
2321 745 109.195517
32 16 11.381556
2321 1525 65.703349
2285 1524 53.261515
2317 881 93.421518
2118 1441 112.548939
87 1633 134.771922
2023 1633 23.369824
2321 1633 55.880616
96 1632 104.295230
499 1520 94.314094
336 1466 89.399692
770 1386 30.616417
766 992 16.791557
604 941 18.464985
2317 711 103.436855
712 1948 68.472800
2219 1949 23.407061
7 1552 108.220365
1330 1495 17.780810
491 1830 75.894348
885 997 5.560901
2334 993 101.753208
2321 1470 69.106259
1525 1638 8.378816
62 710 50.691055
542 879 18.763833
370 654 24.785034
2266 2205 7.339762
2285 2238 30.451434
0 23 8.848119
2249 2125 60.922052
769 1609 41.981805
2334 1332 82.286525
712 1446 50.082919
599 823 11.835403
6 767 65.611272
812 1430 31.834043
2158 1581 41.145162
1260 1317 4.211369
2306 1525 56.726584
2317 309 148.767083
2334 1160 94.167757
1863 739 62.228833
393 559 16.400660
4 1934 125.161324
756 1318 30.444031
535 1318 40.273476
2317 657 104.890053
53 488 71.266704
2334 545 124.752682
2323 1329 95.137120
771 1218 23.081947
1357 743 34.419407
496 745 119.900958
2313 16 164.967036
1834 1525 128.186680
2285 1524 53.261515
935 881 9.822702
7 1441 101.839123
1746 1633 8.377946
2285 1633 49.143934
1187 1633 25.656229
1519 1632 8.379517
7 1520 105.007609
1244 1466 16.832494
1553 1386 12.587458
1272 992 14.048815
26 941 71.840822
2309 711 119.589564
1104 1948 51.693112
1780 1949 12.798166
1608 1552 4.188966
1611 1495 24.885567
378 1830 80.203525
827 997 12.604321
26 993 69.958289
1190 1470 14.136940
2334 1638 65.918013
599 710 8.377852
1161 879 21.047439
657 654 17.409546
2170 2205 7.028255
2237 2238 5.097556
2344 23 173.771266
2344 2125 39.528169
2334 1609 71.049420
1921 1332 133.154678
1726 1446 14.964219
2185 823 90.663045
2262 767 126.879986
1542 1430 5.697001
1414 1581 12.587508
980 1317 17.631500
2306 1525 56.726584
360 309 5.167215
10 1160 95.658317
23 739 68.154222
2306 559 119.374326
589 1934 70.497589
923 1318 29.153122
699 1318 38.479292
4 657 61.539907
544 488 4.226665
546 545 5.475318
2053 1329 43.438388
1556 1218 20.932377
629 743 13.079525
53 745 57.453280
32 16 11.381556
1638 1525 8.378816
1525 1524 6.160746
883 881 12.485956
87 1441 85.111078
378 1633 146.875942
1937 1633 111.526923
2139 1633 101.325405
441 1632 110.944552
1826 1520 127.117534
498 1466 105.638452
769 1386 31.899634
545 992 24.128997
1724 941 39.904923
545 711 12.572545
2349 1948 45.286816
2299 1949 33.177199
714 1552 44.710911
1834 1495 25.098802
2183 1830 39.328773
1863 997 151.932048
433 993 30.033397
1886 1470 122.672423
2050 1638 107.415559
374 710 19.417600
1895 879 70.841570
371 654 21.119708
2219 2205 55.860465
2219 2238 51.463604
12 23 5.171014
2249 2125 60.922052
1834 1609 13.666564
376 1332 54.103782
1895 1446 25.128200
2148 823 95.445456
275 767 32.088415
365 1430 55.663360
1775 1581 127.472835
364 1317 50.110222
1775 1525 129.401994
238 309 78.038077
602 1160 30.985803
1635 739 44.785702
727 559 9.629684
531 1934 78.673101
313 1318 53.704770
312 1318 54.318628
2005 657 78.641787
602 488 12.669988
434 545 8.487384
660 1329 38.479060
1780 1218 31.297562
2023 743 74.507514
551 745 125.234761
61 16 25.653779
1945 1525 121.588014
1833 1524 128.186634
2183 881 77.616513
2219 1441 58.710497
442 1633 110.943779
442 1633 110.943779
2073 1633 27.835393
498 1632 102.573396
336 1520 85.397418
2073 1466 35.723593
712 1386 35.674507
7 992 80.724010
714 941 21.674930
596 711 18.410846
2300 1948 38.264132
2299 1949 33.177199
2028 1552 111.731066
771 1495 42.312001
772 1830 63.861778
2219 997 72.877593
660 993 25.138396
234 1470 134.997013
2118 1638 35.202477
486 710 12.457198
2203 879 114.754610
768 654 13.261036
2323 2205 29.925155
2291 2238 7.769593
13 23 9.998923
2218 2125 64.198639
771 1609 42.911008
2300 1332 71.350581
1948 1446 29.258456
2334 823 111.564471
601 767 17.180226
645 1430 39.648968
2118 1581 34.860791
755 1317 32.031055
1943 1525 120.391002
93 309 60.734265
485 1160 39.231247
7 739 68.512035
839 559 15.268678
534 1934 73.457808
757 1318 28.399489
645 1318 34.168028
1921 657 154.770332
2053 488 85.918957
657 545 6.211202
771 1329 30.444071
660 1218 30.745294
1777 743 163.012215
552 745 123.867645
24 16 20.696691
2306 1525 56.726584
1719 1524 134.533580
770 881 8.388021
599 1441 43.230014
197 1633 104.975988
1243 1633 21.776906
126 1633 104.589394
2151 1632 54.498874
447 1520 79.212220
285 1466 95.887809
1106 1386 14.078482
1274 992 21.071376
1276 941 17.646768
1106 711 25.096902
1611 1948 20.150420
2300 1949 36.694813
992 1552 27.684206
1049 1495 25.467719
2053 1830 28.497281
1441 997 33.688189
1216 993 12.682483
1306 1470 29.673295
7 1638 115.155645
881 710 17.520090
824 879 9.724209
1105 654 29.279185
2262 2205 21.293683
62 2238 138.206212
5 23 11.291315
1948 2125 83.919153
1330 1609 14.512697
1106 1332 16.856974
1221 1446 12.740362
1664 823 42.095056
935 767 9.038126
534 1430 45.362104
1357 1581 11.257800
812 1317 25.017635
1189 1525 16.601994
112 309 19.291935
1385 1160 12.704399
26 739 80.416632
614 559 4.203696
476 1934 77.561307
1373 1318 4.207459
1261 1318 4.211338
1330 657 34.168040
771 488 20.940060
659 545 12.881513
1273 1329 4.211380
1276 1218 16.259884
827 743 141.005802
1302 745 33.647729
2262 16 164.883295
7 1525 108.701289
1468 1524 4.197095
882 881 6.243536
2334 1441 80.060982
2317 1633 74.200808
1688 1633 9.304445
332 1633 111.999291
7 1632 110.757222
445 1520 88.196628
2212 1466 102.474439
2158 1386 106.982400
826 992 17.780592
601 941 29.720060
6 711 62.449148
2203 1948 75.852361
599 1949 78.756767
884 1552 41.784887
1330 1495 17.780810
328 1830 90.719309
997 997 0.000001
2262 993 119.165016
2321 1470 69.106259
551 1638 152.731953
654 710 4.188064
822 879 4.196930
319 654 22.394382
2223 2205 56.521601
61 2238 135.705994
0 23 8.848119
2232 2125 19.335606
598 1609 54.126326
602 1332 37.814544
885 1446 28.273979
543 823 15.268557
1863 767 150.186803
534 1430 45.362104
1776 1581 128.570025
587 1317 41.657678
2317 1525 84.230013
360 309 5.167215
771 1160 25.046931
2052 739 149.083772
390 559 10.539748
532 1934 74.876187
2334 1318 91.817880
1316 1318 12.724681
275 657 23.749644
658 488 12.607809
489 545 4.226716
26 1329 86.286662
769 1218 23.081946
1468 743 42.358223
62 745 74.027143
2304 16 160.531602
2118 1525 38.457730
2232 1524 47.618894
2262 881 124.608524
26 1441 91.815895
93 1633 121.867031
378 1633 146.875942
2118 1633 30.879709
447 1632 83.372917
360 1520 109.471641
442 1466 108.488903
827 1386 28.305771
881 992 8.408928
938 941 18.929328
2262 711 130.584177
660 1948 67.252721
2053 1949 10.681553
2053 1552 35.323173
1385 1495 13.686535
435 1830 77.857708
659 997 21.085577
275 993 40.883200
2118 1470 42.093681
663 1638 153.432189
6 710 62.967840
655 879 11.602796
371 654 21.119708
115 2205 131.991365
2262 2238 22.499321
28 23 19.941894
2185 2125 67.655074
770 1609 41.981806
26 1332 88.935974
1333 1446 8.408482
823 823 0.000000
7 767 70.292341
980 1430 25.422559
2212 1581 93.549466
1317 1317 0.000001
2232 1525 46.824040
2306 309 133.706543
6 1160 84.341686
328 739 102.900240
1792 559 63.468701
2321 1934 61.054380
588 1318 37.814572
313 1318 53.704770
2262 657 135.904542
2233 488 147.393119
1863 545 166.181730
2232 1329 108.169765
938 1218 14.078090
606 743 125.873862
605 745 129.170399
93 16 13.940590
1357 1525 8.956028
2232 1524 47.618894
711 881 12.572850
2053 1441 38.143162
1410 1633 12.961291
2262 1633 53.456723
1409 1633 11.411995
1410 1632 16.769484
2258 1520 49.887154
1130 1466 16.503401
1556 1386 12.587309
822 992 12.604169
23 941 85.215921
2203 711 123.710611
1385 1948 35.150640
2145 1949 15.426173
1666 1552 13.261088
1385 1495 13.686535
2313 1830 44.440519
1444 997 22.894561
23 993 83.398689
743 1470 37.381085
2053 1638 108.213595
541 710 12.572600
1270 879 19.501854
598 654 4.192322
2265 2205 7.589052
2170 2238 7.132507
2340 23 164.131875
1981 2125 13.231594
26 1609 100.724127
6 1332 91.619629
1613 1446 9.143203
26 823 60.693115
2306 767 125.929306
1091 1430 24.991885
1527 1581 15.542352
1091 1317 16.720525
2262 1525 51.993963
472 309 11.894463
2285 1160 110.138301
6 739 72.891270
1067 559 37.623341
363 1934 88.980996
1147 1318 22.129066
1542 1318 11.257800
2300 657 108.587912
488 488 0.000000
602 545 8.920493
4 1329 94.941398
1330 1218 5.483798
574 743 12.572668
2285 745 94.689600
4 16 14.015889
1301 1525 11.136993
1635 1524 8.378816
1330 881 22.894545
26 1441 91.815895
2097 1633 103.631964
1938 1633 113.360350
62 1633 130.511837
308 1632 112.557184
1717 1520 134.533580
330 1466 118.073513
827 1386 28.305771
321 992 38.505225
603 941 21.203322
659 711 20.763052
2233 1948 75.169040
2053 1949 10.681553
490 1552 56.426518
1893 1495 37.751432
2097 1830 19.165592
2300 997 86.008780
603 993 25.266093
1775 1470 131.010527
1997 1638 107.710369
1870 710 112.738622
657 879 16.751428
540 654 12.881439
62 2205 136.792831
68 2238 164.504945
0 23 8.848119
2166 2125 4.113946
2055 1609 35.369839
715 1332 30.767512
2005 1446 32.005330
1895 823 71.056980
2183 767 86.880188
478 1430 48.719573
1886 1581 119.507521
220 1317 60.827450
1945 1525 121.588014
417 309 7.463393
1891 1160 41.004714
1891 739 155.051617
242 559 22.343399
1820 1934 12.232742
589 1318 36.781321
477 1318 43.170215
2055 657 79.922794
546 488 8.696595
546 545 5.475318
712 1329 30.767533
601 1218 31.318955
2118 743 79.425632
329 745 111.705541
2304 16 160.531602
1997 1525 115.087703
551 1524 139.318693
2300 881 97.441604
1863 1441 129.038770
332 1633 111.999291
125 1633 109.487818
2178 1633 97.973314
555 1632 98.939529
196 1520 101.605308
2178 1466 106.653711
490 1386 45.830905
275 992 41.532936
491 941 26.584892
659 711 20.763052
2219 1948 25.219917
2054 1949 7.686031
26 1552 96.902545
599 1495 45.038897
1609 1830 20.952255
2321 997 101.317600
713 993 14.512403
1863 1470 22.803067
2023 1638 32.098393
599 710 8.377852
1863 879 146.475608
370 654 24.785034
2285 2205 30.465912
2237 2238 5.097556
0 23 8.848119
1921 2125 18.790607
488 1609 57.567362
2183 1332 52.174941
1757 1446 132.505795
2053 823 69.973628
658 767 18.757067
1261 1430 8.891745
2023 1581 29.852042
1035 1317 20.832873
1775 1525 129.401994
26 309 39.297341
660 1160 33.411922
2334 739 106.974586
1344 559 40.273534
423 1934 80.110159
312 1318 54.318628
700 1318 32.031124
62 657 51.808656
2203 488 137.158439
600 545 4.203868
599 1329 37.814572
771 1218 23.081947
1775 743 152.732094
330 745 110.695173
25 16 18.190942
2232 1525 46.824040
775 1524 140.257849
769 881 5.697098
771 1441 35.573151
338 1633 85.639571
126 1633 104.589394
779 1633 100.128641
2129 1632 80.904513
2151 1520 59.247691
390 1466 87.611598
1273 1386 8.418657
993 992 6.362501
1107 941 17.950171
1385 711 35.674471
1892 1948 4.329548
2183 1949 17.827379
1442 1552 13.565484
1274 1495 21.930848
2309 1830 62.836535
1498 997 29.472066
937 993 4.207234
857 1470 37.638418
1863 1638 13.666712
768 710 9.465875
1049 879 17.877176
1049 654 29.336827
2306 2205 30.018664
26 2238 146.761265
41 23 11.422326
1723 2125 95.574686
1499 1609 13.423367
1556 1332 11.257800
1387 1446 15.939987
1385 823 30.372314
1385 767 34.322239
812 1430 31.834043
941 1581 150.873901
533 1317 39.801305
1412 1525 8.398787
200 309 73.103393
1442 1160 16.760282
2346 739 107.108666
560 559 5.475661
1988 1934 9.811545
758 1318 27.684404
645 1318 34.168028
1498 657 43.016466
601 488 8.426333
881 545 17.813998
883 1329 25.422695
936 1218 16.733750
1670 743 165.015727
690 745 4.187868
2306 16 166.502730
62 1525 118.920218
909 1524 30.541572
937 881 4.202179
23 1441 105.050983
2232 1633 46.766294
497 1633 112.738755
439 1633 125.949234
2321 1632 55.198826
665 1520 105.514871
23 1466 105.421559
2334 1386 81.221313
603 992 29.296314
548 941 22.452289
2318 711 107.790092
7 1948 127.446014
489 1949 80.203147
1498 1552 15.541806
882 1495 34.274556
2073 1830 96.049632
886 997 8.408549
2306 993 114.963035
2118 1470 42.093681
688 1638 48.676763
658 710 20.763047
935 879 4.202179
823 654 12.562227
2151 2205 63.195058
113 2238 128.536311
21 23 9.998919
2323 2125 29.924622
372 1609 70.758569
885 1332 22.894659
716 1446 37.381079
542 823 17.359328
275 767 32.088415
812 1430 31.834043
1470 1581 8.388227
924 1317 19.458435
2232 1525 46.824040
555 309 98.496684
660 1160 33.411922
2098 739 148.445303
506 559 19.061748
2131 1934 17.325696
2185 1318 98.251854
1260 1318 9.959740
2334 657 118.655719
375 488 8.589366
658 545 8.392889
2203 1329 100.916083
827 1218 21.549939
662 743 129.752052
2023 745 80.028576
39 16 22.433509
2053 1525 113.117548
2306 1524 56.631199
2306 881 120.523340
2334 1441 80.060982
328 1633 131.330570
93 1633 121.867031
93 1633 121.867031
126 1632 101.918101
554 1520 101.269931
386 1466 106.259706
772 1386 31.899573
822 992 12.604169
661 941 14.714364
2306 711 129.010935
433 1948 82.639137
2318 1949 37.616482
1863 1552 121.624311
937 1495 30.372389
436 1830 80.102347
828 997 8.955574
4 993 78.601388
2139 1470 107.636288
551 1638 152.731953
7 710 67.767800
653 879 16.751493
225 654 30.843338
60 2205 131.474494
2306 2238 29.401707
1 23 13.038202
1921 2125 18.790607
827 1609 40.975415
150 1332 74.179870
939 1446 29.442752
825 823 12.319037
2309 767 115.923802
813 1430 30.541001
68 1581 123.151985
1429 1317 5.560799
2296 1525 90.085308
10 309 36.841160
26 1160 77.790637
2139 739 145.967202
447 559 6.658498
2158 1934 75.737125
758 1318 27.684404
645 1318 34.168028
91 657 41.850080
2232 488 150.275207
1921 545 157.972177
53 1329 113.835223
713 1218 25.317478
716 743 134.779152
550 745 125.931492
2185 16 139.532505
718 1525 149.214097
2296 1524 90.165013
937 881 4.202179
2334 1441 80.060982
1468 1633 17.520780
2317 1633 74.200808
1358 1633 31.202210
1631 1632 5.943770
2158 1520 39.598970
1075 1466 21.488417
2286 1386 99.117116
1330 992 20.832596
87 941 71.049930
150 711 37.711663
882 1948 57.526834
1668 1949 18.261555
1718 1552 12.560412
1556 1495 27.623763
2118 1830 92.550797
1556 997 28.399401
4 993 78.601388
1301 1470 8.891660
2162 1638 33.712409
653 710 9.305297
1382 879 24.959560
711 654 9.305292
2204 2205 5.060073
2311 2238 10.604465
2345 23 168.708649
1667 2125 97.654505
2313 1609 60.039145
2158 1332 106.034516
1332 1446 13.785849
4 823 69.307956
2285 767 129.116676
870 1430 27.548105
1356 1581 12.866297
1315 1317 9.959512
2232 1525 46.824040
361 309 3.719651
53 1160 105.983095
2185 739 123.710806
2285 559 119.094649
927 1934 53.120865
754 1318 37.718116
1091 1318 21.071141
7 657 62.949176
826 488 21.566757
323 545 14.194136
2158 1329 112.430039
1611 1218 21.776866
684 743 20.763047
10 745 60.920389
0 16 10.573840
1694 1525 9.272511
1579 1524 9.605307
769 881 5.697098
2313 1441 67.864426
62 1633 130.511837
238 1633 107.438991
2073 1633 27.835393
1771 1632 125.234564
442 1520 102.654484
663 1466 124.674475
770 1386 30.616417
768 992 11.257998
488 941 37.722116
1950 711 76.506425
2232 1948 74.838567
2028 1949 92.076120
1724 1552 27.829831
2055 1495 47.134017
2023 1830 99.688738
1921 997 149.966214
1892 993 49.816348
439 1470 142.489755
1945 1638 115.521590
2007 710 91.330782
2057 879 82.332510
370 654 24.785034
2185 2205 59.840036
2053 2238 57.812228
13 23 9.998923
2055 2125 77.989468
1950 1609 33.123922
1947 1332 33.716759
320 1446 78.300483
1949 823 68.408925
1863 767 150.186803
364 1430 56.291705
1777 1581 128.941000
645 1317 33.590103
1832 1525 128.186613
262 309 5.412388
659 1160 29.750288
1999 739 156.484036
1736 559 60.722697
639 1934 81.605115
535 1318 40.273476
479 1318 44.017632
659 657 11.612087
547 488 13.818174
657 545 6.211202
714 1329 32.031151
658 1218 28.106305
2073 743 75.782774
2045 745 118.849155
60 16 27.395591
1775 1525 129.401994
1635 1524 8.378816
2219 881 84.548403
2300 1441 70.948096
158 1633 112.210239
386 1633 109.337081
2118 1633 30.879709
240 1632 94.720040
445 1520 88.196628
62 1466 121.482048
599 1386 43.606560
2185 992 81.748148
658 941 25.699222
769 711 9.465794
2299 1948 34.257237
324 1949 90.280149
2078 1552 105.945918
713 1495 40.975572
770 1830 58.375839
2158 997 117.880870
488 993 26.799536
1974 1470 28.174481
1863 1638 13.666712
373 710 20.151114
275 879 37.507444
225 654 30.843338
2306 2205 30.018664
2311 2238 10.604465
6 23 15.063085
150 2125 146.114693
599 1609 52.320752
2219 1332 58.054802
657 1446 50.134724
1863 823 150.671338
374 767 22.505166
535 1430 45.779492
2053 1581 109.708092
1260 1317 4.211369
1773 1525 124.388547
2118 309 127.702756
486 1160 36.862587
2178 739 142.287896
673 559 12.882127
2041 1934 7.973233
533 1318 40.273465
589 1318 36.781321
2183 657 88.799986
2300 488 118.457150
659 545 12.881513
713 1329 30.767532
938 1218 14.078090
1889 743 158.999910
1776 745 147.339695
13 16 14.158671
2296 1525 90.085308
719 1524 137.339229
772 881 19.321746
938 1441 26.538029
239 1633 102.695751
444 1633 101.250986
127 1633 99.993737
96 1632 104.295230
392 1520 75.234505
1000 1466 116.814803
1216 1386 17.950353
1161 992 12.641254
1110 941 8.845704
1047 711 16.927705
1836 1948 6.960000
62 1949 124.013067
1496 1552 4.191548
1384 1495 8.398416
26 1830 111.678380
1442 997 29.152997
992 993 6.362501
1357 1470 8.409209
2258 1638 49.415427
1047 710 18.031658
993 879 13.785985
936 654 20.943348
2285 2205 30.465912
7 2238 159.663925
24 23 6.217835
1894 2125 88.660058
1553 1609 4.189030
1050 1332 16.720594
1052 1446 21.488417
1721 823 46.724761
937 767 17.661166
312 1430 59.827321
1190 1581 21.644694
534 1317 40.273465
1134 1525 19.590324
84 309 21.674468
992 1160 8.815719
2158 739 79.569607
671 559 6.211202
362 1934 90.394454
588 1318 37.814572
531 1318 45.664456
1385 657 36.492552
994 488 28.067837
882 545 18.763831
1217 1329 5.483798
1160 1218 10.018219
1725 743 166.920455
1306 745 28.559290
2285 16 163.937886
87 1525 123.194697
1359 1524 17.781313
1330 881 22.894545
378 1441 56.291718
2296 1633 83.454583
239 1633 102.695751
442 1633 110.943779
2334 1632 60.051405
389 1520 87.395858
2334 1466 69.825993
2258 1386 98.357893
599 992 20.449431
774 941 9.038027
26 711 54.922003
26 1948 122.486708
1949 1949 0.000000
715 1552 47.282901
827 1495 41.773513
235 1830 101.501255
661 997 17.163697
2285 993 118.362327
62 1470 115.291305
663 1638 153.432189
374 710 19.417600
711 879 9.142919
712 654 14.984633
2170 2205 7.028255
2224 2238 52.843797
7 23 16.689809
2316 2125 49.789352
545 1609 54.068827
941 1332 21.458390
999 1446 22.894561
713 823 13.423399
87 767 49.831533
1373 1430 4.201798
1578 1581 18.172483
756 1317 28.399498
2296 1525 90.085308
361 309 3.719651
599 1160 29.095190
1945 739 157.796117
447 559 6.658498
366 1934 83.620296
23 1318 89.321374
365 1318 50.110220
2300 657 108.587912
599 488 8.426280
21 545 67.815775
23 1329 99.577467
772 1218 25.543823
495 743 117.771267
2118 745 83.763514
0 16 10.573840
2139 1525 105.514005
2323 1524 60.006782
2285 881 123.923070
6 1441 97.902604
378 1633 146.875942
87 1633 134.771922
378 1633 146.875942
445 1632 91.995261
198 1520 92.183492
665 1466 113.071039
547 1386 42.680416
937 992 9.901143
658 941 25.699222
2331 711 103.714578
489 1948 78.673081
6 1949 125.123085
2334 1552 75.437279
1498 1495 18.474543
714 1830 62.228940
770 997 21.814500
2053 993 59.311398
2053 1470 116.406619
1719 1638 125.873693
2300 710 110.110172
486 879 21.274688
482 654 21.577251
2280 2205 48.525420
2232 2238 29.198832
17 23 20.075004
2309 2125 20.938980
772 1609 44.711338
2309 1332 96.026524
713 1446 45.952423
485 823 21.566752
2318 767 105.646394
756 1430 35.573117
2334 1581 67.153357
925 1317 19.458436
91 1525 129.754043
2262 309 122.055484
2300 1160 85.062661
62 739 84.184509
449 559 12.451293
2313 1934 35.603693
532 1318 41.657550
591 1318 37.814594
2306 657 132.124626
2323 488 138.240468
4 545 55.373368
2306 1329 98.538143
599 1218 34.780764
1776 743 158.001869
2049 745 138.022108
2 16 10.573840
1635 1525 13.423207
2317 1524 83.304039
656 881 13.081814
1863 1441 129.038770
1467 1633 12.573248
2232 1633 46.766294
1077 1633 37.537365
1243 1632 25.096870
2309 1520 71.344072
1185 1466 14.137165
1668 1386 17.046127
1216 992 10.942608
4 941 79.095019
26 711 54.922003
769 1948 64.721351
2102 1949 11.539441
1551 1552 6.060597
1499 1495 24.625141
62 1830 106.952893
1387 997 21.458801
2309 993 108.349518
1358 1470 5.560799
2321 1638 61.351535
765 710 9.465875
1102 879 12.740755
935 654 17.046495
2086 2205 13.188648
2086 2238 14.320624
5 23 11.291315
2082 2125 8.319363
6 1609 106.341677
2300 1332 71.350581
1671 1446 13.082214
23 823 73.473224
2233 767 129.971080
1540 1430 13.565484
1639 1581 15.284553
1540 1317 12.866560
2233 1525 48.474552
416 309 7.686027
2317 1160 80.307237
7 739 68.512035
955 559 33.729611
422 1934 80.110159
811 1318 33.575946
1486 1318 8.955795
1863 657 163.212781
489 488 5.274739
547 545 10.945892
26 1329 86.286662
1721 1218 25.889507
1135 743 19.909179
2317 745 125.499485
2304 16 160.531602
1636 1525 8.379517
1691 1524 12.562005
992 881 8.408928
2158 1441 107.047661
93 1633 121.867031
443 1633 106.053911
93 1633 121.867031
239 1632 99.095673
96 1520 98.968320
1941 1466 124.336930
600 1386 41.332326
769 992 12.866701
2054 941 60.105712
715 711 23.745849
2323 1948 60.324431
2183 1949 17.827379
826 1552 39.379458
1891 1495 29.284923
2073 1830 96.049632
2185 997 70.824072
2054 993 61.356243
1885 1470 119.898107
1777 1638 125.234633
1952 710 87.418322
596 879 20.924201
184 654 35.223645
68 2205 164.631344
2183 2238 52.047183
26 23 13.860940
2081 2125 4.517627
602 1609 51.206712
1948 1332 33.716752
2009 1446 42.244677
2057 823 82.906794
62 767 54.219391
220 1430 66.785891
1885 1581 117.436339
392 1317 146.282904
1830 1525 125.382806
418 309 9.632146
2055 1160 57.918846
2000 739 154.755390
840 559 17.359373
1877 1934 8.191870
478 1318 43.170219
264 1318 57.803038
600 657 4.192325
229 488 17.830035
600 545 4.203868
1724 1329 29.296102
2003 1218 45.332925
1863 743 57.242696
236 745 102.502961
115 16 29.568625
1890 1525 125.068106
1999 1524 117.948359
62 881 62.892273
2203 1441 95.820474
237 1633 112.313516
335 1633 98.093909
62 1633 130.511837
308 1632 112.557184
391 1520 79.073924
2313 1466 87.834292
603 1386 39.905175
26 992 69.316378
601 941 29.720060
321 711 23.995534
2028 1948 92.596433
433 1949 84.281869
1974 1552 116.939595
938 1495 33.534682
1724 1830 33.247664
2028 997 141.982383
599 993 22.172253
2118 1470 42.093681
2073 1638 31.806051
541 710 12.572600
1921 879 138.051331
482 654 21.577251
2233 2205 22.811498
2223 2238 53.681269
4 23 6.228755
2249 2125 60.922052
713 1609 44.785702
62 1332 89.537495
659 1446 43.427599
7 823 72.766654
826 767 21.569788
313 1430 59.261896
1863 1581 20.940572
535 1317 41.657559
494 1525 146.013286
328 309 77.027081
488 1160 34.849899
62 739 84.184509
1232 559 34.857578
1486 1934 25.208001
423 1318 46.844889
421 1318 46.844881
2219 657 95.518227
2219 488 105.370081
434 545 8.487384
488 1329 43.170219
713 1218 25.317478
494 743 119.900962
719 745 133.497052
4 16 14.015889
91 1525 129.754043
552 1524 133.917495
547 881 21.359830
713 1441 36.303640
334 1633 102.611261
832 1633 113.670637
1164 1633 130.827638
392 1632 79.880446
2150 1520 64.140929
1056 1466 113.120394
1218 1386 8.846190
825 992 12.604095
1275 941 20.838327
1104 711 19.909220
1609 1948 25.250328
26 1949 123.544095
1106 1552 25.543698
1440 1495 4.197332
2258 1830 78.435122
1047 997 35.201522
1217 993 10.942608
887 1470 148.805271
62 1638 122.485103
1104 710 21.776605
1161 879 21.047439
938 654 30.915459
2233 2205 22.811498
2185 2238 55.546147
1721 23 120.013740
1947 2125 82.729339
1664 1609 9.305132
1162 1332 12.641173
1444 1446 12.485769
1496 823 33.802876
1216 767 23.081947
870 1430 27.548105
775 1581 143.713410
477 1317 43.170218
745 1525 46.412655
241 309 77.624739
1048 1160 5.464996
2334 739 106.974586
286 559 17.819914
419 1934 85.414779
924 1318 21.458304
535 1318 40.273476
935 657 17.046452
660 488 21.577175
545 545 0.000000
937 1329 19.458437
994 1218 10.942608
775 743 132.716929
1025 745 14.512341
2233 16 161.308070
2258 1525 53.336912
745 1524 50.104243
1554 881 33.842127
2321 1441 85.041849
2262 1633 53.456723
609 1633 111.242944
662 1633 130.291327
2313 1632 80.185946
442 1520 102.654484
2023 1466 31.696893
2313 1386 72.490484
374 992 34.661532
490 941 29.627021
2309 711 119.589564
2334 1948 48.785048
486 1949 87.043732
828 1552 45.929790
883 1495 37.638894
2185 1830 49.324357
604 997 20.449529
91 993 58.896283
7 1470 106.245450
1719 1638 125.873693
542 710 9.629501
600 879 17.183101
430 654 12.869700
147 2205 127.966776
2171 2238 9.312622
4 23 6.228755
2306 2125 28.040091
767 1609 44.711373
828 1332 25.017600
829 1446 30.540976
824 823 6.160268
2183 767 86.880188
1596 1430 12.573121
1636 1581 4.188858
644 1317 34.168036
2262 1525 51.993963
197 309 74.827417
823 1160 17.769960
2099 739 146.093665
1792 559 63.468701
1709 1934 14.358314
2300 1318 94.727058
754 1318 37.718116
2185 657 94.831028
544 488 4.226665
374 545 16.400282
87 1329 79.728981
716 1218 29.621174
521 743 16.777301
93 745 90.864611
2350 16 169.426172
26 1525 117.981505
53 1524 90.555695
91 881 53.367430
150 1441 74.869659
6 1633 116.454831
2118 1633 30.879709
2139 1633 101.325405
444 1632 96.557340
1797 1520 25.331172
196 1466 104.609139
600 1386 41.332326
769 992 12.866701
939 941 12.620748
91 711 46.322710
1669 1948 16.646317
2299 1949 33.177199
1921 1552 114.872119
992 1495 25.018127
658 1830 63.888084
829 997 8.955230
2185 993 79.083921
2097 1470 112.804107
718 1638 156.253530
2219 710 98.148844
765 879 13.565604
184 654 35.223645
48 2205 166.316033
2233 2238 24.698529
30 23 23.123506
2334 2125 42.038734
547 1609 54.765521
2158 1332 106.034516
1443 1446 18.725726
713 823 13.423399
26 767 57.603166
978 1430 33.328837
2213 1581 95.762025
535 1317 41.657559
2317 1525 84.230013
2232 309 123.377765
2309 1160 99.610235
275 739 107.731151
726 559 9.629423
6 1934 132.209633
924 1318 21.458304
265 1318 57.264892
2331 657 105.986695
77 488 75.291491
2300 545 114.531035
2233 1329 106.564923
603 1218 32.514173
385 743 106.549040
332 745 107.070762
11 16 16.414021
775 1525 146.315675
2262 1524 53.336912
600 881 14.963901
2185 1441 59.202722
1801 1633 9.629041
10 1633 108.133955
1188 1633 29.225357
1356 1632 25.858591
87 1520 129.754009
1355 1466 8.408482
1330 1386 4.207509
1104 992 5.483803
2309 941 116.361581
2300 711 108.311574
1047 1948 55.614569
1946 1949 14.344449
1440 1552 5.697001
1665 1495 12.561884
7 1830 124.579042
999 997 12.724580
87 993 63.882785
686 1470 39.150901
2139 1638 98.542676
543 710 9.629501
1383 879 24.959559
600 654 14.642169
2291 2205 12.609536
2223 2238 53.681269
4 23 6.228755
1835 2125 89.414319
2321 1609 76.008768
2183 1332 52.174941
1443 1446 18.725726
2053 823 69.973628
2232 767 133.235970
1315 1430 17.876867
1300 1581 14.351313
1094 1317 12.682491
2285 1525 53.311005
584 309 18.217100
2262 1160 110.473720
2309 739 103.634333
1120 559 29.487647
1039 1934 47.637805
1201 1318 29.974225
813 1318 25.017630
1921 657 154.770332
543 488 8.696516
659 545 12.881513
23 1329 99.577467
1385 1218 8.846188
628 743 18.411129
2262 745 88.870012
2346 16 175.376415
1579 1525 15.542372
1523 1524 6.159759
827 881 15.760399
2178 1441 47.809359
2073 1633 27.835393
1885 1633 119.284959
2321 1633 55.880616
554 1632 104.105398
335 1520 89.730140
2045 1466 113.966235
545 1386 43.560542
320 992 40.440318
1890 941 53.532314
376 711 20.151092
77 1948 149.453741
2300 1949 36.694813
488 1552 54.406707
715 1495 46.412817
328 1830 90.719309
62 997 76.072452
599 993 22.172253
1830 1470 126.893235
1775 1638 121.877340
486 710 12.457198
600 879 17.183101
596 654 9.123469
2053 2205 62.952168
2203 2238 13.818920
94 23 32.614996
2144 2125 70.688992
659 1609 48.676746
545 1332 43.866398
2187 1446 54.123598
715 823 24.885669
2203 767 119.643628
267 1430 63.918305
1830 1581 123.573493
589 1317 36.781325
1887 1525 123.114812
415 309 10.143149
1834 1160 36.862710
1634 739 45.221284
617 559 14.254688
1654 1934 16.646224
643 1318 39.800084
266 1318 57.480807
545 657 6.211202
600 488 6.412995
715 545 16.987752
826 1329 26.585369
374 1218 48.997493
2179 743 138.948429
1888 745 145.897225
47 16 6.730098
439 1525 142.249028
663 1524 140.179838
2203 881 120.797373
2218 1441 54.893792
386 1633 109.337081
332 1633 111.999291
2313 1633 79.614950
385 1632 109.337813
442 1520 102.654484
2118 1466 39.033561
771 1386 30.616416
1863 992 146.308698
826 941 19.541586
598 711 8.377852
2334 1948 48.785048
430 1949 91.297048
2053 1552 35.323173
488 1495 51.813250
769 1830 56.426800
87 997 72.387677
938 993 9.901239
2213 1470 100.162398
2053 1638 108.213595
488 710 16.777367
2183 879 81.555436
371 654 21.119708
2232 2205 27.692101
2253 2238 50.313625
7 23 16.689809
1863 2125 26.174767
603 1609 52.320773
2203 1332 107.534247
596 1446 72.557472
2219 823 90.459332
714 767 21.196669
591 1430 43.230033
62 1581 122.566308
923 1317 25.422872
383 1525 138.498155
2321 309 145.794499
430 1160 41.004325
1863 739 62.228833
1456 559 45.779543
1542 1934 22.505061
477 1318 43.170215
643 1318 39.800084
2203 657 130.908425
26 488 43.160980
546 545 5.475318
938 1329 21.458345
486 1218 43.104178
660 743 132.128810
438 745 119.285646
5 16 9.680088
2317 1525 84.230013
385 1524 124.785416
827 881 15.760399
488 1441 48.719574
887 1633 121.673434
779 1633 100.128641
835 1633 96.248720
447 1632 83.372917
2129 1520 85.573878
779 1466 100.480249
1050 1386 16.446002
1386 992 24.982593
1163 941 16.847644
882 711 17.520090
1556 1948 22.505030
7 1949 126.924047
1329 1552 12.866529
1386 1495 19.541590
2139 1830 21.242001
1106 997 19.957930
1106 993 8.425598
1247 1470 12.740848
2300 1638 76.671934
933 710 12.961211
825 879 15.760313
1161 654 33.411986
2232 2205 27.692101
68 2238 164.504945
32 23 22.826785
2302 2125 47.262819
1441 1609 9.143298
884 1332 21.987306
941 1446 24.959016
1668 823 50.553315
934 767 9.038128
366 1430 55.663363
160 1581 111.013016
312 1317 53.724984
744 1525 43.323987
311 309 9.818045
881 1160 14.137109
23 739 68.154222
613 559 8.919768
1765 1934 12.798083
1038 1318 14.048833
265 1318 57.264892
883 657 16.751489
938 488 26.584933
711 545 12.572545
1554 1329 12.866572
996 1218 16.856977
1558 743 164.716412
1138 745 19.909173
2232 16 159.824937
1863 1525 21.566313
1246 1524 16.802628
1106 881 12.740753
2313 1441 67.864426
10 1633 108.133955
554 1633 109.357747
383 1633 123.571683
2258 1632 44.098875
444 1520 92.912228
4 1466 108.711391
2118 1386 113.269037
375 992 33.717079
605 941 17.456304
2258 711 134.771066
4 1948 130.723483
430 1949 91.297048
716 1552 50.508182
935 1495 27.582593
2183 1830 39.328773
658 997 25.138683
2296 993 81.461860
1863 1470 22.803067
1638 1638 0.000000
541 710 12.572600
767 879 5.697098
543 654 8.392892
126 2205 174.798638
2130 2238 10.715430
14 23 14.158673
2331 2125 46.864198
321 1609 70.484318
775 1332 33.575904
659 1446 43.427599
486 823 19.132552
7 767 70.292341
815 1430 31.834070
1579 1581 12.118902
559 1317 153.739142
10 1525 100.558482
499 309 95.628044
825 1160 17.769994
1777 739 167.427772
286 559 17.819914
144 1934 101.790534
2203 1318 67.052899
1317 1318 6.362526
6 657 58.819498
374 488 12.232950
544 545 5.475241
2300 1329 76.283755
600 1218 32.514174
745 743 11.883865
2097 745 139.822405
25 16 18.190942
6 1525 112.601350
2233 1524 49.934494
2232 881 130.024286
87 1441 85.111078
2118 1633 30.879709
26 1633 125.736189
2073 1633 27.835393
389 1632 91.510287
1630 1520 13.423207
444 1466 98.475752
716 1386 35.674330
992 992 0.000001
603 941 21.203322
2285 711 132.269619
713 1948 66.639365
62 1949 124.013067
2185 1552 57.216297
883 1495 37.638894
601 1830 65.856229
775 997 16.791410
26 993 69.958289
2023 1470 37.717686
1301 1638 18.031731
2309 710 117.828909
428 879 29.847141
657 654 17.409546
71 2205 167.390538
10 2238 148.383904
40 23 8.597797
2321 2125 40.087150
716 1609 48.564543
2258 1332 98.553949
660 1446 41.106840
1669 823 54.288949
2300 767 106.418356
870 1430 27.548105
2313 1581 79.436653
1035 1317 20.832873
2262 1525 51.993963
53 309 45.904397
87 1160 70.977363
2321 739 101.941369
1847 559 66.506852
2334 1934 58.226473
759 1318 28.399505
421 1318 46.844881
2316 657 102.559573
2306 488 141.616528
26 545 46.772063
2285 1329 101.936312
488 1218 38.654374
831 743 133.587763
660 745 131.323533
87 16 25.493276
1634 1525 19.060729
91 1524 129.045366
992 881 8.408928
1921 1441 122.672305
1856 1633 13.666342
2233 1633 50.808016
1297 1633 16.928000
1467 1632 17.519929
23 1520 109.843479
1019 1466 22.894279
1442 1386 4.201847
1159 992 8.815758
2313 941 98.101033
2346 711 117.550919
1273 1948 40.197170
2286 1949 67.802564
1386 1552 17.660874
1667 1495 22.722474
4 1830 119.998125
775 997 16.791410
2185 993 79.083921
855 1470 31.834103
275 1638 152.792844
709 710 5.943396
1105 879 16.832635
767 654 8.374844
72 2205 163.063661
2151 2238 60.502639
2350 23 171.151878
1611 2125 101.375670
23 1609 114.081873
26 1332 88.935974
1781 1446 18.763658
2203 823 118.759890
2331 767 101.095935
978 1430 33.328837
1471 1581 13.566225
1319 1317 12.724711
77 1525 86.501898
583 309 20.147204
1271 1160 8.430089
87 739 88.521741
1176 559 32.881013
365 1934 83.821650
1145 1318 33.872087
978 1318 29.488934
2185 657 94.831028
824 488 18.248398
656 545 8.392835
2258 1329 103.027674
1668 1218 25.807203
740 743 17.819422
961 745 50.321557
60 16 27.395591
1523 1525 12.318913
1694 1524 12.562020
1106 881 12.740753
1863 1441 129.038770
7 1633 111.488266
1883 1633 117.510944
2097 1633 103.631964
1712 1632 123.443010
1773 1520 131.711378
2092 1466 109.544538
1668 1386 17.046127
1950 992 62.945966
1836 941 46.233908
768 711 4.188690
2306 1948 63.669897
2217 1949 21.465415
1890 1552 21.840962
1894 1495 42.433792
2185 1830 49.324357
2203 997 125.087478
374 993 36.474875
1996 1470 114.423124
1886 1638 113.559018
2006 710 87.294483
659 879 26.790186
657 654 17.409546
7 2205 156.248933
2185 2238 55.546147
46 23 24.607397
2203 2125 8.335242
657 1609 47.871512
600 1332 42.604243
2058 1446 40.024878
602 823 21.337688
2185 767 94.601680
589 1430 42.325355
439 1581 141.743011
506 1317 151.932302
1890 1525 125.068106
263 309 9.897429
2005 1160 57.918954
1998 739 156.924608
561 559 10.946571
1087 1934 62.538117
700 1318 32.031124
423 1318 46.844889
377 657 16.646625
273 488 15.691929
323 545 14.194136
490 1329 44.017632
599 1218 34.780764
2053 743 153.328258
663 745 131.323532
85 16 29.259744
1832 1525 128.186613
1634 1524 13.423189
2218 881 81.330411
2185 1441 59.202722
125 1633 109.487818
553 1633 114.681849
2334 1633 60.860895
554 1632 104.105398
444 1520 92.912228
2334 1466 69.825993
486 1386 51.902895
2053 992 61.025392
771 941 17.661166
602 711 18.410860
2183 1948 18.600147
2185 1949 22.540918
150 1552 79.663486
486 1495 51.813260
602 1830 67.786493
26 997 73.927103
823 993 12.604102
2258 1470 56.844725
2179 1638 96.681442
271 710 28.093355
87 879 55.390985
321 654 20.104144
53 2205 146.169440
2239 2238 5.097556
25 23 10.092727
2318 2125 50.220671
490 1609 57.567363
2185 1332 56.795272
2148 1446 49.223699
2185 823 90.663045
319 767 30.261646
531 1430 50.960999
2073 1581 31.176474
1317 1317 0.000001
1826 1525 113.130354
4 309 36.161016
771 1160 25.046931
234 739 95.550911
728 559 12.572655
1596 1934 22.203780
758 1318 27.684404
1035 1318 25.282875
2185 657 94.831028
2183 488 98.670697
715 545 16.987752
490 1329 44.017632
485 1218 46.351855
1942 743 146.876067
282 745 104.832843
26 16 15.032740
2262 1525 51.993963
1888 1524 125.068102
716 881 23.022164
662 1441 50.134724
240 1633 98.136579
888 1633 115.744246
1243 1633 21.776906
2150 1632 59.456307
335 1520 89.730140
447 1466 84.000093
1104 1386 21.063507
938 992 16.083234
996 941 9.901335
1217 711 26.829135
1498 1948 27.518693
2185 1949 22.540918
1048 1552 25.135889
993 1495 26.585795
2118 1830 92.550797
992 997 31.804640
882 993 8.408995
968 1470 29.442711
1921 1638 21.000082
767 710 4.188687
1107 879 27.698743
880 654 16.751493
53 2205 146.169440
2219 2238 51.463604
1835 23 128.485971
1782 2125 95.273189
1721 1609 6.043993
941 1332 21.458390
1111 1446 17.692362
770 823 15.541945
1217 767 25.543875
264 1430 63.324161
1133 1581 22.200403
702 1317 32.031130
1021 1525 25.018212
242 309 76.550737
935 1160 12.704000
2185 739 123.710806
894 559 18.763660
312 1934 87.978929
756 1318 30.444031
1430 1318 5.560799
1050 657 21.950117
824 488 18.248398
883 545 21.359830
1387 1329 16.083377
1108 1218 13.963372
1720 743 161.588949
912 745 12.572991
2296 16 155.961211
2300 1525 80.673137
1356 1524 8.955683
884 881 18.725911
2158 1441 107.047661
acc0 39
acc1 158
acc2 353
acc3 564
acc4 820
acc5 1030
acc6 1212
acc7 1362
acc8 1487
acc9 1650
acc10 1770
acc11 1890
acc12 1992
acc13 2063
acc14 2149
