1918
1744
1690
1688
1576
1688
1330
276
885
823
1948
1950
1608
1439
1886
996
515
1247
1637
655
879
597
2129
2206
13
2235
1837
1387
1558
934
767
1374
1692
1429
1918
218
993
276
503
1822
264
1431
936
208
208
1330
1274
855
914
3
1357
1806
515
1553
1689
1689
1689
1743
1352
1466
1274
879
996
515
1892
1894
1160
1439
276
1052
936
1357
1637
709
653
541
2169
48
2322
2124
1496
1330
1614
991
709
813
1414
1036
1918
141
880
853
503
264
1148
1318
515
547
657
547
1273
967
801
2304
1581
1918
879
1160
333
2157
2334
1685
335
7
2278
1214
285
709
2187
2278
1775
2334
2093
2278
1606
680
1752
597
1
541
3
2238
2336
66
1664
1609
945
709
87
814
329
813
1806
218
16
794
48
1818
1038
982
657
2345
432
1609
1217
629
25
14
570
683
824
1664
1689
1690
1689
1633
1577
1411
1274
822
885
599
547
1894
885
1496
1886
1498
768
1469
1528
766
822
542
2237
2237
2322
2079
1387
1726
1615
710
654
1653
1469
1484
1469
310
1274
851
559
612
1542
1485
1836
433
433
1443
1273
632
747
2282
1469
1581
767
1498
1577
1577
581
1632
1576
1688
1443
1160
885
710
1780
276
1553
1440
1831
1330
1385
1414
1583
766
654
541
87
2238
14
2124
1443
1498
1447
767
655
1318
1636
1036
1469
471
935
739
559
1988
1430
1318
657
488
487
1273
993
801
747
2334
1918
1523
1048
1441
334
2020
2020
1991
1743
1796
2066
2129
1984
2107
2127
2034
2036
2155
1995
1955
2066
334
239
426
2129
2129
87
2281
2282
2166
2187
1953
501
1217
2107
1709
334
1206
2020
418
2036
388
1738
474
1148
1094
2187
2168
656
2036
1957
1870
334
8
239
2020
1217
1327
331
1800
1801
581
1631
1072
1553
2278
941
880
2004
1892
1552
1217
1829
1388
1918
853
1695
766
822
653
2238
2170
2334
2078
1329
1332
1501
1046
654
1262
1637
1316
515
472
1215
193
447
2041
267
983
657
150
150
1557
994
742
632
2324
1582
547
1918
1330
1745
1745
1745
1631
1353
1578
1107
1048
1221
249
1950
1780
1049
1383
193
1110
1049
1247
1695
486
934
542
2205
110
1
2033
1384
1557
1559
934
880
1262
1077
1373
515
2157
823
682
447
2207
1205
1373
277
272
881
272
1443
1413
802
24
1637
515
878
1049
284
1806
13
284
285
4
2319
1439
335
540
1837
2079
1940
4
440
2319
1047
1192
1973
485
2278
542
2324
2130
5
2345
1884
1720
611
540
110
1262
2319
1148
2027
642
25
795
110
1931
1094
814
430
488
487
1663
1106
684
16
37
512
626
1106
1884
1745
1578
1745
1521
1576
692
1444
710
941
487
272
1780
1441
1494
661
1610
711
1471
1639
598
710
541
2171
2265
2351
2123
1444
1444
1447
599
767
1542
1635
1373
1525
417
1387
1472
615
1879
1373
1317
1781
432
487
1273
1443
1247
1468
62
1525
1693
1498
1610
1690
1576
1688
1744
1631
746
1050
936
939
599
1894
132
1330
1382
1887
1553
993
1191
1582
598
767
542
110
2291
10
1979
1554
1160
1726
654
711
1373
1582
869
1412
1966
934
795
727
1709
1262
1373
767
712
433
1385
935
968
1026
13
515
1692
992
1270
1854
1743
1796
1768
1768
240
1851
1984
2062
2149
1893
2302
2066
2129
1994
2107
2107
1854
285
2037
1984
163
110
2237
2236
2203
2282
1331
390
2128
2036
1596
1967
982
1801
362
244
196
784
362
1428
1318
1106
1386
769
2037
391
1700
1854
5
285
1856
1106
388
515
1632
1746
1072
1520
804
1609
2202
829
1047
1949
2005
1496
1329
1942
1221
331
1302
1693
598
878
598
2168
2205
2345
2201
1951
1444
1278
598
936
1207
1693
1260
331
262
1382
132
671
1934
2207
1038
881
4
4
1609
1105
745
1357
92
1636
299
249
1606
1409
1409
1409
1799
1465
1520
1387
992
1388
1918
1835
2054
1498
1271
2079
1108
1160
1302
1581
823
1046
710
2128
87
2351
1979
1274
1553
1446
935
1047
814
1191
1149
331
25
1047
1583
671
267
982
1149
249
2143
430
1806
993
1137
968
2321
1523
331
822
1218
443
2257
2345
1853
239
2334
329
879
387
486
1106
132
1937
2346
2047
329
1330
570
1865
598
2319
708
2306
2129
15
5
1829
1557
943
880
515
813
2351
982
25
641
32
739
25
1820
867
1262
881
376
433
1606
883
627
32
10
683
684
1439
881
693
579
914
1632
1520
747
1497
1048
829
542
2143
2003
1273
1495
1829
1218
1443
1415
1526
655
1726
710
2265
2171
1
2202
1722
1275
1390
822
881
1373
1525
1372
1526
584
1216
1248
727
1877
1486
1597
1724
487
432
995
1382
1582
1026
86
1471
967
881
1160
1578
1520
804
1800
1577
1073
1273
767
1051
542
2003
2202
1607
1328
1776
1557
768
1077
1638
597
1045
710
2242
2268
37
2033
1556
767
1615
936
598
1542
1583
1373
1635
470
1103
741
895
1765
870
1149
881
486
432
993
1103
1025
635
2345
2074
1691
1272
1273
286
284
1853
1743
1799
241
1907
2155
2129
2036
2006
2301
2037
956
1720
1956
1956
1967
335
2107
2086
1984
48
2302
2127
2081
1331
1955
336
824
2037
1651
1854
1093
1743
262
2037
1911
392
586
982
1037
2149
1445
824
1439
1066
1872
1967
2340
335
284
1331
2226
2074
1633
579
1073
1407
1073
1557
132
830
712
1891
1835
1495
1608
1664
1220
249
1583
1581
597
710
485
2204
2169
4
249
599
1052
1390
991
1160
1095
1803
1428
2074
641
1103
2278
391
1543
128
871
430
2345
2345
1047
938
633
1247
2306
1302
2027
277
1607
1354
1354
1354
1687
1632
1577
1162
1214
941
331
2005
486
1327
1214
2202
1109
767
1582
1301
880
597
822
2127
2242
2336
2030
1555
880
1334
1215
823
1148
743
869
2074
2257
1330
1527
391
197
1262
1094
1918
1806
767
381
882
1358
1025
12
1413
2074
710
1498
902
25
7
1629
2019
13
2351
1158
239
880
2149
229
1883
7
2045
2351
1609
568
1863
319
2322
484
2298
2086
2322
4
1833
1330
666
427
25
1207
1
1428
2257
362
110
567
87
1933
983
1207
1667
2350
713
1607
1276
626
2157
2261
626
627
1217
827
914
1577
693
1465
1631
1521
1442
992
830
710
1806
431
1550
1551
1942
1499
882
1360
1471
821
1048
822
201
2310
2336
229
1552
1724
1726
1048
936
1654
1412
1653
1471
640
1107
965
502
1766
1318
1430
487
434
656
1385
882
1583
1411
2187
1025
1637
1160
1218
1801
1690
524
1633
1520
1072
1556
881
829
822
2054
2079
1606
1270
1718
1389
937
743
853
655
1160
484
48
2311
2261
206
1441
1613
1390
1160
934
1038
1748
1149
1525
177
1270
1077
615
1932
1374
1486
1498
431
602
1443
1215
1469
1411
2337
331
1581
938
993
1967
1853
284
2090
2020
2018
1628
1658
1957
2037
2187
2320
244
1984
1609
2061
2224
444
2302
2036
2155
2086
2242
2134
2220
2082
1106
564
389
879
222
1541
444
812
1856
474
1955
2280
241
1485
1316
869
769
996
1106
1217
1625
1880
501
0
159
1801
1439
1049
280
1521
1634
804
1577
1130
1389
2079
1220
709
1946
1947
1384
1383
661
941
277
1357
1584
934
992
596
1984
2208
46
2125
1838
1108
1110
597
1045
982
1301
1205
280
527
1270
329
783
1987
197
1094
767
7
2334
880
1107
856
853
120
1247
381
250
880
1911
470
693
1801
1519
1467
938
1102
829
87
1947
712
1610
1217
2278
1165
1327
1187
1413
540
765
484
2035
2283
26
2034
1552
1047
1335
990
486
1207
577
1094
328
109
1553
686
840
388
813
1037
250
230
936
2080
995
1026
690
39
1693
280
708
936
1856
141
4
1743
337
2346
2333
1106
1389
427
2107
2123
1828
13
1942
1
880
684
1811
653
2351
372
120
2038
22
0
1886
2034
835
1047
48
982
2313
814
299
219
48
345
16
1766
1571
813
1664
489
377
1330
1105
683
110
16
627
624
1161
1160
468
636
1354
1800
1578
1468
1384
878
939
543
2183
2054
1382
1384
1664
1613
1050
1525
1749
597
599
599
2292
2292
2319
2234
1496
1781
1671
992
1160
1598
1749
1261
1412
309
1272
684
504
725
1653
1206
599
377
713
993
1270
853
635
99
1412
1523
657
1667
1466
1578
746
1465
1407
804
995
1049
1220
543
2002
2278
1609
1441
1885
1606
1273
739
1247
821
936
822
2264
2240
23
166
1273
1218
1727
881
597
1094
632
1037
801
388
993
1191
502
1876
1207
983
1667
823
1836
995
1270
744
857
4
280
1468
1216
1382
2113
1799
1685
1817
1984
1853
1180
1046
725
2187
1837
1894
2224
844
1663
1843
1628
557
1023
2085
1817
2155
2264
2320
2048
2167
1217
1106
446
656
426
1652
557
1262
2090
1934
2107
197
1796
1597
1205
1373
1331
1665
2187
2169
671
1815
557
2350
2019
238
1329
2084
110
1967
1857
1968
1575
581
1607
2319
1221
486
1667
1834
1439
1495
1833
1054
250
1582
1692
653
1158
765
2130
2085
2337
2264
543
1164
1447
935
881
1319
1078
1148
110
585
1159
2202
726
1709
388
1318
1049
2334
2248
1606
1329
798
1302
2298
1694
235
331
1663
470
693
470
1520
918
1579
1275
1158
939
110
1725
1557
1218
1438
2244
1276
881
1583
1192
1047
1103
878
2083
2228
2
1923
1272
823
1502
1103
540
1205
1023
1204
211
32
1557
1302
783
128
1430
1038
331
188
1667
299
1385
1081
522
2328
967
328
541
1327
845
32
2337
1293
1688
2345
1
1271
944
1047
1331
2202
1774
2345
1886
2333
1663
1022
402
270
26
710
92
2291
2335
14
1942
1389
1446
1606
2242
926
2322
1205
2157
530
6
1023
2242
1483
1683
926
936
545
374
1720
1331
685
2257
6
684
570
769
1049
1636
523
470
1744
1690
971
1329
1329
1443
1726
299
486
1443
1552
1610
1053
1273
1412
1469
1895
542
543
2134
97
2333
2163
1497
1836
1558
1726
657
1484
1471
925
1415
473
992
910
558
1710
1261
1541
713
602
602
882
768
1636
967
40
968
1078
1610
1613
1520
1631
1073
1521
1687
524
882
1613
995
1048
712
2164
1663
1550
1608
1047
995
795
1636
934
881
878
2283
2129
11
1923
1219
1610
1558
1045
768
1149
1638
1204
1580
143
1382
1304
560
1822
813
1094
1160
880
599
1104
991
631
1468
2343
328
1637
1274
1328
389
1685
1629
2020
1817
1738
2255
163
447
1955
1779
2237
2255
2086
2176
2149
2037
1632
1968
1955
1593
1983
2235
201
1945
2251
2128
1276
614
2169
2066
1374
2069
1374
2156
263
1956
2021
1961
530
1596
1484
2188
600
1217
1106
447
1824
389
2235
1023
2156
1276
2303
2228
1802
803
524
1687
746
1047
193
996
1557
1833
1782
1551
1106
1610
1051
328
1527
1078
821
1214
652
2291
2267
2343
2080
1611
1276
1670
655
1049
926
1691
981
2242
219
1328
2319
784
1878
2226
646
1160
2248
7
1607
1387
854
1187
2285
1583
2075
328
1047
1858
469
914
1576
1464
1297
1444
1271
1220
277
1782
2003
881
1495
132
1333
1045
853
1358
431
991
599
2290
2211
2319
166
1442
1609
1277
1046
712
982
741
1037
280
47
712
1247
726
143
1374
983
328
2080
827
2143
1163
965
634
2339
965
211
824
1610
791
331
2346
1799
387
15
2079
1217
1557
1609
1779
329
1830
2337
2136
26
709
512
1972
655
2333
879
65
2254
2345
2350
1667
1606
1445
1609
5
1148
193
1262
32
752
141
1811
2157
1094
979
1374
1049
601
543
1548
1161
687
48
12
624
796
879
1833
1354
1579
1409
692
1466
970
1668
938
1220
1838
2080
322
1270
1272
1833
1160
770
1025
1751
711
878
484
2281
2289
11
132
771
1274
1048
542
1045
1261
1580
1427
1635
261
1444
852
782
1933
1598
1260
602
1836
599
1554
1050
1302
857
2327
1526
1692
1218
1499
1634
1466
1072
1464
1575
581
768
654
996
879
488
2319
1720
1273
1941
880
1050
1304
1527
653
1381
599
2235
2209
6
2030
1386
1049
1671
1049
935
1486
1302
1094
1025
264
1215
1414
1062
1987
758
1038
936
323
434
1103
1382
856
1139
2346
211
1522
994
1440
501
1796
2018
1984
1991
1685
1234
2086
1767
2224
1666
165
2085
163
1607
2010
2255
389
2320
244
221
1046
8
2265
40
1978
1608
2107
2224
1439
2224
982
389
1205
1991
1990
1843
60
840
2039
1374
1820
824
485
1331
244
616
1816
2069
2242
1968
1857
1161
1613
328
1464
1913
639
1295
524
880
26
939
1553
1839
1895
1442
1331
1498
1445
2139
1187
1301
935
1048
821
2086
2037
2346
2165
1724
1107
1333
1103
1613
1430
1804
1317
2211
642
991
2079
392
1932
60
1149
1667
2346
156
1389
1162
1024
1354
65
1638
210
2125
823
469
914
469
1855
1351
1690
1442
1272
1051
250
1834
431
936
879
2319
997
1613
1636
1523
712
821
543
2236
2264
2333
1977
1497
1607
1503
766
1557
926
739
534
173
16
709
1187
784
2084
870
646
2218
2183
490
186
1219
799
579
2303
1301
173
1214
881
678
2211
15
845
1072
2337
26
1161
1609
823
426
2180
1772
15
577
2322
1607
625
1921
934
2336
543
2285
2133
0
6
1610
1663
1221
823
2350
1374
2278
926
2075
472
2242
1643
32
1762
1626
1148
827
544
656
2034
1439
570
141
25
625
740
1105
936
469
1634
469
694
1743
1410
1387
599
1051
1781
207
712
882
1444
1498
1049
995
1526
1415
934
541
1726
341
161
2313
2278
1274
1668
1727
1724
1498
1486
1526
1037
1749
528
1329
1474
895
2040
1484
757
1668
599
543
1382
1556
1357
692
184
1360
1413
936
767
1576
1634
1130
1408
1296
1130
1385
1327
1385
656
431
2123
880
1385
1827
823
882
741
632
765
1613
543
0
2130
3
205
995
881
1501
1613
766
1261
1805
1484
1190
1911
1104
794
672
1596
1205
1542
1610
322
713
937
937
802
689
46
173
1301
1384
1443
2069
1856
1743
1823
2062
284
390
1825
1705
2128
1331
2033
2169
2256
1888
2008
1955
501
159
708
1986
225
2283
31
2187
2056
1439
2187
2036
2035
2085
1206
1632
1317
238
586
1439
1966
1007
418
1651
1261
2128
2204
543
1331
956
1967
444
2264
2134
333
824
936
94
1465
523
1130
1296
848
1720
2333
1051
431
1610
1725
1383
1271
1884
1163
2074
1638
1189
765
1271
655
1983
2132
15
2218
879
1109
1165
1159
657
1206
1581
1093
328
416
935
2164
838
1988
2084
647
1664
13
13
1553
1275
690
1582
16
1187
2157
2139
1557
693
1187
471
1577
1521
1634
1329
1157
830
2350
1895
488
1664
1329
329
1164
1218
1354
1135
320
652
879
2206
94
2305
205
938
1389
1222
933
427
1430
795
1038
234
23
1606
1640
838
2226
1093
869
2125
299
1891
2125
937
913
744
17
911
2077
1106
1499
733
110
2343
2020
848
156
233
244
361
1606
1611
2299
1826
2343
1994
139
1548
966
1643
711
2325
878
54
2172
2323
13
1982
1607
1222
1548
0
1205
2333
1207
141
474
100
741
2257
867
1403
1205
767
375
434
285
826
911
100
17
568
1584
1331
1610
1409
1466
1636
1352
749
1633
1272
879
995
1724
188
488
1719
1387
827
827
939
968
1525
765
992
878
239
146
2
2164
1555
1387
822
1781
1613
1710
968
924
1025
976
1048
796
672
724
1149
1374
1723
543
769
768
993
686
1581
2236
1415
911
1667
827
1631
1801
639
1352
1578
858
1554
1045
1446
992
1557
2333
823
1215
1773
1391
1443
577
1750
711
1327
708
25
2239
38
295
1665
936
1670
657
821
1037
1247
534
1303
197
991
743
1008
1651
1206
1037
1049
1780
543
1050
1159
1412
1081
15
234
1693
1105
1277
1798
1629
2193
2042
1705
1460
954
1817
1817
244
1951
2281
2039
1817
1606
244
1851
1192
2134
2169
1649
1817
2340
2301
1996
2104
2169
2149
445
769
1597
1260
2223
1596
1855
179
2149
1409
447
475
1652
1149
879
1892
1666
1276
503
1990
2113
2283
2114
2090
1105
1160
2177
1408
634
415
1239
639
1780
2351
995
488
2001
2101
1497
1552
827
939
2125
1636
1413
711
824
766
2133
2290
7
250
1666
1274
1276
653
1327
927
1189
1540
250
362
1104
2351
616
1989
143
534
654
118
118
709
1442
744
1636
21
853
279
2080
1609
2021
468
1187
1856
1240
1298
1272
822
1446
2235
2056
880
827
1331
2123
1331
1498
1694
1693
1840
598
708
2267
2340
2313
2219
1444
1606
1221
993
431
1374
1304
1318
2077
81
1780
569
392
60
926
1261
190
186
1160
2027
1050
1581
1027
83
1358
250
372
767
957
16
46
1404
2114
208
139
992
1606
712
769
2234
1662
2214
1884
2313
1557
909
1886
652
11
822
21
71
11
2336
827
1553
890
1557
8
1430
233
1316
331
262
2257
295
141
1038
871
1095
1160
600
769
1553
1162
1530
0
24
571
629
1048
1886
470
1355
468
750
636
1185
1555
1274
1221
822
167
323
1554
1274
1884
1667
1556
1303
631
596
1727
1838
2310
2281
26
2263
1668
1333
710
1274
1839
1375
801
869
1470
863
1275
1361
614
781
1375
701
1722
1893
1836
1050
1441
1638
1139
2188
1749
965
827
1049
1579
1857
1968
1353
1743
1023
1500
1218
882
824
823
26
1047
993
1666
1607
1104
1023
1302
596
1049
879
2211
2204
39
1977
1385
1667
1783
1327
1103
869
1357
700
968
83
711
1023
448
1652
982
1150
654
2003
377
1382
1277
1190
691
7
2077
1078
879
937
1965
1855
240
284
2086
198
2224
1445
947
426
1723
246
2107
787
1330
291
2036
445
2281
2149
2038
2168
2211
61
374
2005
2035
2008
2107
396
1955
1316
501
981
284
219
2085
2227
1571
1876
1262
1036
1955
1385
374
1955
562
1759
446
87
1688
1743
879
2280
2211
1742
1747
746
1294
858
823
2164
1163
1330
1613
545
1494
1666
1218
1219
2140
1694
1523
933
1102
877
2240
2131
156
515
1608
1333
1166
1104
1381
814
1522
1203
94
263
937
106
839
1095
509
1486
1327
156
136
1663
1216
1079
693
6
1748
123
2140
1720
914
471
468
1575
750
1576
1105
1213
1163
2264
2101
823
1499
1384
2351
1332
1381
1638
1078
1557
990
487
2327
2235
11
1865
1387
1780
1388
1159
1330
1428
858
983
277
110
1609
1642
839
1911
981
534
2140
207
1610
2183
1270
910
969
50
1078
234
769
1381
500
109
156
957
1073
2343
229
1105
341
1557
879
2319
1996
208
524
2079
335
575
1942
429
193
599
61
1986
2349
2343
1499
1995
1388
1663
331
927
26
981
2211
865
0
1752
331
1879
1514
927
1610
2344
602
1557
1442
512
1806
13
1584
685
994
1829
1858
1746
1247
1802
1687
635
1107
1105
1163
713
230
2002
1440
1497
1999
1327
937
1190
630
653
879
487
97
201
2305
2333
1721
1501
1670
938
1049
1318
1025
1149
1360
529
938
1416
728
1823
925
812
433
713
434
1556
885
1748
1083
2128
1190
1301
1049
881
1857
1687
307
1519
1466
1414
993
1498
1443
541
1720
2351
1557
1386
1721
1609
711
746
1357
485
1839
656
515
2168
0
2145
1440
657
1333
1498
993
1150
1527
646
1579
216
1273
1130
782
1597
926
869
1218
1609
656
1270
1104
1079
970
2323
138
1356
1162
1219
557
2068
2068
1936
2042
2017
2107
1104
835
2085
2128
1840
1851
2089
387
2150
1292
1299
361
879
317
2133
5
146
519
2168
564
396
244
1827
2149
1428
1800
1709
1912
2041
2224
2226
1905
2066
1541
1372
1217
164
713
2085
1150
1935
1798
2288
2302
1912
2169
143
2229
1630
1914
848
1406
1023
1663
2325
1054
1780
1499
544
1217
1161
1999
829
280
1640
1472
991
1216
934
2268
2036
2323
2276
769
1165
1671
711
1498
870
1022
478
249
530
1273
2333
951
927
337
1150
1613
2337
2346
823
1444
631
468
54
1354
141
2074
1389
1966
1357
1357
1407
1408
1296
1216
1216
1219
328
1443
1840
767
1106
2164
1162
654
914
1472
427
877
1048
2085
331
2325
204
1611
712
1725
1104
1391
870
746
646
250
123
1607
1587
725
2241
814
1150
2139
167
1498
207
1382
912
523
60
1692
2211
992
827
1588
47
2161
1461
567
150
132
1873
1663
1663
1723
2164
1938
189
467
2336
1553
629
440
370
2305
1214
31
2189
4
3
1049
1994
1054
1330
2340
1428
139
1093
110
586
2157
1304
2228
1542
1347
1428
1833
2336
825
1994
1052
909
47
2321
685
1473
1276
1667
1247
915
1357
1464
1801
1083
1048
1107
1273
656
2181
823
1385
940
1667
936
885
801
744
485
1838
1783
2034
2134
2294
2319
938
1107
992
1272
1667
1763
1747
1092
1190
751
1384
683
670
1654
1037
1205
1838
374
377
1270
770
1527
1081
2149
1635
1359
1613
657
1467
1579
415
1802
1295
848
1386
1381
1273
769
1553
2234
1780
1163
1661
1663
1554
858
686
935
657
595
5
2133
12
345
1163
1499
1728
1218
544
983
1750
1318
1355
469
768
517
614
2039
1093
871
1613
1894
1781
1386
934
1303
1083
2214
277
1410
824
1215
336
2193
1799
2086
500
1850
2036
1770
946
2188
2083
2265
390
221
2137
1953
2149
1022
2019
1956
2133
317
94
269
2053
1950
2083
2035
286
1331
223
1430
2173
758
1857
144
1873
1354
1682
263
1709
1542
2107
1220
1779
1161
2129
1814
286
2211
361
1991
1383
1492
