2211 1633 92.881670
1912 1633 17.879680
441 1633 115.902732
1801 1632 9.629030
498 1520 99.396731
1801 1466 18.763955
713 1386 33.963554
2338 992 103.441537
829 941 5.620902
713 711 11.883974
432 1948 84.281729
2004 1949 3.845569
715 1552 47.282901
715 1495 46.412817
605 1830 76.221921
829 997 8.955230
206 993 112.430213
630 1470 42.325338
576 1638 54.765536
373 710 20.151114
767 879 5.697098
485 654 9.870807
2169 2205 3.723352
2239 2238 5.097556
2305 23 162.416910
2235 2125 10.524452
544 1609 54.765505
715 1332 30.767512
1613 1446 9.143203
710 823 8.379372
1981 767 119.416067
1596 1430 12.573121
411 1581 72.436481
1427 1317 9.901034
2076 1525 32.923885
611 309 101.996760
656 1160 25.566256
150 739 97.709449
448 559 8.487589
1654 1934 16.646224
1000 1318 116.450931
1037 1318 14.048819
431 657 16.845684
2078 488 154.795373
2078 545 154.281615
825 1329 25.017637
715 1218 26.829164
520 743 13.666540
384 745 113.360177
27 16 11.381556
1914 1525 29.284920
2177 1524 101.083886
206 881 107.047739
713 1441 36.303640
1744 1633 8.377316
1744 1633 8.377316
1744 1633 8.377316
1800 1632 9.629041
1688 1520 9.272518
1856 1466 22.803060
715 1386 33.963551
767 992 12.866746
830 941 8.398723
17 711 68.154293
2004 1948 6.930760
1949 1949 0.000000
881 1552 33.842110
823 1495 33.203495
2338 1830 59.473063
885 997 5.560901
881 993 5.560901
630 1470 42.325338
576 1638 54.765536
484 710 16.777367
710 879 9.142921
767 654 8.374844
2205 2205 0.000000
2283 2238 38.598555
2322 23 166.138844
2125 2125 0.000000
715 1609 46.503290
713 1332 34.419097
1501 1446 4.197111
710 823 8.379372
484 767 20.939999
1318 1430 5.560799
1859 1581 17.586339
1037 1317 14.048831
193 1525 132.576981
2311 309 122.451605
713 1160 23.251502
630 739 18.410253
448 559 8.487589
268 1934 92.167006
1318 1318 0.000001
1541 1318 12.866541
206 657 95.788684
2166 488 140.143057
432 545 8.487338
2166 1329 104.981024
600 1218 32.514174
1941 743 142.445035
441 745 115.787358
6 16 4.623635
578 1525 55.611103
2076 1524 34.214140
767 881 13.565520
881 1441 27.548105
1689 1633 4.187737
49 1633 105.893004
43 1633 129.149435
1689 1632 4.187709
1353 1520 8.955683
2078 1466 50.636998
2338 1386 86.561282
823 992 8.955336
774 941 9.038027
713 711 11.883974
823 1948 65.522574
150 1949 108.649549
1941 1552 26.170400
2078 1495 107.459401
1886 1830 4.266338
2338 997 107.223504
994 993 6.362591
1076 1470 21.488426
1973 1638 20.150394
710 710 0.000000
2338 879 107.932812
767 654 8.374844
28 2205 155.254425
147 2238 128.794318
23 23 0.000000
2124 2125 4.969041
1833 1609 12.456994
1275 1332 4.211235
1614 1446 9.143522
825 823 12.319037
17 767 71.581767
1318 1430 5.560799
2229 1581 46.013004
925 1317 19.458436
252 1525 69.187576
1855 309 129.942772
2311 1160 89.814529
908 739 9.142831
2311 559 138.334781
1375 1934 31.339571
980 1318 20.832596
1038 1318 14.048833
432 657 13.971115
489 488 5.274739
490 545 8.696595
1606 1329 20.970156
1050 1218 8.800934
686 743 9.305394
2311 745 103.025346
68 16 10.281836
1749 1525 11.835001
1747 1524 13.233650
937 881 4.202179
1833 1441 21.274884
384 1633 118.788358
1968 1633 20.150394
384 1633 118.788358
1912 1632 16.091796
524 1520 89.328005
553 1466 113.451451
715 1386 33.963551
2034 992 113.432701
829 941 5.620902
544 711 9.629502
2166 1948 79.938550
489 1949 80.203147
600 1552 48.008524
2034 1495 92.769582
605 1830 76.221921
1868 997 146.308761
659 993 21.085461
441 1470 133.373366
1998 1638 109.636110
1783 710 75.154343
1926 879 113.535258
2034 654 116.174695
2227 2205 48.008565
2281 2238 44.293921
2322 23 166.138844
150 2125 146.114693
715 1609 46.503290
2034 1332 115.934074
1926 1446 122.672155
2034 823 117.098323
431 767 18.775399
1988 1430 32.655867
441 1581 131.912838
533 1317 39.801305
441 1525 132.717189
360 309 5.167215
2034 1160 109.515166
1941 739 157.795756
504 559 8.696666
1822 1934 6.960000
1765 1318 24.128904
532 1318 41.657550
544 657 8.392835
547 488 13.818174
547 545 10.945892
1501 1329 29.430523
600 1218 32.514174
384 743 109.241635
1941 745 133.129377
2321 16 161.808808
441 1525 132.717189
578 1524 58.928980
432 881 25.127620
1868 1441 113.269446
1856 1633 13.666342
1856 1633 13.666342
1801 1633 9.629041
1912 1632 16.091796
1408 1520 5.620987
1801 1466 18.763955
1501 1386 19.541575
431 992 30.588264
1501 941 27.582593
767 711 4.188683
489 1948 78.673081
5 1949 126.924047
713 1552 42.910500
656 1495 42.095447
715 1830 64.863234
1784 997 43.866069
600 993 20.449431
282 1470 126.843053
384 1638 142.444853
373 710 20.151114
1813 879 118.926362
1926 654 115.036598
2283 2205 39.494122
61 2238 135.705994
68 23 28.745298
2125 2125 0.000000
600 1609 51.206711
1868 1332 128.994834
1926 1446 122.672155
431 823 21.828279
487 767 15.639517
1430 1430 0.000001
384 1581 133.667712
869 1317 21.987306
441 1525 132.717189
2068 309 146.287867
656 1160 25.566256
332 739 88.372741
1794 559 65.761929
1654 1934 16.646224
1036 1318 16.720662
1148 1318 12.641262
432 657 13.971115
489 488 5.274739
544 545 5.475241
656 1329 34.168024
1501 1218 26.107908
441 743 110.878029
553 745 121.877414
2305 16 163.408260
193 1525 132.576981
578 1524 58.928980
769 881 5.697098
600 1441 42.325360
1521 1633 5.791007
1689 1633 4.187737
1633 1633 0.000000
1743 1632 8.377960
1743 1520 13.234074
1410 1466 4.201620
1051 1386 17.646995
936 992 4.207162
1166 941 12.704246
711 711 0.000000
1947 1948 4.790135
1949 1949 0.000000
1551 1552 6.060597
1383 1495 5.620987
1775 1830 4.226872
1276 997 14.048999
1047 993 9.959742
1582 1470 5.697001
1695 1638 4.188356
654 710 4.188064
991 879 5.560901
597 654 4.192322
63 2205 140.505822
2281 2238 44.293921
2269 23 151.254800
2080 2125 4.041384
1666 1609 4.187919
1387 1332 4.207357
1278 1446 8.892013
1495 823 33.203495
823 767 4.192090
1654 1430 11.603000
1636 1581 4.188858
1205 1317 5.483798
1358 1525 8.955691
361 309 3.719651
1218 1160 10.018219
739 739 0.000000
782 559 13.425555
1878 1934 4.329676
1318 1318 0.000001
1430 1318 5.560799
601 657 4.192319
545 488 4.226722
601 545 4.203862
1163 1329 17.999128
1049 1218 8.800932
578 743 16.987371
857 745 5.791200
16 16 0.000000
966 1525 28.305721
1580 1524 4.191392
937 881 4.202179
1439 1441 12.485873
17 1633 109.653716
1967 1633 22.203739
524 1633 88.114257
442 1632 106.053919
443 1520 97.740105
442 1466 108.488903
774 1386 37.664611
26 992 69.316378
886 941 4.201960
2083 711 118.147187
2102 1948 13.703489
488 1949 82.127173
716 1552 50.508182
770 1495 39.380088
493 1830 81.391445
886 997 8.408549
17 993 80.422539
1746 1470 25.521923
1747 1638 18.410159
599 710 8.377852
654 879 13.081856
541 654 8.392892
114 2205 129.087577
2170 2238 7.132507
2309 23 154.063476
2344 2125 39.528169
769 1609 41.981805
716 1332 30.767503
1446 1446 0.000001
656 823 9.272977
431 767 18.775399
1709 1430 14.964078
467 1581 68.127184
1036 1317 14.048829
193 1525 132.576981
1911 309 134.041087
824 1160 16.601501
2338 739 107.287402
391 559 10.539940
1877 1934 8.191870
1927 1318 50.352318
1094 1318 10.942603
375 657 18.261847
2289 488 131.955844
2289 545 130.031370
713 1329 30.767532
769 1218 23.081946
441 743 110.878029
330 745 110.695173
28 16 7.486241
1746 1525 21.337661
2211 1524 94.220830
2265 881 112.747321
825 1441 30.541007
2020 1633 26.518229
2020 1633 26.518229
2020 1633 26.518229
1856 1632 12.456994
1632 1520 5.791007
1745 1466 14.964219
769 1386 31.899634
711 992 14.512405
1501 941 27.582593
2211 711 89.656407
1948 1948 0.000000
374 1949 92.957914
431 1552 58.032586
767 1495 36.211277
5 1830 118.163085
828 997 8.955574
431 993 32.194380
1914 1470 33.423616
578 1638 58.122866
2083 710 113.948520
485 879 22.802846
1926 654 115.036598
2266 2205 7.339762
63 2238 141.401379
5 23 11.291315
2126 2125 4.969041
544 1609 54.765505
774 1332 30.443989
1783 1446 18.763951
656 823 9.272977
429 767 21.840509
925 1430 24.959047
282 1581 127.203648
869 1317 21.987306
2211 1525 92.270022
49 309 57.547999
2083 1160 105.532218
1914 739 61.311964
1684 559 64.711170
2172 1934 19.035535
1597 1318 14.512684
1430 1318 5.560799
17 657 63.545853
230 488 18.166432
375 545 12.798223
206 1329 128.219892
656 1218 30.745334
690 743 14.984258
524 745 20.952615
30 16 4.047502
467 1525 64.091925
193 1524 129.771451
880 881 6.243447
431 1441 53.397921
1745 1633 6.043993
2311 1633 74.107173
2289 1633 66.102072
1856 1632 12.456994
1017 1520 25.018085
2289 1466 73.030395
150 1386 74.103679
1105 992 8.425529
1275 941 20.838327
825 711 13.423399
711 1948 70.757883
2338 1949 57.559078
1829 1552 20.940279
2289 1495 81.511822
1830 1830 0.000000
5 997 76.831258
825 993 8.955332
685 1470 39.649037
1859 1638 20.951762
485 710 13.666752
2322 879 116.712672
654 654 0.000001
27 2205 150.074899
183 2238 124.853339
5 23 11.291315
2032 2125 7.182316
1777 1609 9.629115
1834 1332 28.067867
1502 1446 4.197830
713 823 13.423399
2211 767 86.084315
1038 1430 19.501749
5 1581 115.884361
1318 1317 6.362526
211 1525 74.044405
1911 309 134.041087
2166 1160 110.947923
626 739 8.378104
49 559 41.665624
1319 1934 33.716774
1092 1318 16.857051
1484 1318 12.604423
375 657 18.261847
323 488 10.610720
547 545 10.945892
1496 1329 8.955797
1385 1218 8.846188
685 743 14.985161
49 745 76.974423
44 16 13.496954
686 1525 42.095424
1636 1524 5.791007
768 881 8.387957
1723 1441 20.924396
334 1633 102.611261
441 1633 115.902732
2070 1633 28.373086
1967 1632 20.150625
692 1520 83.266449
1912 1466 26.996664
2034 1386 108.587443
1926 992 115.194161
717 941 11.412102
2034 711 120.965429
2265 1948 67.107776
374 1949 92.957914
659 1552 48.610133
1926 1495 96.380468
493 1830 81.391445
1838 997 44.017743
600 993 20.449431
633 1470 47.494131
520 1638 58.529795
373 710 20.151114
2034 879 112.902200
1926 654 115.036598
2083 2205 11.685094
2227 2238 47.171782
5 23 11.291315
2122 2125 14.842175
770 1609 41.981806
1896 1332 37.930619
2034 1446 116.211574
544 823 15.268559
1981 767 119.416067
812 1430 31.834043
1857 1581 25.136712
1765 1317 23.374797
1857 1525 29.328736
584 309 18.217100
715 1160 29.225019
578 739 38.110424
1792 559 63.468701
1876 1934 12.789638
1148 1318 12.641262
644 1318 35.845750
547 657 12.881513
433 488 4.266111
490 545 8.696595
659 1329 35.845783
656 1218 30.745334
330 743 107.395682
578 745 9.629420
2290 16 168.488528
633 1525 51.451534
467 1524 67.399525
1838 881 59.070341
1980 1441 108.884079
1968 1633 20.150394
1745 1633 6.043993
442 1633 110.943779
387 1632 100.184479
1800 1520 15.267923
332 1466 108.394279
600 1386 41.332326
432 992 30.033397
662 941 14.714364
544 711 9.629502
1949 1948 4.790798
2322 1949 56.456109
825 1552 37.296827
600 1495 45.466348
716 1830 67.941961
774 997 12.866459
656 993 18.223686
332 1470 126.149946
1914 1638 29.382844
599 710 8.377852
1981 879 115.834065
2034 654 116.174695
63 2205 140.505822
2238 2238 0.000000
44 23 20.352350
2126 2125 4.969041
656 1609 48.676727
1838 1332 30.444543
1727 1446 17.183364
1981 823 120.026246
373 767 23.791202
1765 1430 18.763814
1914 1581 25.144856
1092 1317 12.682511
1857 1525 29.328736
334 309 85.399230
600 1160 28.436903
468 739 49.002278
728 559 12.572655
1877 1934 8.191870
644 1318 35.845750
1541 1318 12.866541
431 657 16.845684
374 488 12.232950
547 545 10.945892
600 1329 36.781326
1783 1218 41.807000
633 743 13.079507
635 745 13.079507
2309 16 173.269502
2076 1525 32.923885
690 1524 54.289003
544 881 18.763805
656 1441 39.648964
1632 1633 5.942818
1633 1633 0.000000
1689 1633 4.187737
1689 1632 4.187709
1520 1520 0.000000
1298 1466 8.891660
1218 1386 8.846190
935 992 4.207242
1334 941 19.458388
655 711 4.188060
1836 1948 6.960000
2003 1949 5.227042
1327 1552 12.866574
1440 1495 4.197332
1831 1830 5.274728
937 997 22.351028
937 993 4.207234
1636 1470 12.573262
1752 1638 13.079429
822 710 5.791200
710 879 9.142921
542 654 6.211202
2283 2205 39.494122
2303 2238 40.631509
59 23 6.863452
2079 2125 7.551500
1553 1609 4.189030
1444 1332 5.560799
1446 1446 0.000001
1551 823 36.210588
879 767 5.697098
1542 1430 5.697001
1582 1581 6.060951
1317 1317 0.000001
1468 1525 9.724551
261 309 3.706837
1331 1160 17.999137
1018 739 16.941433
614 559 4.203696
1879 1934 4.329676
1261 1318 4.211338
1765 1318 24.128904
711 657 9.305218
1948 488 80.203040
433 545 6.658498
1444 1329 19.720354
1159 1218 16.295498
522 743 20.952584
744 745 5.943743
17 16 5.171013
908 1525 31.834663
1693 1524 9.272524
769 881 5.697098
881 1441 27.548105
193 1633 124.800139
1855 1633 16.777149
1968 1633 20.150394
332 1632 107.592658
1408 1520 5.620987
1353 1466 8.409240
825 1386 28.305775
5 992 75.196411
1501 941 27.582593
484 711 20.952396
2054 1948 7.463404
1948 1949 4.790798
772 1552 46.389373
769 1495 37.297498
384 1830 96.635871
1501 997 25.018088
2265 993 107.612308
1914 1470 33.423616
1915 1638 24.948434
487 710 13.666750
823 879 4.196926
710 654 4.188064
147 2205 127.966776
146 2238 126.676157
29 23 21.945673
2350 2125 37.069613
767 1609 44.711373
828 1332 25.017600
1727 1446 17.183364
712 823 8.379310
432 767 19.587301
1597 1430 9.143280
1915 1581 21.840931
813 1317 25.017636
2344 1525 70.597944
1855 309 129.942772
829 1160 35.764295
2229 739 85.943144
949 559 22.451923
1874 1934 21.242549
1352 1318 138.198857
700 1318 32.031124
432 657 13.971115
15 488 46.156665
15 545 49.156345
994 1329 17.631510
882 1218 16.503509
633 743 13.079507
630 745 18.411111
65 16 16.062201
384 1525 134.071573
234 1524 133.159762
2166 881 124.584109
774 1441 45.894617
1690 1633 4.188370
1690 1633 4.188370
1690 1633 4.188370
1743 1632 8.377960
388 1520 91.807398
1633 1466 9.143522
939 1386 22.872069
823 992 8.955336
942 941 6.311173
2283 711 130.855834
488 1948 80.203040
489 1949 80.203147
1868 1552 104.907024
880 1495 30.541600
2322 1830 68.321920
939 997 9.901437
1556 993 33.575514
1746 1470 25.521923
1747 1638 18.410159
429 710 17.879968
709 879 12.572913
2034 654 116.174695
2239 2205 9.878025
2211 2238 24.698531
2325 23 158.054043
2081 2125 4.517627
769 1609 41.981805
825 1332 29.471441
942 1446 24.959144
599 823 11.835403
713 767 15.283923
1260 1430 12.619374
332 1581 125.774370
870 1317 22.894527
2076 1525 32.923885
2196 309 133.411686
484 1160 42.321174
1690 739 48.676568
730 559 21.998080
1000 1934 112.181631
1261 1318 4.211338
757 1318 28.399489
2344 657 118.460133
2265 488 130.490387
431 545 12.450678
2265 1329 92.330816
1501 1218 26.107908
578 743 16.987371
633 745 6.044202
2327 16 172.513561
690 1525 50.553417
2344 1524 69.931203
823 881 9.724219
1838 1441 38.178094
1856 1633 13.666342
2196 1633 37.281237
2078 1633 45.910039
1633 1632 5.942818
793 1520 36.211250
94 1466 110.270621
26 1386 90.204303
937 992 9.901143
994 941 22.350729
994 711 20.969963
882 1948 57.526834
26 1949 123.544095
1718 1552 12.560412
2305 1495 89.878729
1885 1830 8.453009
26 997 73.927103
1216 993 12.682483
1077 1470 19.501699
1695 1638 4.188356
542 710 9.629501
5 879 69.549867
823 654 12.562227
2260 2205 31.255477
114 2238 130.436833
2322 23 166.138844
2165 2125 4.681376
1779 1609 12.572302
1890 1332 32.194702
1726 1446 14.964219
994 823 17.780592
2283 767 128.423841
1484 1430 9.724383
2322 1581 58.779196
1038 1317 16.720674
2311 1525 72.455593
1686 309 130.048999
49 1160 90.185468
966 739 21.674364
2211 559 137.409789
1652 1934 21.119404
1539 1318 17.780548
1261 1318 4.211338
431 657 16.845684
377 488 8.589410
491 545 13.818165
1775 1329 26.260576
1274 1218 4.214321
632 743 8.377487
2211 745 117.468340
91 16 16.844330
1636 1525 8.379517
1804 1524 15.267916
826 881 9.724303
1719 1441 17.183271
2070 1633 28.373086
524 1633 88.114257
2020 1633 26.518229
387 1632 100.184479
1800 1520 15.267923
635 1466 72.557384
544 1386 45.268969
544 992 23.374899
659 941 20.943348
2033 711 125.820018
230 1948 95.988120
1949 1949 0.000000
717 1552 54.270725
1925 1495 100.787987
1723 1830 27.977292
1981 997 137.808682
1501 993 37.878226
1857 1470 33.524667
1942 1638 111.526893
656 710 9.305297
767 879 5.697098
767 654 8.374844
2281 2205 46.245581
2280 2238 46.034998
123 23 35.586353
2338 2125 27.515016
716 1609 48.564543
1951 1332 39.031758
1727 1446 17.183364
1926 823 117.702416
1868 767 124.383882
533 1430 45.779483
520 1581 58.375567
812 1317 25.017635
520 1525 54.616794
473 309 10.794597
544 1160 31.734374
522 739 41.042829
392 559 12.798311
1875 1934 16.603194
533 1318 40.273465
979 1318 24.982088
715 657 14.984714
273 488 15.691929
544 545 5.475241
600 1329 36.781326
659 1218 28.788857
1914 743 69.122303
579 745 12.572668
185 16 34.425891
520 1525 54.616794
579 1524 62.676131
431 881 26.996261
1981 1441 105.081331
1857 1633 12.456994
1800 1633 12.571759
332 1633 111.999291
1688 1632 4.187737
1856 1520 18.248001
442 1466 108.488903
659 1386 36.492552
1838 992 58.399095
717 941 11.412102
2034 711 120.965429
2003 1948 3.744489
2338 1949 57.559078
774 1552 54.277804
829 1495 50.478129
660 1830 68.911316
713 997 25.858688
712 993 14.512405
1859 1470 25.583749
630 1638 50.829905
487 710 13.666750
1868 879 121.439601
767 654 8.374844
17 2205 159.388118
86 2238 134.265112
91 23 28.695089
2081 2125 4.517627
659 1609 48.676746
1813 1332 129.720438
2034 1446 116.211574
432 823 21.828280
599 767 9.433133
1148 1430 16.760231
330 1581 135.175219
980 1317 17.631500
633 1525 51.451534
2020 309 137.860528
599 1160 29.095190
1859 739 57.242696
1792 559 63.468701
1821 1934 8.589061
813 1318 25.017630
1430 1318 5.560799
375 657 18.261847
713 488 13.666752
490 545 8.696595
712 1329 30.767533
656 1218 30.745334
1857 743 67.942476
385 745 111.526893
29 16 4.047502
2211 1525 92.270022
579 1524 62.676131
767 881 13.565520
829 1441 41.703875
1522 1633 8.379502
1745 1633 6.043993
1745 1633 6.043993
1800 1632 9.629041
1800 1520 15.267923
1355 1466 8.408482
1107 1386 14.078479
1104 992 5.483803
1054 941 8.418688
598 711 8.377852
1835 1948 8.588863
1834 1949 16.603402
1550 1552 12.119063
1384 1495 8.398416
1996 1830 12.474155
1331 997 20.832783
1105 993 5.483803
1470 1470 0.000001
1748 1638 13.079412
766 710 4.188687
934 879 4.202183
541 654 8.392892
17 2205 159.388118
2227 2238 47.171782
82 23 10.281836
1979 2125 10.816048
1554 1609 4.189034
1108 1332 10.942603
1277 1446 8.891660
1554 823 39.379458
1047 767 14.351567
1709 1430 14.964078
1635 1581 9.465249
1429 1317 5.560799
1526 1525 6.159759
415 309 10.143149
1162 1160 12.857206
910 739 17.519758
1230 559 34.857412
1934 1934 0.000000
1038 1318 14.048833
1319 1318 6.362596
768 657 8.374781
488 488 0.000000
546 545 5.475318
1218 1329 8.425595
1104 1218 13.963466
576 743 9.629415
1024 745 16.941444
2350 16 169.426172
1695 1525 12.561991
1468 1524 4.197095
1669 881 46.482251
1386 1441 9.822638
2344 1633 62.448754
1913 1633 16.091796
238 1633 107.438991
2021 1632 23.159697
609 1520 103.321514
738 1466 36.303614
1496 1386 13.686625
2322 992 110.683905
717 941 11.412102
429 711 20.999758
375 1948 88.512116
2055 1949 7.686031
769 1552 39.448921
716 1495 50.103871
1723 1830 27.977292
830 997 12.604235
13 993 74.005783
384 1470 134.307785
578 1638 58.122866
656 710 9.305297
711 879 9.142919
542 654 6.211202
2238 2205 5.201422
2206 2238 3.564239
94 23 32.614996
2166 2125 4.113946
770 1609 41.981806
1613 1332 16.941686
1277 1446 8.891660
599 823 11.835403
1868 767 124.383882
1205 1430 12.740628
578 1581 59.640847
1372 1317 4.207490
17 1525 108.388879
1910 309 138.197643
600 1160 28.436903
5 739 74.253911
2017 559 81.904285
420 1934 81.384806
268 1318 60.109355
1541 1318 12.866541
881 657 11.602796
94 488 44.471462
43 545 42.978083
1275 1329 16.189746
770 1218 22.200606
521 743 16.777301
856 745 8.379632
120 16 20.175154
630 1525 45.466280
49 1524 105.692299
13 881 68.481663
1496 1441 4.197332
1746 1633 8.377946
1746 1633 8.377946
1914 1633 16.091941
1689 1632 4.187709
1855 1520 19.132283
1800 1466 21.359740
770 1386 30.616417
654 992 21.085464
719 941 16.769581
206 711 100.430641
2055 1948 10.143183
713 1949 68.472928
605 1552 58.840998
769 1495 37.297498
2122 1830 87.465039
1613 997 30.767800
1838 993 54.493901
384 1470 134.307785
690 1638 52.517407
713 710 17.819120
541 879 21.359833
654 654 0.000001
184 2205 126.758011
17 2238 163.048176
2229 23 153.569257
2236 2125 12.712722
770 1609 41.981806
1275 1332 4.211235
886 1446 27.548105
1783 823 66.777853
2083 767 113.959477
1149 1430 14.136994
468 1581 71.504938
1541 1317 11.257800
2344 1525 70.597944
2211 309 121.053825
825 1160 17.769994
384 739 96.470076
1905 559 70.855716
1927 1934 36.605901
813 1318 25.017630
702 1318 30.767532
16 657 58.654663
187 488 22.988852
321 545 19.562262
2311 1329 82.878587
712 1218 26.829166
1081 743 20.997300
692 745 14.984297
2339 16 174.828867
579 1525 58.928980
2211 1524 94.220830
711 881 12.572850
1723 1441 20.924396
1857 1633 12.456994
211 1633 86.299109
2305 1633 50.850166
1800 1632 9.629041
1419 1520 68.583460
2305 1466 59.462692
5 1386 94.944828
938 992 16.083234
832 941 19.541865
429 711 20.999758
880 1948 61.649114
2122 1949 85.195392
1552 1552 0.000001
94 1495 94.396065
1719 1830 8.426331
123 997 56.699413
1275 993 21.071441
851 1470 34.273848
351 1638 67.838975
486 710 12.457198
26 879 63.287622
768 654 13.261036
120 2205 152.307871
267 2238 117.117687
14 23 14.158673
2031 2125 8.038260
1723 1609 13.079562
1442 1332 13.785849
1558 1446 5.697001
1216 823 19.589892
63 767 51.576072
1260 1430 12.619374
2338 1581 64.488879
1260 1317 4.211369
49 1525 107.544408
1910 309 138.197643
2265 1160 98.797248
743 739 23.745587
2283 559 109.893539
1822 1934 6.960000
1347 1318 162.368382
1318 1318 0.000001
1723 657 55.988531
434 488 8.452913
433 545 6.658498
1663 1329 21.085491
1106 1218 5.458805
574 743 12.572668
2166 745 79.957140
6 16 4.623635
632 1525 48.750344
1860 1524 18.248001
938 881 9.822788
1777 1441 17.813998
1914 1633 16.091941
1856 1633 13.666342
1744 1633 8.377316
720 1632 109.593952
1968 1520 25.208001
385 1466 111.047550
769 1386 31.899634
767 992 12.866746
1501 941 27.582593
715 711 23.745849
187 1948 103.190542
2081 1949 87.669521
656 1552 44.847903
715 1495 46.412817
1833 1830 15.802254
432 997 41.704067
1783 993 54.244277
520 1470 50.960977
2095 1638 100.059092
599 710 8.377852
2033 879 117.730577
544 654 12.881517
1982 2205 18.881204
2282 2238 41.793710
2325 23 158.054043
5 2125 145.579886
769 1609 41.981805
2033 1332 119.088079
1728 1446 20.924733
767 823 4.192090
432 767 19.587301
1765 1430 18.763814
633 1581 55.467402
365 1317 50.110222
633 1525 51.451534
310 309 4.915046
767 1160 21.644797
690 739 38.171373
616 559 8.920566
1820 1934 12.232742
1485 1318 8.955774
589 1318 36.781321
2033 657 134.476399
491 488 15.802352
491 545 13.818165
1783 1329 42.778069
599 1218 34.780764
305 743 36.494746
635 745 13.079507
59 16 25.558052
1857 1525 29.328736
522 1524 63.154255
1981 881 125.285139
432 1441 52.368398
1800 1633 12.571759
1968 1633 20.150394
468 1633 87.590128
1967 1632 20.150625
1743 1520 13.234074
282 1466 110.507802
656 1386 39.586387
1560 992 57.710943
659 941 20.943348
769 711 9.465794
374 1948 90.577889
26 1949 123.544095
994 1552 30.443852
712 1495 39.499238
547 1830 71.789248
2083 997 128.780641
599 993 22.172253
468 1470 63.322425
330 1638 143.486938
656 710 9.305297
1560 879 65.931902
653 654 5.807733
2211 2205 29.798526
2267 2238 5.610955
6 23 15.063085
249 2125 118.515352
712 1609 45.221230
1560 1332 27.333270
1728 1446 20.924733
1838 823 66.869328
656 767 8.374844
1652 1430 16.751564
630 1581 48.806029
1541 1317 11.257800
1884 1525 115.907579
268 309 33.712032
1501 1160 35.764499
282 739 88.294384
1288 559 38.177823
1766 1934 10.539609
1542 1318 11.257800
702 1318 30.767532
321 657 24.642130
275 488 14.834607
546 545 5.475318
829 1329 37.877917
829 1218 29.453169
520 743 13.666540
523 745 16.777301
43 16 16.591416
2177 1525 99.567694
523 1524 66.869403
715 881 17.520161
712 1441 36.303641
1466 1633 9.143522
1856 1633 13.666342
1520 1633 8.378816
1520 1632 5.791007
1408 1520 5.620987
1243 1466 12.740362
1162 1386 10.981007
993 992 6.362501
998 941 4.207011
654 711 9.305292
1946 1948 9.573906
1890 1949 17.539657
1328 1552 11.257800
1494 1495 6.160340
1890 1830 18.344110
1051 997 9.960028
880 993 8.408928
744 1470 39.447355
743 1638 45.221287
655 710 4.188064
935 879 4.202179
710 654 4.188064
16 2205 158.749377
2282 2238 41.793710
2321 23 169.907076
2204 2125 12.257571
1665 1609 4.187916
1330 1332 12.724580
1222 1446 11.044596
1553 823 37.296830
711 767 4.188683
1597 1430 9.143280
1469 1581 5.697001
1036 1317 14.048829
1471 1525 9.724531
417 309 7.463393
1163 1160 19.285796
628 739 8.377474
781 559 16.747098
1767 1934 10.539609
1597 1318 14.512684
534 1318 39.801305
826 657 12.562230
1892 488 76.013396
490 545 8.696595
937 1329 19.458437
1383 1218 17.950353
689 743 9.305376
914 745 9.142824
2283 16 158.787497
743 1525 40.975543
1581 1524 4.191436
1444 881 33.520529
1271 1441 12.619374
2177 1633 97.885051
1632 1633 5.942818
1856 1633 13.666342
1353 1632 14.512630
1856 1520 18.248001
1017 1466 22.894564
1442 1386 4.201847
2229 992 124.090443
942 941 6.311173
825 711 13.423399
1838 1948 12.233311
1950 1949 4.790798
770 1552 40.931430
772 1495 45.930505
1833 1830 15.802254
717 997 14.512341
49 993 81.396640
856 1470 34.273858
410 1638 68.473705
485 710 13.666752
766 879 8.388025
597 654 4.192322
2128 2205 7.274901
180 2238 120.258990
43 23 17.582761
206 2125 122.269707
768 1609 42.910986
885 1332 22.894659
1728 1446 20.924733
824 823 6.160268
1813 767 121.537940
1654 1430 11.603000
522 1581 63.862009
1596 1317 14.512693
2211 1525 92.270022
525 309 22.087686
996 1160 23.878731
26 739 80.416632
730 559 21.998080
1596 1934 22.203780
1381 1318 47.573147
1483 1318 19.720814
1723 657 55.988531
43 488 39.366690
94 545 46.178164
1442 1329 8.408929
716 1218 29.621174
466 743 20.999469
1914 745 75.639201
2260 16 161.096970
1805 1525 15.268091
2166 1524 54.567418
49 881 76.081461
994 1441 22.894447
1914 1633 16.091941
334 1633 102.611261
2070 1633 28.373086
1408 1632 11.411995
387 1520 96.344938
1689 1466 13.082219
882 1386 24.959561
768 992 11.257998
1559 941 31.899086
16 711 63.058979
487 1948 82.127011
2003 1949 5.227042
1723 1552 22.380869
882 1495 34.274556
26 1830 111.678380
1108 997 8.425910
1868 993 128.525193
856 1470 34.273858
1915 1638 24.948434
483 710 20.952400
596 879 20.924201
653 654 5.807733
2206 2205 5.060062
2177 2238 32.872080
123 23 35.586353
249 2125 118.515352
882 1609 36.304041
1784 1332 33.442645
1726 1446 14.964219
485 823 21.566752
825 767 15.541940
1038 1430 19.501749
1801 1581 26.079021
1094 1317 12.682491
2177 1525 99.567694
2326 309 126.003038
774 1160 39.742941
628 739 8.377474
391 559 10.539940
2068 1934 87.833293
1484 1318 12.604423
758 1318 27.684404
2211 657 95.050401
2311 488 122.988813
324 545 14.047873
49 1329 97.121448
599 1218 34.780764
553 743 116.282209
1857 745 75.203135
95 16 13.940590
1747 1525 16.741345
17 1524 107.274038
768 881 8.387957
1439 1441 12.485873
1633 1633 0.000000
2211 1633 92.881670
2309 1633 63.985331
1745 1632 8.377316
1801 1520 15.267916
15 1466 111.269727
123 1386 79.056470
768 992 11.257998
1442 941 33.328759
1275 711 37.536696
430 1948 88.637124
5 1949 126.924047
1717 1552 17.180460
43 1495 90.121670
1833 1830 15.802254
150 997 61.181444
1442 993 22.894447
683 1470 43.427857
352 1638 68.152161
541 710 12.572600
2229 879 130.360434
711 654 9.305292
65 2205 149.534061
222 2238 119.246109
2312 23 157.172922
1923 2125 14.696934
1719 1609 13.079489
1496 1332 23.493899
1671 1446 13.082214
1275 823 33.666677
2350 767 112.475298
925 1430 24.959047
2328 1581 74.443496
1484 1317 8.955788
2196 1525 45.807803
445 309 92.717808
187 1160 57.052034
1695 739 52.517219
17 559 48.501366
1430 1934 28.174508
1202 1318 23.878938
1260 1318 9.959740
1777 657 56.964900
488 488 0.000000
546 545 5.475318
1442 1329 8.408929
1273 1218 4.214317
798 743 9.465975
206 745 51.731799
2321 16 161.808808
576 1525 50.597894
1803 1524 17.358853
882 881 6.243536
1886 1441 29.847530
2020 1633 26.518229
1857 1633 12.456994
1914 1633 16.091941
553 1632 109.358577
1856 1520 18.248001
386 1466 106.259706
770 1386 30.616417
2033 992 118.114441
719 941 16.769581
769 711 9.465794
206 1948 146.493319
713 1949 68.472928
829 1552 50.086493
2033 1495 96.985534
384 1830 96.635871
1980 997 140.968247
487 993 28.067811
551 1470 145.613031
1997 1638 107.710369
487 710 13.666750
1896 879 75.023252
2033 654 120.980998
2194 2205 49.024582
307 2238 112.847320
2229 23 153.569257
2322 2125 34.971273
544 1609 54.765505
1926 1332 121.283472
767 1446 55.379773
769 823 9.605355
881 767 13.565520
364 1430 56.291705
551 1581 143.369544
643 1317 37.814516
355 1525 69.429039
416 309 7.686027
769 1160 19.724567
579 739 43.583907
728 559 12.572655
1765 1934 12.798083
1092 1318 16.857051
645 1318 34.168028
769 657 5.905699
490 488 10.544039
433 545 6.658498
717 1329 41.711476
1501 1218 26.107908
630 743 8.378117
385 745 111.526893
2266 16 164.883296
355 1525 69.429039
411 1524 71.663687
1868 881 131.848484
1838 1441 38.178094
524 1633 88.114257
1689 1633 4.187737
2021 1633 24.231796
388 1632 95.775042
2019 1520 32.002053
468 1466 79.422192
829 1386 33.534608
1981 992 116.877717
830 941 8.398723
655 711 4.188060
1890 1948 12.789348
2122 1949 85.195392
1606 1552 9.466025
599 1495 45.038897
604 1830 73.016935
1496 997 37.878459
487 993 28.067811
442 1470 128.532967
464 1638 61.311876
485 710 13.666752
1927 879 108.489230
654 654 0.000001
16 2205 158.749377
2207 2238 6.650540
11 23 3.516692
2236 2125 12.712722
717 1609 51.311398
1981 1332 120.425333
1896 1446 26.996664
319 823 34.212878
542 767 13.425787
702 1430 36.303640
1746 1581 17.180089
757 1317 27.684404
1968 1525 37.317942
306 309 14.696816
712 1160 22.392701
626 739 8.378104
899 559 29.527657
1709 1934 14.358314
701 1318 30.767526
1652 1318 21.085488
1723 657 55.988531
1890 488 73.641417
433 545 6.658498
659 1329 35.845783
600 1218 32.514174
577 743 12.572655
579 745 12.572668
2078 16 147.781945
2344 1525 70.597944
467 1524 67.399525
2034 881 121.816507
659 1441 41.106899
1578 1633 4.189504
1520 1633 8.378816
1410 1633 12.961291
1966 1632 22.203739
1689 1520 9.272505
1074 1466 19.501699
938 1386 21.961606
992 992 0.000001
1447 941 26.538066
823 711 5.791200
2002 1948 5.489255
1784 1949 16.399933
1270 1552 16.861272
1662 1495 12.561941
1606 1830 12.456994
1274 997 21.071600
823 993 12.604102
1635 1470 17.519947
966 1638 33.373600
711 710 5.943391
992 879 8.408999
709 654 4.188064
2250 2205 53.116486
98 2238 169.552669
2097 23 141.914964
167 2125 126.069962
1667 1609 9.305220
1276 1332 4.211162
1445 1446 6.242950
769 823 9.605355
654 767 8.374844
1596 1430 12.573121
744 1581 47.282903
1372 1317 4.207490
797 1525 36.211336
472 309 11.894463
1048 1160 5.464996
1359 739 37.718035
894 559 18.763660
1710 1934 13.373001
1149 1318 8.815733
870 1318 21.987306
937 657 14.714423
1891 488 74.599462
544 545 5.475241
1273 1329 4.211380
1164 1218 16.295102
690 743 14.984258
1191 745 25.655492
69 16 10.281836
1748 1525 13.234074
1692 1524 9.272505
1161 881 14.137106
1719 1441 17.183271
63 1633 132.270040
1802 1633 9.629302
692 1633 81.000993
468 1632 91.994565
721 1520 102.008649
793 1466 33.842299
550 1386 47.715782
123 992 66.276031
830 941 8.398723
374 711 20.151113
431 1948 86.289648
487 1949 84.417349
882 1552 35.573028
882 1495 34.274556
1886 1830 4.266338
942 997 9.901325
2166 993 119.710840
910 1470 27.548105
689 1638 50.248544
710 710 0.000000
653 879 16.751493
371 654 21.119708
183 2205 124.032180
145 2238 124.977540
2078 23 132.848106
0 2125 142.930393
715 1609 46.503290
939 1332 19.458406
1222 1446 11.044596
542 823 17.359328
881 767 13.565520
1542 1430 5.697001
410 1581 69.458047
923 1317 25.422872
2311 1525 72.455593
415 309 10.143149
712 1160 22.392701
2322 739 99.583082
1006 559 24.128880
476 1934 77.561307
2068 1318 119.890925
868 1318 25.422647
1777 657 56.964900
155 488 33.418122
155 545 34.935043
1216 1329 8.425526
939 1218 16.733747
577 743 12.572655
1746 745 66.827832
2286 16 166.420928
464 1525 56.884641
206 1524 74.986386
252 881 113.613786
489 1441 48.719573
2070 1633 28.373086
1914 1633 16.091941
1746 1633 8.377946
1745 1632 8.377316
445 1520 88.196628
1857 1466 21.274971
1613 1386 21.674845
880 992 5.560901
886 941 4.201960
63 711 49.144081
1950 1948 9.574871
2081 1949 87.669521
1838 1552 39.880091
1495 1495 0.000000
2229 1830 82.027301
715 997 16.941495
432 993 30.588247
1805 1470 18.763942
579 1638 60.674212
1784 710 79.546469
597 879 17.183150
544 654 12.881517
85 2205 130.202400
16 2238 161.308071
26 23 13.860940
1922 2125 16.273451
768 1609 42.910986
2083 1332 111.324402
1559 1446 8.388249
824 823 6.160268
374 767 22.505166
1261 1430 8.891745
442 1581 126.889624
982 1317 17.631486
234 1525 136.182793
2265 309 115.931414
1784 1160 55.415386
739 739 0.000000
447 559 6.658498
1381 1934 49.880262
814 1318 25.017637
1148 1318 12.641262
13 657 56.966452
206 488 87.171612
2168 545 129.501202
187 1329 65.669387
829 1218 29.453169
579 743 21.998080
496 745 119.900958
2257 16 154.507188
523 1525 63.153701
2177 1524 101.083886
769 881 5.697098
1556 1441 19.321732
1858 1633 13.666704
252 1633 78.036861
94 1633 116.840189
1520 1632 5.791007
832 1520 106.617924
155 1466 121.116359
2328 1386 77.143078
1047 992 4.211392
825 941 25.574318
1442 711 39.447504
938 1948 54.099067
123 1949 105.693705
1887 1552 19.587864
15 1495 97.948662
1777 1830 13.818142
2229 997 115.543110
713 993 14.512403
686 1470 39.150901
1975 1638 20.150625
599 710 8.377852
123 879 63.809106
653 654 5.807733
2286 2205 25.415904
2130 2238 10.715430
39 23 3.442706
1978 2125 12.014341
1556 1609 15.283920
713 1332 34.419097
1559 1446 8.388249
1103 823 14.227515
206 767 103.733684
1150 1430 14.137008
150 1581 137.737574
1261 1317 4.211377
206 1525 76.488387
415 309 10.143149
206 1160 121.182254
738 739 5.943763
2265 559 141.894830
1765 1934 12.798083
866 1318 33.335205
1597 1318 14.512684
1833 657 60.303863
376 488 6.960402
544 545 5.475241
1216 1329 8.425526
1330 1218 5.483798
687 743 4.187895
252 745 36.394792
2311 16 169.578993
519 1525 52.882310
576 1524 52.805526
823 881 9.724219
1779 1441 21.359835
305 1633 94.710441
692 1633 81.000993
306 1633 99.108949
1855 1632 13.666712
2019 1520 32.002053
720 1466 115.744197
767 1386 37.664795
1896 992 66.658910
662 941 14.714364
770 711 15.283928
2311 1948 56.825023
2003 1949 5.227042
661 1552 54.660970
544 1495 48.288740
432 1830 73.641125
1723 997 37.814732
599 993 22.172253
1884 1470 116.677092
1944 1638 114.702468
712 710 11.883969
544 879 18.763833
1896 654 87.560334
307 2205 108.838106
2194 2238 48.694279
26 23 13.860940
26 2125 145.028724
547 1609 54.765521
544 1332 46.781918
1896 1446 26.996664
2033 823 121.925646
1838 767 71.029384
1820 1430 22.802997
1970 1581 26.170189
364 1317 50.110222
466 1525 61.194740
262 309 5.412388
770 1160 21.644841
635 739 46.501823
1286 559 37.179743
265 1934 90.943381
812 1318 26.585337
1653 1318 18.223790
770 657 8.374841
544 488 4.226665
274 545 17.819975
829 1329 37.877917
712 1218 26.829166
605 743 127.679569
553 745 121.877414
228 16 34.304291
466 1525 61.194740
523 1524 66.869403
1723 881 44.984704
431 1441 53.397921
692 1633 81.000993
1633 1633 0.000000
282 1633 114.646051
1855 1632 13.666712
692 1520 83.266449
1859 1466 22.803060
712 1386 35.674507
881 992 8.408928
829 941 5.620902
598 711 8.377852
713 1948 66.639365
2229 1949 67.692910
489 1552 55.088310
1501 1495 36.904040
770 1830 58.375839
1982 997 134.178002
1501 993 37.878226
1801 1470 34.386936
1746 1638 23.946110
596 710 13.079598
431 879 24.472497
2035 654 111.437500
2350 2205 31.713883
114 2238 130.436833
2305 23 162.416910
1922 2125 16.273451
599 1609 52.320752
1980 1332 123.396189
1613 1446 9.143203
321 823 29.642352
485 767 17.586455
1541 1430 8.387913
1805 1581 12.116997
870 1317 22.894527
1939 1525 111.590508
1744 309 121.623901
710 1160 25.655546
908 739 9.142831
950 559 20.820571
1542 1934 22.505061
1372 1318 9.901261
868 1318 25.422647
1838 657 68.911590
1949 488 82.127173
715 545 16.987752
717 1329 41.711476
712 1218 26.829166
521 743 16.777301
690 745 4.187868
94 16 13.519000
234 1525 136.182793
1747 1524 13.233650
768 881 8.387957
1501 1441 28.036824
1634 1633 5.943750
1691 1633 9.305299
1298 1633 18.032067
1856 1632 12.456994
1464 1520 4.197126
1242 1466 11.044596
1274 1386 5.516006
1217 992 12.682483
999 941 9.901335
767 711 4.188683
2053 1948 7.973115
374 1949 92.957914
1497 1552 9.605132
1441 1495 9.724383
1663 1830 9.870801
1105 997 26.166458
1048 993 4.211392
1414 1470 4.201620
908 1638 39.447704
598 710 6.044202
1215 879 16.503509
485 654 9.870807
2211 2205 29.798526
2083 2238 16.754036
2138 23 142.149659
207 2125 119.089219
1497 1609 5.791007
1443 1332 8.408782
1053 1446 19.501699
1497 823 35.540414
767 767 0.000000
1708 1430 17.183270
1637 1581 4.189490
1373 1317 4.207498
1136 1525 25.013139
218 309 7.740153
1327 1160 12.641254
1640 739 54.639312
1005 559 26.260619
1989 1934 5.489686
925 1318 19.458428
1652 1318 21.085488
769 657 5.905699
602 488 12.669988
547 545 10.945892
1272 1329 4.211388
936 1218 16.733750
687 743 4.187895
1361 745 30.767502
2344 16 165.984051
626 1525 48.750710
1358 1524 12.604572
1050 881 12.619511
1607 1441 12.573122
2283 1633 47.730059
1688 1633 9.304445
333 1633 107.256434
1017 1632 30.767798
1854 1520 21.566313
332 1466 108.394279
489 1386 46.234168
150 992 52.174535
662 941 14.714364
489 711 16.777370
2104 1948 22.200423
545 1949 78.082888
768 1552 38.942204
1554 1495 15.541806
1719 1830 8.426331
719 997 20.969671
2311 993 98.603361
1638 1470 9.143203
522 1638 62.229381
542 710 9.629501
768 879 8.388025
486 654 9.870807
61 2205 133.754340
181 2238 121.415596
122 23 34.567300
2218 2125 64.198639
655 1609 50.248360
772 1332 27.684404
2034 1446 116.211574
486 823 19.132552
321 767 26.294660
703 1430 37.381057
1913 1581 29.136827
476 1317 43.170217
63 1525 122.753418
612 309 102.456360
886 1160 37.616923
123 739 84.170794
1960 559 73.933723
312 1934 87.978929
1560 1318 110.931421
1092 1318 16.857051
1838 657 68.911590
2234 488 143.470969
2305 545 137.022281
1496 1329 8.955797
772 1218 25.543823
688 743 4.187854
464 745 17.880012
20 16 17.363033
330 1525 135.135317
2311 1524 74.307745
2311 881 103.918529
1275 1441 17.877208
334 1633 102.611261
2070 1633 28.373086
334 1633 102.611261
2019 1632 26.719591
1687 1520 12.562020
692 1466 73.816534
885 1386 29.443501
879 992 8.408999
1726 941 39.904923
2350 711 115.307697
1892 1948 4.329548
1890 1949 17.539657
1556 1552 24.220504
770 1495 39.380088
123 1830 109.494709
940 997 4.207760
1813 993 126.905244
910 1470 27.548105
689 1638 50.248544
1982 710 114.036378
542 879 18.763833
2035 654 111.437500
2170 2205 7.028255
2250 2238 48.929330
2284 23 158.787497
2100 2125 72.847630
767 1609 44.711373
484 1332 62.638749
1054 1446 19.501863
600 823 13.234227
483 767 25.136513
1484 1430 9.724383
2021 1581 36.810829
700 1317 30.767530
17 1525 108.388879
13 309 37.431199
1275 1160 20.016767
1746 739 51.206550
1006 559 24.128880
1560 1934 92.676760
925 1318 19.458428
870 1318 21.987306
252 657 102.014940
49 488 57.011105
1723 545 61.943284
230 1329 60.827451
824 1218 21.549942
689 743 9.305376
608 745 125.873859
2310 16 172.157704
1915 1525 25.832606
63 1524 124.065133
882 881 6.243536
1868 1441 113.269446
1691 1633 9.305299
206 1633 78.515159
15 1633 119.418601
1743 1632 8.377960
738 1520 40.975537
43 1466 120.536909
2229 1386 102.160813
880 992 5.560901
550 941 20.820569
1216 711 25.317478
598 1948 78.756599
2328 1949 50.245463
1664 1552 5.905999
2309 1495 81.961474
605 1830 76.221921
2322 997 106.073071
774 993 33.098531
741 1470 36.303614
1748 1638 13.079412
656 710 9.305297
150 879 45.990553
655 654 5.807733
66 2205 154.584095
2037 2238 17.574722
12 23 5.171014
2203 2125 8.335242
1607 1609 11.883948
1606 1332 36.798108
1501 1446 4.197111
1442 823 34.274032
16 767 66.451272
1261 1430 8.891745
123 1581 126.529732
1149 1317 8.815752
2211 1525 92.270022
1253 309 56.538828
17 1160 89.067617
800 739 27.134942
2326 559 133.228245
1374 1934 30.828989
1091 1318 21.071141
925 1318 19.458428
881 657 11.602796
600 488 6.412995
325 545 15.843085
1275 1329 16.189746
1161 1218 4.215870
631 743 6.044202
2265 745 92.742623
1980 16 141.828551
685 1525 42.095496
1915 1524 23.241004
1105 881 11.044704
1830 1441 25.583955
330 1633 121.658953
1745 1633 6.043993
305 1633 94.710441
386 1632 104.712662
470 1520 97.740065
1967 1466 31.311170
882 1386 24.959561
1951 992 66.650543
1783 941 43.560065
1951 711 79.879659
49 1948 123.175216
2126 1949 83.624851
662 1552 58.456853
767 1495 36.211277
1886 1830 4.266338
431 997 45.881120
656 993 18.223686
439 1470 142.489755
1916 1638 20.999504
600 710 13.079598
1925 879 118.577325
1951 654 87.705025
1784 2205 86.255856
2303 2238 40.631509
2338 23 160.615280
2229 2125 34.459563
2033 1609 99.252012
715 1332 30.767512
2033 1446 118.261972
715 823 24.885669
1813 767 121.537940
1148 1430 16.760231
1916 1581 19.587718
757 1317 27.684404
521 1525 56.955441
474 309 11.591100
1926 1160 112.326439
467 739 43.971358
1568 559 51.430180
1486 1934 25.208001
1203 1318 17.998781
756 1318 30.444031
660 657 17.409445
274 488 14.233803
2056 545 88.214002
599 1329 37.814572
487 1218 40.494069
493 743 121.470510
523 745 16.777301
25 16 18.190942
521 1525 56.955441
1915 1524 23.241004
1980 881 129.874676
1723 1441 20.924396
1745 1633 6.043993
1857 1633 12.456994
1859 1633 16.777726
1632 1632 0.000000
1854 1520 21.566313
2021 1466 33.356399
1783 1386 33.729066
1813 992 121.559671
719 941 16.769581
1926 711 120.910815
2081 1948 86.493521
150 1949 108.649549
1496 1552 4.191548
717 1495 54.274957
1722 1830 22.738520
825 997 23.494116
659 993 21.085461
745 1470 42.358223
2045 1638 94.924165
542 710 9.629501
319 879 35.437111
544 654 12.881517
2311 2205 14.973464
115 2238 132.828141
2328 23 160.615281
2100 2125 72.847630
487 1609 58.529810
1165 1332 12.641409
1925 1446 124.929472
1868 823 125.568413
1783 767 70.965770
1319 1430 8.408932
305 1581 80.533692
1037 1317 14.048831
1858 1525 25.098983
2172 309 110.313208
1783 1160 50.567891
1801 739 56.132525
729 559 16.988140
1708 1934 16.971087
645 1318 34.168028
1092 1318 16.857051
2168 657 124.699195
2003 488 83.913465
491 545 13.818165
997 1329 30.438740
1726 1218 37.681618
496 743 115.136810
578 745 9.629420
2349 16 166.620499
17 1525 108.388879
1915 1524 23.241004
882 881 6.243536
717 1441 45.952604
1467 1633 12.573248
1800 1633 12.571759
1185 1633 22.393001
1631 1632 5.943770
1631 1520 8.379517
1185 1466 14.137165
1331 1386 4.207501
1329 992 17.631477
1279 941 20.838261
766 711 9.465870
1945 1948 14.344159
489 1949 80.203147
1048 1552 25.135889
1329 1495 12.604423
1999 1830 14.040533
1106 997 19.957930
879 993 13.785985
632 1470 44.984368
626 1638 56.556738
767 710 4.188687
1104 879 12.740755
934 654 14.714424
2235 2205 12.686190
2280 2238 46.034998
108 23 15.643050
2127 2125 9.922046
1778 1609 9.629116
1274 1332 9.959628
1276 1446 12.619509
1665 823 43.016065
766 767 6.060590
1821 1430 21.274877
1584 1581 18.173371
981 1317 16.426406
1356 1525 12.604556
418 309 9.632146
1107 1160 16.295593
856 739 30.785150
559 559 0.000000
1766 1934 10.539609
1484 1318 12.604423
1541 1318 12.866541
655 657 11.612004
487 488 5.274660
768 545 13.425750
1443 1329 13.786028
1440 1218 16.832562
632 743 8.377487
1416 745 33.963621
2250 16 146.406503
1474 1525 28.036243
1189 1524 17.770601
882 881 6.243536
1556 1441 19.321732
2076 1633 37.071709
1911 1633 20.999516
1857 1633 12.456994
307 1632 107.737767
1633 1520 8.378816
1474 1466 49.846247
1275 1386 8.418645
2122 992 131.142967
659 941 20.943348
1496 711 39.499238
321 1948 94.372405
1892 1949 8.191989
828 1552 45.929790
660 1495 50.553641
1830 1830 0.000000
775 997 16.791410
252 993 119.172555
799 1470 33.842291
519 1638 57.567405
486 710 12.457198
880 879 6.243541
709 654 4.188064
2084 2205 10.560739
85 2238 132.105795
2289 23 150.334432
17 2125 149.917574
598 1609 54.126326
1669 1332 18.223943
1278 1446 8.892013
485 823 21.566752
1838 767 71.029384
1372 1430 9.822552
356 1581 76.454675
1089 1317 26.279548
2283 1525 57.246661
445 309 92.717808
599 1160 29.095190
2328 739 117.277127
337 559 14.047861
1708 1934 16.971087
2172 1318 51.701202
1650 1318 25.858686
1779 657 58.274111
29 488 46.048805
29 545 48.673525
774 1329 42.055630
544 1218 36.429019
1692 743 52.517228
305 745 30.496574
66 16 13.579159
1638 1525 8.378816
2196 1524 44.405629
17 881 74.948923
550 1441 54.843283
1577 1633 4.188843
1577 1633 4.188843
384 1633 118.788358
1854 1632 16.777149
1912 1520 21.828144
1968 1466 29.258456
544 1386 45.268969
655 992 18.223717
829 941 5.620902
13 711 58.924711
545 1948 76.267383
2126 1949 83.624851
1439 1552 8.387963
1050 1495 29.165887
150 1830 94.442329
716 997 14.512548
1439 993 25.422562
799 1470 33.842291
467 1638 66.440922
374 710 19.417600
371 879 34.152569
766 654 5.905699
41 2205 137.360492
69 2238 169.385603
2328 23 160.615281
2003 2125 80.554067
939 1609 35.674400
1496 1332 23.493899
1502 1446 4.197830
712 823 8.379310
1982 767 114.630213
814 1430 30.541007
1748 1581 9.433336
1430 1317 8.408880
2265 1525 63.437601
234 309 72.148984
1982 1160 108.868498
1890 739 159.000246
1960 559 73.933723
1352 1934 120.425036
1149 1318 8.815733
1092 1318 16.857051
2265 657 123.334552
2350 488 127.551455
605 545 25.173581
2350 1329 84.404545
997 1218 22.129003
385 743 106.549040
238 745 97.752316
2291 16 166.420929
522 1525 59.825960
234 1524 133.159762
879 881 12.485868
605 1441 50.645950
1800 1633 12.571759
234 1633 127.148831
29 1633 117.963777
1576 1632 4.188843
2021 1520 28.933839
2309 1466 71.305928
2336 1386 88.565652
711 992 14.512405
1216 941 37.753590
1103 711 19.909218
1554 1948 26.170180
2336 1949 56.400292
1608 1552 4.188966
29 1495 97.741118
2051 1830 19.786470
2328 997 98.833467
1103 993 13.919035
1636 1470 12.573262
353 1638 69.041603
600 710 13.079598
2122 879 133.787031
598 654 4.192322
1536 2205 43.006831
2129 2238 10.606782
2346 23 164.936848
1977 2125 14.461945
1830 1609 20.952255
774 1332 30.443989
1557 1446 8.387533
1606 823 39.499061
49 767 74.300339
1208 1430 16.832638
2336 1581 60.611758
1150 1317 12.641278
2166 1525 51.424740
752 309 26.806962
2211 1160 69.970678
1752 739 59.534770
2177 559 131.146741
982 1934 50.109918
1122 1318 174.516200
1039 1318 16.720714
324 657 20.210109
378 488 12.233019
601 545 4.203862
994 1329 17.631510
1554 1218 16.741598
854 743 8.379661
2326 745 101.096609
430 16 49.096942
574 1525 48.288721
1749 1524 13.234074
770 881 8.388021
1556 1441 19.321732
306 1633 99.108949
1800 1633 12.571759
330 1633 121.658953
388 1632 95.775042
333 1520 98.877660
497 1466 110.898461
1926 1386 113.316505
769 992 12.866701
886 941 4.201960
1926 711 120.910815
2344 1948 49.276537
1890 1949 17.539657
658 1552 46.557664
885 1495 46.286335
324 1830 82.121605
605 997 20.449388
1726 993 50.076115
496 1470 136.917078
441 1638 141.010657
1726 710 71.003694
1727 879 67.614320
769 654 18.757072
483 2205 111.880825
98 2238 169.552669
2328 23 160.615281
2328 2125 34.772918
2034 1609 95.700311
1952 1332 42.191859
1897 1446 29.847682
770 823 15.541945
1980 767 124.204092
1206 1430 11.044596
466 1581 65.127501
868 1317 22.894538
1970 1525 30.153479
309 309 0.000001
2033 1160 113.952839
523 739 46.308218
672 559 8.393127
1599 1934 20.150531
1820 1318 28.067901
1707 1318 25.138801
716 657 20.762684
546 488 8.696595
546 545 5.475318
656 1329 34.168024
829 1218 29.453169
236 743 98.953679
690 745 4.187868
87 16 25.493276
524 1525 66.869403
1941 1524 118.928959
321 881 35.070574
1813 1441 113.024395
238 1633 107.438991
692 1633 81.000993
307 1633 103.692882
386 1632 104.712662
804 1520 81.089552
307 1466 95.207861
599 1386 43.606560
319 992 43.113727
663 941 17.046550
654 711 9.305292
2126 1948 82.352600
123 1949 105.693705
550 1552 63.044014
886 1495 51.245577
1889 1830 13.330987
1275 997 16.720839
657 993 17.163697
1885 1470 119.898107
1827 1638 108.592926
710 710 0.000000
1954 879 87.611347
766 654 5.905699
206 2205 138.382364
2193 2238 51.205325
2309 23 154.063476
132 2125 129.939280
657 1609 47.871512
431 1332 55.269060
1897 1446 29.847682
1813 823 122.992720
600 767 12.560138
758 1430 33.245203
464 1581 60.492297
700 1317 30.767530
524 1525 66.869403
1000 309 115.995379
824 1160 16.601501
442 739 92.410094
504 559 8.696666
1544 1934 23.791109
981 1318 17.631486
1483 1318 19.720814
1981 657 132.486335
429 488 18.344113
2033 545 138.234576
824 1329 25.017638
997 1218 22.129003
524 743 30.665970
1941 745 133.129377
2289 16 169.718263
63 1525 122.753418
635 1524 62.625154
770 881 8.388021
599 1441 43.230014
1409 1633 11.411995
1410 1633 12.961291
1242 1633 19.909617
693 1632 91.337072
1576 1520 4.191421
1130 1466 16.503401
1048 1386 20.838704
1441 992 22.894422
1390 941 22.872183
880 711 9.142923
2101 1948 11.169972
713 1949 68.472928
1495 1552 4.191622
1104 1495 19.590373
1834 1830 21.043894
1050 997 16.189951
995 993 12.724776
1473 1470 18.726320
745 1638 48.564808
823 710 8.379372
878 879 6.243541
596 654 9.123469
69 2205 168.470161
24 2238 140.732793
109 23 14.257716
168 2125 122.646705
1721 1609 6.043993
1445 1332 8.409233
1503 1446 9.724561
823 823 0.000000
1158 767 19.724566
1372 1430 9.822552
1525 1581 4.192091
1653 1317 17.163799
1246 1525 14.227924
528 309 14.451295
1105 1160 4.215871
799 739 21.196644
726 559 9.629423
1933 1934 4.790456
1260 1318 9.959740
982 1318 16.426406
823 657 12.562170
600 488 6.412995
769 545 12.116901
1331 1329 12.724776
1052 1218 18.023199
574 743 12.572668
1362 745 30.767502
2218 16 143.306751
745 1525 46.412655
1356 1524 8.955683
770 881 8.388021
1165 1441 31.782466
2311 1633 74.107173
1522 1633 8.379502
1745 1633 6.043993
832 1632 107.818800
1800 1520 15.267923
832 1466 115.100763
994 1386 19.458841
2328 992 93.443268
719 941 16.769581
1784 711 75.153947
1723 1948 14.358187
323 1949 92.058007
939 1552 37.664303
1669 1495 34.045071
881 1830 50.961273
1558 997 28.399177
2211 993 78.776634
628 1470 43.230056
690 1638 52.517407
541 710 12.572600
544 879 18.763833
599 654 9.123550
2207 2205 10.091387
2131 2238 12.414556
15 23 17.363035
2250 2125 60.812906
823 1609 40.975388
770 1332 30.443989
1670 1446 11.603000
600 823 13.234227
1980 767 124.204092
1653 1430 13.082006
579 1581 63.044517
1201 1317 23.878452
2265 1525 63.437601
555 309 98.496684
1501 1160 35.764499
2122 739 78.935877
782 559 13.425555
1709 1934 14.358314
1271 1318 60.647210
702 1318 30.767532
1833 657 60.303863
2305 488 140.633684
2234 545 141.729401
1103 1329 16.857055
2034 1218 113.469167
238 743 92.606734
1805 745 60.673841
6 16 4.623635
409 1525 63.059285
2283 1524 55.934953
2344 881 106.928721
1606 1441 17.520279
1018 1633 30.767901
1018 1633 30.767901
160 1633 102.459546
692 1632 86.100730
1296 1520 11.136993
1408 1466 9.822723
2034 1386 108.587443
766 992 16.791557
1502 941 28.305945
2344 711 116.454619
1891 1948 8.191575
2083 1949 84.428665
1607 1552 4.189037
879 1495 30.541599
2328 1830 49.476480
1277 997 14.048769
1981 993 121.475551
1690 1470 26.790014
522 1638 62.229381
825 710 19.060556
486 879 21.274688
598 654 4.192322
2222 2205 57.254010
2218 2238 49.563087
2338 23 160.615280
132 2125 129.939280
2034 1609 95.700311
994 1332 20.832533
1614 1446 9.143522
596 823 21.337675
1784 767 75.363358
1597 1430 9.143280
800 1581 43.289573
757 1317 27.684404
2166 1525 51.424740
2166 309 108.201996
429 1160 43.483533
910 739 17.519758
894 559 18.763660
2209 1934 21.214266
701 1318 30.767526
590 1318 36.781326
2166 657 134.418490
2076 488 162.723268
1838 545 74.287975
63 1329 80.911436
659 1218 28.788857
912 743 9.142817
1968 745 83.529731
2195 16 149.811993
689 1525 47.352743
2283 1524 55.934953
654 881 21.514983
432 1441 52.368398
580 1633 84.154137
13 1633 122.003997
155 1633 127.171778
1410 1632 16.769484
442 1520 102.654484
29 1466 110.239601
2322 1386 89.795943
1270 992 16.720719
1496 941 42.085370
484 711 20.952396
939 1948 53.120815
89 1949 112.891741
1609 1552 9.465935
2234 1495 93.273130
493 1830 81.391445
2336 997 106.451706
1496 993 25.018127
796 1470 35.573078
1752 1638 13.079429
709 710 5.943396
2328 879 97.994971
544 654 12.881517
1534 2205 43.628725
316 2238 114.970735
16 23 19.384245
2030 2125 10.884313
1781 1609 21.998144
1775 1332 37.935464
1334 1446 5.560799
1496 823 33.802876
2344 767 113.842302
1149 1430 14.136994
26 1581 121.220547
1597 1317 14.512695
234 1525 136.182793
528 309 14.451295
234 1160 61.510664
793 739 15.284483
63 559 70.106523
1426 1934 38.164707
1257 1318 32.446869
1208 1318 13.919121
1779 657 58.274111
545 488 4.226722
715 545 16.987752
825 1329 25.017637
715 1218 26.829164
855 743 5.791200
13 745 71.732602
2326 16 175.952237
1747 1525 16.741345
632 1524 51.451554
1106 881 12.740753
1607 1441 12.573122
1744 1633 8.377316
238 1633 107.438991
160 1633 102.459546
335 1632 94.041753
441 1520 107.634566
523 1466 75.551984
1896 1386 41.695037
1925 992 120.131224
600 941 34.751560
767 711 4.188683
2350 1948 49.871039
2125 1949 84.800124
599 1552 48.008530
769 1495 37.297498
330 1830 97.143181
1560 997 33.575182
717 993 31.201752
1939 1470 112.399459
1940 1638 106.548979
2008 710 95.582061
769 879 13.565520
654 654 0.000001
2280 2205 48.525420
2083 2238 16.754036
2336 23 165.840984
2336 2125 32.056354
660 1609 50.248329
2006 1332 43.114125
1925 1446 124.929472
1925 823 122.746615
319 767 30.261646
1485 1430 4.197285
1968 1581 33.147049
588 1317 36.781324
1858 1525 25.098983
527 309 16.045223
716 1160 33.588365
1747 739 50.829695
1680 559 57.295272
1988 1934 9.811545
1430 1318 5.560799
1762 1318 29.296456
2034 657 129.642674
2033 488 137.762595
273 545 19.756943
487 1329 44.017614
1951 1218 50.286911
1996 743 139.687980
467 745 17.880012
270 16 41.321364
1970 1525 30.153479
635 1524 62.625154
605 881 30.586020
605 1441 50.645950
441 1633 115.902732
238 1633 107.438991
1353 1633 14.512639
335 1632 94.041753
498 1520 99.396731
1353 1466 8.409240
717 1386 38.356454
1439 992 22.894449
551 941 22.452289
711 711 0.000000
2083 1948 82.528145
2328 1949 50.245463
2083 1552 88.208495
659 1495 47.352745
1836 1830 31.452435
442 997 41.703997
1499 993 29.471954
1886 1470 122.672423
1805 1638 12.572344
541 710 12.572600
1439 879 27.548105
598 654 4.192322
49 2205 165.026202
111 2238 129.685878
2336 23 165.840984
2077 2125 16.448829
658 1609 47.871513
432 1332 52.273881
2035 1446 113.637937
1980 823 124.784863
371 767 29.371426
757 1430 33.842209
2024 1581 27.489246
1094 1317 12.682491
1692 1525 12.562005
1927 309 88.084250
487 1160 35.363973
745 739 35.560969
785 559 16.747716
1878 1934 4.329676
1205 1318 8.425545
758 1318 27.684404
1980 657 137.261011
326 488 18.534802
601 545 4.203862
599 1329 37.814572
599 1218 34.780764
551 743 121.877418
467 745 17.880012
2263 16 166.059912
2265 1525 63.437601
689 1524 50.553975
880 881 6.243447
487 1441 49.478188
1688 1633 9.304445
1408 1633 12.960834
1691 1633 9.305299
453 1632 64.212927
1854 1520 21.566313
1186 1466 14.136940
1106 1386 14.078482
1049 992 9.959731
1167 941 16.847563
937 711 16.769656
2005 1948 11.486378
1442 1949 34.152427
1438 1552 13.565573
1605 1495 13.423367
1496 1830 21.566356
1330 997 25.282817
1106 993 8.425598
1024 1470 25.422503
800 1638 42.911027
765 710 9.465875
824 879 9.724209
543 654 8.392892
2344 2205 35.260280
2194 2238 48.694279
25 23 10.092727
1921 2125 18.790607
1722 1609 8.377702
995 1332 17.631438
1335 1446 8.409233
767 823 4.192090
880 767 8.388025
1653 1430 13.082006
1749 1581 9.433604
1596 1317 14.512693
1581 1525 4.192091
308 309 4.915060
1272 1160 5.465001
630 739 18.410253
1006 559 24.128880
1935 1934 4.790502
813 1318 25.017630
1094 1318 10.942603
770 657 8.374841
1893 488 77.858075
770 545 13.425785
1105 1329 10.942603
935 1218 21.063250
573 743 16.988124
1250 745 25.317441
63 16 21.212590
800 1525 39.379921
1691 1524 12.562005
1553 881 33.245106
1723 1441 20.924396
2265 1633 68.288761
1634 1633 5.943750
580 1633 84.154137
738 1632 46.503236
1689 1520 9.272505
1419 1466 59.564666
1784 1386 38.575700
2336 992 108.243923
1726 941 39.904923
1606 711 45.221230
1781 1948 10.539746
376 1949 88.512262
826 1552 39.379458
937 1495 30.372389
330 1830 97.143181
1557 997 27.684206
2344 993 101.398654
464 1470 53.397896
467 1638 66.440922
371 710 25.250999
2034 879 112.902200
373 654 16.646626
86 2205 132.888445
2085 2238 14.022702
155 23 37.598695
16 2125 152.484501
430 1609 64.212927
882 1332 25.422596
1896 1446 26.996664
541 823 20.919692
319 767 30.261646
1429 1430 6.243475
523 1581 67.266760
1260 1317 4.211369
69 1525 117.014744
388 309 89.095446
710 1160 25.655546
2336 739 102.356357
506 559 19.061748
531 1934 78.673101
1577 1318 127.749665
980 1318 20.832596
321 657 24.642130
119 488 28.279868
119 545 31.434975
1606 1329 20.970156
828 1218 25.012784
1857 743 67.942476
799 745 15.283580
2321 16 161.808808
856 1525 38.260914
211 1524 75.258613
2211 881 84.045150
2083 1441 96.458085
197 1633 104.975988
197 1633 104.975988
197 1633 104.975988
333 1632 102.939527
1911 1520 23.241011
333 1466 103.548087
767 1386 37.664795
598 992 22.172288
1672 941 39.585949
2177 711 83.425560
323 1948 90.394261
1834 1949 16.603402
432 1552 57.717603
937 1495 30.372389
2336 1830 65.110734
772 997 12.866938
1386 993 21.458708
464 1470 53.397896
632 1638 52.320735
707 710 17.819120
599 879 14.963899
372 654 18.261843
270 2205 123.929139
2344 2238 32.407705
2336 23 165.840984
205 2125 125.783471
772 1609 44.711338
1606 1332 36.798108
1334 1446 5.560799
829 823 36.904138
1103 767 16.741802
701 1430 36.303635
745 1581 50.508660
1092 1317 12.682511
63 1525 122.753418
206 309 56.909294
1496 1160 16.601994
799 739 21.196644
337 559 14.047861
2226 1934 74.728662
1260 1318 9.959740
868 1318 25.422647
2283 657 131.986432
252 488 92.434550
1833 545 66.506822
2211 1329 63.304398
996 1218 16.856977
1747 743 56.556560
580 745 16.987403
2335 16 165.840984
635 1525 58.480856
2265 1524 65.890958
598 881 20.924204
1165 1441 31.782466
1968 1633 20.150394
2166 1633 60.171660
122 1633 124.585024
1631 1632 5.943770
332 1520 103.621505
2234 1466 61.823769
2122 1386 115.962906
1048 992 4.211311
713 941 27.083743
374 711 20.151113
770 1948 63.060582
2229 1949 67.692910
1720 1552 9.433381
155 1495 83.133323
1723 1830 27.977292
2122 997 135.264740
1606 993 34.419408
1191 1470 16.760346
2027 1638 23.053886
597 710 8.377856
2325 879 111.526546
766 654 5.905699
1647 2205 37.281236
2036 2238 18.063517
2350 23 171.151878
1924 2125 14.385602
1885 1609 29.383282
994 1332 20.832533
1390 1446 4.202356
1663 823 42.095056
2177 767 80.081028
1597 1430 9.143280
2122 1581 36.159805
813 1317 25.017636
13 1525 113.946925
640 309 20.797501
2326 1160 95.430323
1748 739 51.206432
13 559 64.961724
1593 1934 37.312814
1374 1318 4.207505
1149 1318 8.815733
605 657 25.915453
275 488 14.834607
436 545 17.115439
1831 1329 28.067901
1387 1218 12.632540
519 743 12.457198
17 745 73.917589
2339 16 174.828867
1804 1525 17.358853
519 1524 54.617116
711 881 12.572850
1885 1441 33.423803
1746 1633 8.377946
333 1633 107.256434
1746 1633 8.377946
635 1632 85.001847
2069 1520 34.214140
387 1466 101.497673
885 1386 29.443501
715 992 25.858438
830 941 8.398723
547 711 21.998084
2076 1948 88.510994
2083 1949 84.428665
714 1552 44.710911
770 1495 39.380088
1719 1830 8.426331
2104 997 64.634485
829 993 29.430412
524 1470 62.725127
1970 1638 28.969470
2105 710 99.416936
1951 879 74.918819
1925 654 119.977764
707 2205 101.141696
1784 2238 81.460126
2284 23 158.787497
123 2125 169.475643
772 1609 44.711338
769 1332 33.575674
1613 1446 9.143203
1951 823 75.233561
321 767 26.294660
1876 1430 26.996698
439 1581 141.743011
313 1317 53.776400
577 1525 52.805526
585 309 17.450870
1896 1160 58.444864
1081 739 40.897973
785 559 16.747716
266 1934 90.874892
1876 1318 32.194735
699 1318 38.479292
546 657 8.392889
2056 488 92.322335
1836 545 69.724855
712 1329 30.767533
717 1218 33.373296
2045 743 127.253795
411 745 22.204256
82 16 29.665667
1968 1525 37.317942
410 1524 68.409867
375 881 29.258600
2104 1441 56.147410
333 1633 107.256434
333 1633 107.256434
832 1633 113.670637
553 1632 109.358577
443 1520 97.740105
832 1466 115.100763
997 1386 24.982781
1723 992 42.604366
942 941 6.311173
880 711 9.142923
1834 1948 12.232477
2336 1949 56.400292
1275 1552 25.995370
657 1495 43.016447
1665 1830 16.787017
1442 997 29.152997
545 993 23.374899
800 1470 35.573078
1638 1638 0.000000
371 710 25.250999
1838 879 66.730697
430 654 12.869700
69 2205 168.470161
147 2238 128.794318
30 23 23.123506
205 2125 125.783471
829 1609 46.412652
1723 1332 20.449493
1616 1446 17.520771
2168 823 112.293345
712 767 9.465784
870 1430 27.548105
2070 1581 40.612120
1148 1317 8.815748
520 1525 54.616794
160 309 71.353116
997 1160 29.974970
800 739 27.134942
1286 559 37.179743
420 1934 81.384806
1596 1318 16.941584
1765 1318 24.128904
605 657 25.915453
226 488 26.175219
770 545 13.425785
996 1329 25.282504
824 1218 21.549942
439 743 115.787361
497 745 117.771259
15 16 5.171013
233 1525 139.485791
522 1524 63.154255
823 881 9.724219
997 1441 33.688189
1241 1633 19.909467
1298 1633 18.032067
1408 1633 12.960834
623 1632 51.206760
623 1520 45.466416
1073 1466 19.501863
1273 1386 8.418657
1159 992 8.815758
1502 941 28.305945
1047 711 16.927705
1889 1948 17.539358
1275 1949 38.106923
1553 1552 6.060506
1552 1495 4.191622
1827 1830 15.802254
938 997 16.083520
1218 993 12.682529
1584 1470 13.565386
1474 1638 23.022654
653 710 9.305297
709 879 12.572913
992 654 21.085464
2218 2205 54.226727
1982 2238 23.819039
2290 23 149.868080
298 2125 109.481368
1330 1609 14.512697
1050 1332 16.720594
1391 1446 9.822733
880 823 4.196934
822 767 4.192094
1766 1430 17.813998
1412 1581 9.037471
646 1317 34.168028
1189 1525 16.601994
583 309 20.147204
937 1160 12.704048
1638 739 48.564428
560 559 5.475661
1543 1934 22.505061
1150 1318 8.815756
590 1318 36.781326
882 657 13.081854
2001 488 81.166332
711 545 12.572545
1162 1329 12.641331
1217 1218 6.421295
519 743 12.457198
1417 745 33.373708
2235 16 162.981797
1752 1525 21.336906
1526 1524 12.318913
1667 881 41.107092
1777 1441 17.813998
49 1633 105.893004
1803 1633 12.572357
1800 1633 12.571759
793 1632 41.981782
389 1520 87.395858
966 1466 37.894347
1606 1386 27.083661
2325 992 107.248242
1783 941 43.560065
774 711 39.015504
324 1948 88.980838
1894 1949 4.329543
660 1552 51.345388
1553 1495 9.605141
432 1830 73.641125
662 997 18.223521
16 993 75.627469
1690 1470 26.790014
687 1638 47.871556
600 710 13.079598
879 879 0.000001
596 654 9.123469
2129 2205 7.430828
2087 2238 15.721776
2349 23 172.665863
2076 2125 21.003735
882 1609 36.304041
1108 1332 10.942603
885 1446 28.273979
487 823 18.248398
2168 767 112.825167
1036 1430 21.488336
1969 1581 29.371392
589 1317 36.781325
49 1525 107.544408
528 309 14.451295
883 1160 21.047515
2325 739 103.436787
836 559 20.919380
1201 1934 50.867414
1813 1318 58.440340
757 1318 28.399489
1781 657 62.034980
2247 488 102.043826
2309 545 130.901529
429 1329 52.273970
768 1218 25.543873
634 743 18.411074
409 745 19.417600
30 16 4.047502
1690 1525 22.722469
2350 1524 70.682799
1 881 74.157646
1663 1441 16.751568
160 1633 102.459546
160 1633 102.459546
1018 1633 30.767901
1633 1632 5.942818
611 1520 92.390833
238 1466 102.660978
772 1386 31.899573
653 992 25.138541
775 941 12.587942
252 711 104.301160
602 1948 71.244165
1784 1949 16.399933
1813 1552 104.636500
711 1495 38.994695
2325 1830 63.240747
1109 997 5.483803
1723 993 39.800313
1638 1470 9.143203
687 1638 47.871556
226 710 32.121499
824 879 9.724209
769 654 18.757072
2058 2205 70.592095
2350 2238 28.696719
2122 23 137.182885
131 2125 134.064587
716 1609 48.564543
489 1332 45.664519
1671 1446 13.082214
997 823 35.475707
1606 767 41.981806
813 1430 30.541001
125 1581 117.076543
924 1317 19.458435
49 1525 107.544408
2177 309 123.929139
1216 1160 4.215792
856 739 30.785150
782 559 13.425555
197 1934 151.447289
1038 1318 14.048833
1091 1318 21.071141
0 657 62.029164
2344 488 128.198130
227 545 26.462527
13 1329 90.332346
657 1218 28.788856
497 743 112.058121
551 745 125.234761
2256 16 152.515997
1941 1525 116.940778
2166 1524 54.567418
655 881 16.751428
1386 1441 9.822638
1580 1633 15.284573
2326 1633 67.132897
2349 1633 68.568506
1854 1632 16.777149
908 1520 37.638891
122 1466 118.176276
2325 1386 90.607895
1106 992 13.919030
1606 941 55.301882
489 711 16.777370
937 1948 55.689996
2322 1949 56.456109
1776 1552 12.116997
2349 1495 71.804574
1607 1830 13.666560
2325 997 111.162963
1663 993 35.845846
798 1470 33.245203
743 1638 45.221287
824 710 13.423395
2336 879 113.782460
880 654 16.751493
1650 2205 38.734672
224 2238 122.993207
4 23 6.228755
2166 2125 4.113946
1386 1609 12.961113
1831 1332 37.578369
1447 1446 6.243940
774 823 39.741662
13 767 61.557117
926 1430 24.959055
2325 1581 60.583191
926 1317 21.458313
2326 1525 66.998220
808 309 30.088422
13 1160 81.827933
347 739 23.995674
206 559 50.499025
1257 1934 50.287143
1370 1318 25.445905
814 1318 25.017637
1838 657 68.911590
435 488 13.331027
274 545 17.819975
713 1329 30.767532
1162 1218 4.215874
740 743 17.819422
234 745 104.835043
1475 16 113.545981
687 1525 43.016481
687 1524 44.801731
769 881 5.697098
1439 1441 12.485873
160 1633 102.459546
608 1633 116.738984
334 1633 102.611261
469 1632 96.557316
804 1520 81.089552
469 1466 83.999363
716 1386 35.674330
1613 992 46.218878
663 941 17.046550
1896 711 79.375864
13 1948 126.414130
72 1949 124.013064
771 1552 43.289461
939 1495 37.516414
1779 1830 24.334791
2168 997 123.117238
712 993 14.512405
1942 1470 120.669958
2094 1638 97.331727
371 710 25.250999
2035 879 108.047373
598 654 4.192322
539 2205 107.703526
539 2238 106.535757
2122 23 137.182885
2325 2125 24.050389
882 1609 36.304041
1925 1332 124.730490
2035 1446 113.637937
1896 823 75.010133
1560 767 68.788354
315 1430 60.107958
355 1581 73.341639
1876 1317 30.588641
1968 1525 37.317942
696 309 24.273828
1925 1160 117.030116
576 739 27.267331
1288 559 38.177823
1763 1934 20.592455
588 1318 37.814572
477 1318 43.170215
1951 657 77.500388
436 488 18.344033
715 545 16.987752
1726 1329 38.938215
1783 1218 41.807000
1805 743 56.132519
522 745 13.666887
2239 16 159.824938
439 1525 142.249028
356 1524 75.598348
2168 881 115.289794
1560 1441 43.375887
1689 1633 4.187737
441 1633 115.902732
774 1633 129.154972
635 1632 85.001847
1689 1520 9.272505
1474 1466 49.846247
1499 1386 8.398478
1868 992 123.480032
549 941 20.820569
768 711 4.188690
2125 1948 83.919153
2325 1949 61.370622
1442 1552 13.565484
487 1495 51.451893
772 1830 63.861778
1606 997 51.103275
602 993 22.172288
2021 1470 45.085330
409 1638 66.640117
709 710 5.943396
1980 879 120.590702
1896 654 87.560334
2166 2205 13.414340
2169 2238 7.483731
2327 23 156.577958
2003 2125 80.554067
771 1609 42.911008
881 1332 29.152803
1840 1446 25.584259
1560 823 64.684406
320 767 27.766907
1483 1430 18.726394
1996 1581 111.302567
1430 1317 8.408880
1856 1525 33.986754
197 309 74.827417
829 1160 35.764295
743 739 23.745587
1236 559 45.932343
1879 1934 4.329676
589 1318 36.781321
1037 1318 14.048819
881 657 11.602796
2126 488 137.935934
769 545 12.116901
886 1329 38.745998
886 1218 30.375452
466 743 20.999469
386 745 109.241626
2323 16 168.618242
2283 1525 57.246661
1802 1524 20.918927
939 881 15.940462
824 1441 30.541008
1523 1633 13.424046
1743 1633 13.079412
1856 1633 13.666342
292 1632 73.820306
454 1520 56.884897
1633 1466 9.143522
1330 1386 4.207509
1498 992 29.471908
887 941 9.822883
768 711 4.188690
1722 1948 16.970881
2100 1949 12.790477
1047 1552 25.135902
1215 1495 14.227990
2045 1830 23.931869
1445 997 21.987205
1274 993 16.720719
1415 1470 9.822743
738 1638 51.311253
879 710 9.142921
821 879 9.724303
599 654 9.123550
2350 2205 31.713883
226 2238 127.860497
2182 23 153.276795
165 2125 133.992968
1385 1609 11.411995
1613 1332 16.941686
1111 1446 17.692362
1667 823 47.352398
598 767 9.433135
1877 1430 25.128104
631 1581 50.363078
1709 1317 20.449519
1300 1525 12.794907
219 309 11.136481
1550 1160 25.046718
624 739 18.411093
448 559 8.487589
1932 1934 9.574213
814 1318 25.017637
757 1318 28.399489
938 657 17.046498
658 488 12.607809
715 545 16.987752
1161 1329 8.815754
1384 1218 12.632544
1081 743 20.997300
689 745 4.187868
14 16 9.998922
738 1525 43.324408
1300 1524 11.136993
827 881 15.760399
1830 1441 25.583955
16 1633 114.818004
385 1633 114.036613
496 1633 117.923127
1474 1632 58.325656
333 1520 98.877660
908 1466 30.348003
2083 1386 104.074201
89 992 58.397764
1558 941 30.615782
1275 711 37.536696
2145 1948 17.425346
602 1949 72.471064
827 1552 42.311412
828 1495 45.895312
1779 1830 24.334791
1502 997 26.585860
2326 993 104.135951
739 1470 39.447347
1860 1638 16.777149
712 710 11.883969
1926 879 113.535258
656 654 11.612091
2106 2205 67.810673
314 2238 111.820862
2263 23 148.383745
2265 2125 17.315028
654 1609 52.517407
1387 1332 4.207357
1926 1446 122.672155
709 823 13.423477
375 767 22.505166
759 1430 33.842222
1747 1581 12.559854
701 1317 30.767531
2177 1525 99.567694
1742 309 130.026492
657 1160 25.566268
2284 739 92.354567
675 559 23.377968
644 1934 68.813386
291 1318 137.655466
1033 1318 35.998370
1556 657 48.610092
2309 488 133.167649
2247 545 98.526301
1663 1329 21.085491
547 1218 34.857512
465 743 17.880004
910 745 23.022517
2311 16 169.578993
628 1525 45.466416
252 1524 69.350747
211 881 108.166128
1442 1441 6.243538
2068 1633 34.288191
970 1633 65.774294
1577 1633 4.188843
1968 1632 19.416994
335 1520 89.730140
441 1466 113.535733
716 1386 35.674330
882 992 13.785980
1783 941 43.560065
2250 711 99.815079
1894 1948 8.191981
429 1949 94.241390
1165 1552 39.743030
1493 1495 12.319093
2284 1830 75.303010
884 997 8.409299
1560 993 52.250098
330 1470 134.914891
631 1638 51.206760
1606 710 44.785702
656 879 13.081856
655 654 5.807733
96 2205 172.660703
107 2238 132.844566
2288 23 151.254798
1949 2125 84.800124
711 1609 46.503266
550 1332 41.657521
1672 1446 16.751503
1726 823 62.625131
1216 767 23.081947
1150 1430 14.137008
550 1581 148.717891
980 1317 17.631500
233 1525 139.485791
2258 309 138.839495
1606 1160 25.655804
970 739 44.407575
2017 559 81.904285
2256 1934 71.042166
1542 1318 11.257800
700 1318 32.031124
2350 657 117.970816
13 488 47.208313
1777 545 63.176102
2076 1329 122.059740
710 1218 33.373296
607 743 123.443536
634 745 8.378090
124 16 17.018300
411 1525 68.409384
2311 1524 74.307745
766 881 19.321849
1813 1441 113.024395
1520 1633 8.378816
2177 1633 97.885051
2234 1633 55.415009
1857 1632 13.666342
743 1520 58.822840
2349 1466 77.350437
89 1386 79.172018
1328 992 16.426406
1663 941 54.568714
1496 711 39.499238
655 1948 74.720911
2200 1949 78.431181
1774 1552 16.747304
153 1495 78.079209
1779 1830 24.334791
89 997 63.882868
1775 993 41.657455
1021 1470 22.894552
800 1638 42.911027
543 710 9.629501
2284 879 123.890766
769 654 18.757072
1483 2205 47.809276
2207 2238 6.650540
2325 23 158.054043
2033 2125 8.915915
1886 1609 24.948434
825 1332 29.471441
1839 1446 22.803064
1775 823 48.288145
2311 767 105.699554
1263 1430 12.619442
2284 1581 51.313969
1315 1317 9.959512
2177 1525 99.567694
612 309 102.456360
252 1160 127.213251
745 739 35.560969
2166 559 141.432011
1706 1934 28.940469
1486 1318 8.955795
1315 1318 16.189363
1781 657 62.034980
602 488 12.669988
770 545 13.425785
774 1329 42.055630
1163 1218 10.018214
576 743 9.629415
211 745 34.349359
2168 16 155.751937
1860 1525 19.132283
522 1524 63.154255
827 881 15.760399
1386 1441 9.822638
605 1633 133.497389
580 1633 84.154137
1690 1633 4.188370
1688 1632 4.187737
580 1520 85.622252
1941 1466 124.336930
1613 1386 21.674845
2035 992 108.650493
1726 941 39.904923
1925 711 125.949558
234 1948 95.014996
275 1949 93.734302
712 1552 41.981301
882 1495 34.274556
431 1830 73.157303
881 997 25.829470
662 993 35.074832
466 1470 57.327122
466 1638 64.212927
2059 710 99.752823
1613 879 54.627823
715 654 32.374432
2282 2205 43.207098
483 2238 110.634609
93 23 31.616748
89 2125 149.707448
1925 1609 104.360394
1727 1332 29.296376
1840 1446 25.584259
880 823 4.196934
1927 767 111.784408
588 1430 43.230013
521 1581 60.876071
1430 1317 8.408880
1971 1525 27.518800
359 309 9.140318
882 1160 16.760365
440 739 100.624631
954 559 29.266124
367 1934 83.821654
760 1318 30.444073
422 1318 46.459803
2082 657 131.441667
715 488 20.952468
1947 545 74.876204
662 1329 45.896752
1896 1218 49.999318
1746 743 59.535266
1913 745 79.376229
2167 16 156.087098
551 1525 144.629654
690 1524 54.289003
881 881 0.000001
881 1441 27.548105
1633 1633 0.000000
1408 1633 12.960834
745 1633 67.177780
1911 1632 17.880079
389 1520 87.395858
745 1466 59.490301
886 1386 33.328927
321 992 38.505225
886 941 4.201960
823 711 5.791200
550 1948 73.933723
2284 1949 63.623777
1663 1552 8.375057
824 1495 33.802876
491 1830 75.894348
484 997 56.519949
1783 993 54.244277
550 1470 150.473011
305 1638 79.060542
1783 710 75.154343
881 879 12.485868
372 654 18.261843
2235 2205 12.686190
112 2238 127.156114
2335 23 170.000836
131 2125 134.064587
662 1609 55.397745
605 1332 37.814618
2033 1446 118.261972
1927 823 112.657637
710 767 4.188687
1092 1430 20.855769
1638 1581 9.466087
924 1317 19.458435
496 1525 136.002280
1560 309 140.531057
886 1160 37.616923
738 739 5.943763
616 559 8.920566
479 1934 76.886268
1653 1318 18.223790
1203 1318 17.998781
1868 657 137.643558
2081 488 140.431026
660 545 18.021460
1501 1329 29.430523
996 1218 16.856977
495 743 117.771267
283 745 102.495001
122 16 17.600674
192 1525 135.955174
1803 1524 17.358853
1925 881 128.533248
996 1441 29.152728
1802 1633 9.629302
1857 1633 12.456994
1186 1633 23.251894
454 1632 62.488913
1129 1520 19.590320
905 1466 28.274209
1105 1386 16.734078
1160 992 8.815719
886 941 4.201960
879 711 9.142919
2056 1948 14.307404
429 1949 94.241390
1218 1552 20.932436
1159 1495 16.601994
1994 1830 20.095444
1387 997 21.458801
1331 993 20.832655
1469 1470 6.243908
1867 1638 30.665840
1158 710 22.392701
1102 879 12.740755
821 654 9.272976
2177 2205 37.999305
307 2238 112.847320
140 23 18.278439
2237 2125 16.762960
1495 1609 13.423289
1331 1332 6.362395
1110 1446 16.503401
1722 823 48.750228
1046 767 14.351568
1598 1430 9.143300
1414 1581 12.587508
1149 1317 8.815752
1580 1525 9.605307
582 309 22.940059
768 1160 19.724550
1305 739 46.896799
391 559 10.539940
1768 1934 12.798117
1542 1318 11.257800
1374 1318 4.207505
544 657 8.392835
1780 488 69.724754
660 545 18.021460
1107 1329 16.857125
1219 1218 6.421300
686 743 9.305394
1473 745 36.303614
0 16 10.573840
793 1525 45.930881
1413 1524 8.398787
1668 881 43.427864
1779 1441 21.359835
acc0 51
acc1 244
acc2 541
acc3 815
acc4 1173
acc5 1449
acc6 1662
acc7 1822
acc8 1957
acc9 2095
acc10 2207
acc11 2320
acc12 2407
acc13 2496
acc14 2568
