2211
1912
441
1801
498
1801
713
2338
829
713
432
2004
715
715
605
829
206
630
576
373
767
485
2169
2239
2305
2235
544
715
1613
710
1981
1596
411
1427
2076
611
656
150
448
1654
1000
1037
431
2078
2078
825
715
520
384
27
1914
2177
206
713
1744
1744
1744
1800
1688
1856
715
767
830
17
2004
1949
881
823
2338
885
881
630
576
484
710
767
2205
2283
2322
2125
715
713
1501
710
484
1318
1859
1037
193
2311
713
630
448
268
1318
1541
206
2166
432
2166
600
1941
441
6
578
2076
767
881
1689
49
43
1689
1353
2078
2338
823
774
713
823
150
1941
2078
1886
2338
994
1076
1973
710
2338
767
28
147
23
2124
1833
1275
1614
825
17
1318
2229
925
252
1855
2311
908
2311
1375
980
1038
432
489
490
1606
1050
686
2311
68
1749
1747
937
1833
384
1968
384
1912
524
553
715
2034
829
544
2166
489
600
2034
605
1868
659
441
1998
1783
1926
2034
2227
2281
2322
150
715
2034
1926
2034
431
1988
441
533
441
360
2034
1941
504
1822
1765
532
544
547
547
1501
600
384
1941
2321
441
578
432
1868
1856
1856
1801
1912
1408
1801
1501
431
1501
767
489
5
713
656
715
1784
600
282
384
373
1813
1926
2283
61
68
2125
600
1868
1926
431
487
1430
384
869
441
2068
656
332
1794
1654
1036
1148
432
489
544
656
1501
441
553
2305
193
578
769
600
1521
1689
1633
1743
1743
1410
1051
936
1166
711
1947
1949
1551
1383
1775
1276
1047
1582
1695
654
991
597
63
2281
2269
2080
1666
1387
1278
1495
823
1654
1636
1205
1358
361
1218
739
782
1878
1318
1430
601
545
601
1163
1049
578
857
16
966
1580
937
1439
17
1967
524
442
443
442
774
26
886
2083
2102
488
716
770
493
886
17
1746
1747
599
654
541
114
2170
2309
2344
769
716
1446
656
431
1709
467
1036
193
1911
824
2338
391
1877
1927
1094
375
2289
2289
713
769
441
330
28
1746
2211
2265
825
2020
2020
2020
1856
1632
1745
769
711
1501
2211
1948
374
431
767
5
828
431
1914
578
2083
485
1926
2266
63
5
2126
544
774
1783
656
429
925
282
869
2211
49
2083
1914
1684
2172
1597
1430
17
230
375
206
656
690
524
30
467
193
880
431
1745
2311
2289
1856
1017
2289
150
1105
1275
825
711
2338
1829
2289
1830
5
825
685
1859
485
2322
654
27
183
5
2032
1777
1834
1502
713
2211
1038
5
1318
211
1911
2166
626
49
1319
1092
1484
375
323
547
1496
1385
685
49
44
686
1636
768
1723
334
441
2070
1967
692
1912
2034
1926
717
2034
2265
374
659
1926
493
1838
600
633
520
373
2034
1926
2083
2227
5
2122
770
1896
2034
544
1981
812
1857
1765
1857
584
715
578
1792
1876
1148
644
547
433
490
659
656
330
578
2290
633
467
1838
1980
1968
1745
442
387
1800
332
600
432
662
544
1949
2322
825
600
716
774
656
332
1914
599
1981
2034
63
2238
44
2126
656
1838
1727
1981
373
1765
1914
1092
1857
334
600
468
728
1877
644
1541
431
374
547
600
1783
633
635
2309
2076
690
544
656
1632
1633
1689
1689
1520
1298
1218
935
1334
655
1836
2003
1327
1440
1831
937
937
1636
1752
822
710
542
2283
2303
59
2079
1553
1444
1446
1551
879
1542
1582
1317
1468
261
1331
1018
614
1879
1261
1765
711
1948
433
1444
1159
522
744
17
908
1693
769
881
193
1855
1968
332
1408
1353
825
5
1501
484
2054
1948
772
769
384
1501
2265
1914
1915
487
823
710
147
146
29
2350
767
828
1727
712
432
1597
1915
813
2344
1855
829
2229
949
1874
1352
700
432
15
15
994
882
633
630
65
384
234
2166
774
1690
1690
1690
1743
388
1633
939
823
942
2283
488
489
1868
880
2322
939
1556
1746
1747
429
709
2034
2239
2211
2325
2081
769
825
942
599
713
1260
332
870
2076
2196
484
1690
730
1000
1261
757
2344
2265
431
2265
1501
578
633
2327
690
2344
823
1838
1856
2196
2078
1633
793
94
26
937
994
994
882
26
1718
2305
1885
26
1216
1077
1695
542
5
823
2260
114
2322
2165
1779
1890
1726
994
2283
1484
2322
1038
2311
1686
49
966
2211
1652
1539
1261
431
377
491
1775
1274
632
2211
91
1636
1804
826
1719
2070
524
2020
387
1800
635
544
544
659
2033
230
1949
717
1925
1723
1981
1501
1857
1942
656
767
767
2281
2280
123
2338
716
1951
1727
1926
1868
533
520
812
520
473
544
522
392
1875
533
979
715
273
544
600
659
1914
579
185
520
579
431
1981
1857
1800
332
1688
1856
442
659
1838
717
2034
2003
2338
774
829
660
713
712
1859
630
487
1868
767
17
86
91
2081
659
1813
2034
432
599
1148
330
980
633
2020
599
1859
1792
1821
813
1430
375
713
490
712
656
1857
385
29
2211
579
767
829
1522
1745
1745
1800
1800
1355
1107
1104
1054
598
1835
1834
1550
1384
1996
1331
1105
1470
1748
766
934
541
17
2227
82
1979
1554
1108
1277
1554
1047
1709
1635
1429
1526
415
1162
910
1230
1934
1038
1319
768
488
546
1218
1104
576
1024
2350
1695
1468
1669
1386
2344
1913
238
2021
609
738
1496
2322
717
429
375
2055
769
716
1723
830
13
384
578
656
711
542
2238
2206
94
2166
770
1613
1277
599
1868
1205
578
1372
17
1910
600
5
2017
420
268
1541
881
94
43
1275
770
521
856
120
630
49
13
1496
1746
1746
1914
1689
1855
1800
770
654
719
206
2055
713
605
769
2122
1613
1838
384
690
713
541
654
184
17
2229
2236
770
1275
886
1783
2083
1149
468
1541
2344
2211
825
384
1905
1927
813
702
16
187
321
2311
712
1081
692
2339
579
2211
711
1723
1857
211
2305
1800
1419
2305
5
938
832
429
880
2122
1552
94
1719
123
1275
851
351
486
26
768
120
267
14
2031
1723
1442
1558
1216
63
1260
2338
1260
49
1910
2265
743
2283
1822
1347
1318
1723
434
433
1663
1106
574
2166
6
632
1860
938
1777
1914
1856
1744
720
1968
385
769
767
1501
715
187
2081
656
715
1833
432
1783
520
2095
599
2033
544
1982
2282
2325
5
769
2033
1728
767
432
1765
633
365
633
310
767
690
616
1820
1485
589
2033
491
491
1783
599
305
635
59
1857
522
1981
432
1800
1968
468
1967
1743
282
656
1560
659
769
374
26
994
712
547
2083
599
468
330
656
1560
653
2211
2267
6
249
712
1560
1728
1838
656
1652
630
1541
1884
268
1501
282
1288
1766
1542
702
321
275
546
829
829
520
523
43
2177
523
715
712
1466
1856
1520
1520
1408
1243
1162
993
998
654
1946
1890
1328
1494
1890
1051
880
744
743
655
935
710
16
2282
2321
2204
1665
1330
1222
1553
711
1597
1469
1036
1471
417
1163
628
781
1767
1597
534
826
1892
490
937
1383
689
914
2283
743
1581
1444
1271
2177
1632
1856
1353
1856
1017
1442
2229
942
825
1838
1950
770
772
1833
717
49
856
410
485
766
597
2128
180
43
206
768
885
1728
824
1813
1654
522
1596
2211
525
996
26
730
1596
1381
1483
1723
43
94
1442
716
466
1914
2260
1805
2166
49
994
1914
334
2070
1408
387
1689
882
768
1559
16
487
2003
1723
882
26
1108
1868
856
1915
483
596
653
2206
2177
123
249
882
1784
1726
485
825
1038
1801
1094
2177
2326
774
628
391
2068
1484
758
2211
2311
324
49
599
553
1857
95
1747
17
768
1439
1633
2211
2309
1745
1801
15
123
768
1442
1275
430
5
1717
43
1833
150
1442
683
352
541
2229
711
65
222
2312
1923
1719
1496
1671
1275
2350
925
2328
1484
2196
445
187
1695
17
1430
1202
1260
1777
488
546
1442
1273
798
206
2321
576
1803
882
1886
2020
1857
1914
553
1856
386
770
2033
719
769
206
713
829
2033
384
1980
487
551
1997
487
1896
2033
2194
307
2229
2322
544
1926
767
769
881
364
551
643
355
416
769
579
728
1765
1092
645
769
490
433
717
1501
630
385
2266
355
411
1868
1838
524
1689
2021
388
2019
468
829
1981
830
655
1890
2122
1606
599
604
1496
487
442
464
485
1927
654
16
2207
11
2236
717
1981
1896
319
542
702
1746
757
1968
306
712
626
899
1709
701
1652
1723
1890
433
659
600
577
579
2078
2344
467
2034
659
1578
1520
1410
1966
1689
1074
938
992
1447
823
2002
1784
1270
1662
1606
1274
823
1635
966
711
992
709
2250
98
2097
167
1667
1276
1445
769
654
1596
744
1372
797
472
1048
1359
894
1710
1149
870
937
1891
544
1273
1164
690
1191
69
1748
1692
1161
1719
63
1802
692
468
721
793
550
123
830
374
431
487
882
882
1886
942
2166
910
689
710
653
371
183
145
2078
0
715
939
1222
542
881
1542
410
923
2311
415
712
2322
1006
476
2068
868
1777
155
155
1216
939
577
1746
2286
464
206
252
489
2070
1914
1746
1745
445
1857
1613
880
886
63
1950
2081
1838
1495
2229
715
432
1805
579
1784
597
544
85
16
26
1922
768
2083
1559
824
374
1261
442
982
234
2265
1784
739
447
1381
814
1148
13
206
2168
187
829
579
496
2257
523
2177
769
1556
1858
252
94
1520
832
155
2328
1047
825
1442
938
123
1887
15
1777
2229
713
686
1975
599
123
653
2286
2130
39
1978
1556
713
1559
1103
206
1150
150
1261
206
415
206
738
2265
1765
866
1597
1833
376
544
1216
1330
687
252
2311
519
576
823
1779
305
692
306
1855
2019
720
767
1896
662
770
2311
2003
661
544
432
1723
599
1884
1944
712
544
1896
307
2194
26
26
547
544
1896
2033
1838
1820
1970
364
466
262
770
635
1286
265
812
1653
770
544
274
829
712
605
553
228
466
523
1723
431
692
1633
282
1855
692
1859
712
881
829
598
713
2229
489
1501
770
1982
1501
1801
1746
596
431
2035
2350
114
2305
1922
599
1980
1613
321
485
1541
1805
870
1939
1744
710
908
950
1542
1372
868
1838
1949
715
717
712
521
690
94
234
1747
768
1501
1634
1691
1298
1856
1464
1242
1274
1217
999
767
2053
374
1497
1441
1663
1105
1048
1414
908
598
1215
485
2211
2083
2138
207
1497
1443
1053
1497
767
1708
1637
1373
1136
218
1327
1640
1005
1989
925
1652
769
602
547
1272
936
687
1361
2344
626
1358
1050
1607
2283
1688
333
1017
1854
332
489
150
662
489
2104
545
768
1554
1719
719
2311
1638
522
542
768
486
61
181
122
2218
655
772
2034
486
321
703
1913
476
63
612
886
123
1960
312
1560
1092
1838
2234
2305
1496
772
688
464
20
330
2311
2311
1275
334
2070
334
2019
1687
692
885
879
1726
2350
1892
1890
1556
770
123
940
1813
910
689
1982
542
2035
2170
2250
2284
2100
767
484
1054
600
483
1484
2021
700
17
13
1275
1746
1006
1560
925
870
252
49
1723
230
824
689
608
2310
1915
63
882
1868
1691
206
15
1743
738
43
2229
880
550
1216
598
2328
1664
2309
605
2322
774
741
1748
656
150
655
66
2037
12
2203
1607
1606
1501
1442
16
1261
123
1149
2211
1253
17
800
2326
1374
1091
925
881
600
325
1275
1161
631
2265
1980
685
1915
1105
1830
330
1745
305
386
470
1967
882
1951
1783
1951
49
2126
662
767
1886
431
656
439
1916
600
1925
1951
1784
2303
2338
2229
2033
715
2033
715
1813
1148
1916
757
521
474
1926
467
1568
1486
1203
756
660
274
2056
599
487
493
523
25
521
1915
1980
1723
1745
1857
1859
1632
1854
2021
1783
1813
719
1926
2081
150
1496
717
1722
825
659
745
2045
542
319
544
2311
115
2328
2100
487
1165
1925
1868
1783
1319
305
1037
1858
2172
1783
1801
729
1708
645
1092
2168
2003
491
997
1726
496
578
2349
17
1915
882
717
1467
1800
1185
1631
1631
1185
1331
1329
1279
766
1945
489
1048
1329
1999
1106
879
632
626
767
1104
934
2235
2280
108
2127
1778
1274
1276
1665
766
1821
1584
981
1356
418
1107
856
559
1766
1484
1541
655
487
768
1443
1440
632
1416
2250
1474
1189
882
1556
2076
1911
1857
307
1633
1474
1275
2122
659
1496
321
1892
828
660
1830
775
252
799
519
486
880
709
2084
85
2289
17
598
1669
1278
485
1838
1372
356
1089
2283
445
599
2328
337
1708
2172
1650
1779
29
29
774
544
1692
305
66
1638
2196
17
550
1577
1577
384
1854
1912
1968
544
655
829
13
545
2126
1439
1050
150
716
1439
799
467
374
371
766
41
69
2328
2003
939
1496
1502
712
1982
814
1748
1430
2265
234
1982
1890
1960
1352
1149
1092
2265
2350
605
2350
997
385
238
2291
522
234
879
605
1800
234
29
1576
2021
2309
2336
711
1216
1103
1554
2336
1608
29
2051
2328
1103
1636
353
600
2122
598
1536
2129
2346
1977
1830
774
1557
1606
49
1208
2336
1150
2166
752
2211
1752
2177
982
1122
1039
324
378
601
994
1554
854
2326
430
574
1749
770
1556
306
1800
330
388
333
497
1926
769
886
1926
2344
1890
658
885
324
605
1726
496
441
1726
1727
769
483
98
2328
2328
2034
1952
1897
770
1980
1206
466
868
1970
309
2033
523
672
1599
1820
1707
716
546
546
656
829
236
690
87
524
1941
321
1813
238
692
307
386
804
307
599
319
663
654
2126
123
550
886
1889
1275
657
1885
1827
710
1954
766
206
2193
2309
132
657
431
1897
1813
600
758
464
700
524
1000
824
442
504
1544
981
1483
1981
429
2033
824
997
524
1941
2289
63
635
770
599
1409
1410
1242
693
1576
1130
1048
1441
1390
880
2101
713
1495
1104
1834
1050
995
1473
745
823
878
596
69
24
109
168
1721
1445
1503
823
1158
1372
1525
1653
1246
528
1105
799
726
1933
1260
982
823
600
769
1331
1052
574
1362
2218
745
1356
770
1165
2311
1522
1745
832
1800
832
994
2328
719
1784
1723
323
939
1669
881
1558
2211
628
690
541
544
599
2207
2131
15
2250
823
770
1670
600
1980
1653
579
1201
2265
555
1501
2122
782
1709
1271
702
1833
2305
2234
1103
2034
238
1805
6
409
2283
2344
1606
1018
1018
160
692
1296
1408
2034
766
1502
2344
1891
2083
1607
879
2328
1277
1981
1690
522
825
486
598
2222
2218
2338
132
2034
994
1614
596
1784
1597
800
757
2166
2166
429
910
894
2209
701
590
2166
2076
1838
63
659
912
1968
2195
689
2283
654
432
580
13
155
1410
442
29
2322
1270
1496
484
939
89
1609
2234
493
2336
1496
796
1752
709
2328
544
1534
316
16
2030
1781
1775
1334
1496
2344
1149
26
1597
234
528
234
793
63
1426
1257
1208
1779
545
715
825
715
855
13
2326
1747
632
1106
1607
1744
238
160
335
441
523
1896
1925
600
767
2350
2125
599
769
330
1560
717
1939
1940
2008
769
654
2280
2083
2336
2336
660
2006
1925
1925
319
1485
1968
588
1858
527
716
1747
1680
1988
1430
1762
2034
2033
273
487
1951
1996
467
270
1970
635
605
605
441
238
1353
335
498
1353
717
1439
551
711
2083
2328
2083
659
1836
442
1499
1886
1805
541
1439
598
49
111
2336
2077
658
432
2035
1980
371
757
2024
1094
1692
1927
487
745
785
1878
1205
758
1980
326
601
599
599
551
467
2263
2265
689
880
487
1688
1408
1691
453
1854
1186
1106
1049
1167
937
2005
1442
1438
1605
1496
1330
1106
1024
800
765
824
543
2344
2194
25
1921
1722
995
1335
767
880
1653
1749
1596
1581
308
1272
630
1006
1935
813
1094
770
1893
770
1105
935
573
1250
63
800
1691
1553
1723
2265
1634
580
738
1689
1419
1784
2336
1726
1606
1781
376
826
937
330
1557
2344
464
467
371
2034
373
86
2085
155
16
430
882
1896
541
319
1429
523
1260
69
388
710
2336
506
531
1577
980
321
119
119
1606
828
1857
799
2321
856
211
2211
2083
197
197
197
333
1911
333
767
598
1672
2177
323
1834
432
937
2336
772
1386
464
632
707
599
372
270
2344
2336
205
772
1606
1334
829
1103
701
745
1092
63
206
1496
799
337
2226
1260
868
2283
252
1833
2211
996
1747
580
2335
635
2265
598
1165
1968
2166
122
1631
332
2234
2122
1048
713
374
770
2229
1720
155
1723
2122
1606
1191
2027
597
2325
766
1647
2036
2350
1924
1885
994
1390
1663
2177
1597
2122
813
13
640
2326
1748
13
1593
1374
1149
605
275
436
1831
1387
519
17
2339
1804
519
711
1885
1746
333
1746
635
2069
387
885
715
830
547
2076
2083
714
770
1719
2104
829
524
1970
2105
1951
1925
707
1784
2284
123
772
769
1613
1951
321
1876
439
313
577
585
1896
1081
785
266
1876
699
546
2056
1836
712
717
2045
411
82
1968
410
375
2104
333
333
832
553
443
832
997
1723
942
880
1834
2336
1275
657
1665
1442
545
800
1638
371
1838
430
69
147
30
205
829
1723
1616
2168
712
870
2070
1148
520
160
997
800
1286
420
1596
1765
605
226
770
996
824
439
497
15
233
522
823
997
1241
1298
1408
623
623
1073
1273
1159
1502
1047
1889
1275
1553
1552
1827
938
1218
1584
1474
653
709
992
2218
1982
2290
298
1330
1050
1391
880
822
1766
1412
646
1189
583
937
1638
560
1543
1150
590
882
2001
711
1162
1217
519
1417
2235
1752
1526
1667
1777
49
1803
1800
793
389
966
1606
2325
1783
774
324
1894
660
1553
432
662
16
1690
687
600
879
596
2129
2087
2349
2076
882
1108
885
487
2168
1036
1969
589
49
528
883
2325
836
1201
1813
757
1781
2247
2309
429
768
634
409
30
1690
2350
1
1663
160
160
1018
1633
611
238
772
653
775
252
602
1784
1813
711
2325
1109
1723
1638
687
226
824
769
2058
2350
2122
131
716
489
1671
997
1606
813
125
924
49
2177
1216
856
782
197
1038
1091
0
2344
227
13
657
497
551
2256
1941
2166
655
1386
1580
2326
2349
1854
908
122
2325
1106
1606
489
937
2322
1776
2349
1607
2325
1663
798
743
824
2336
880
1650
224
4
2166
1386
1831
1447
774
13
926
2325
926
2326
808
13
347
206
1257
1370
814
1838
435
274
713
1162
740
234
1475
687
687
769
1439
160
608
334
469
804
469
716
1613
663
1896
13
72
771
939
1779
2168
712
1942
2094
371
2035
598
539
539
2122
2325
882
1925
2035
1896
1560
315
355
1876
1968
696
1925
576
1288
1763
588
477
1951
436
715
1726
1783
1805
522
2239
439
356
2168
1560
1689
441
774
635
1689
1474
1499
1868
549
768
2125
2325
1442
487
772
1606
602
2021
409
709
1980
1896
2166
2169
2327
2003
771
881
1840
1560
320
1483
1996
1430
1856
197
829
743
1236
1879
589
1037
881
2126
769
886
886
466
386
2323
2283
1802
939
824
1523
1743
1856
292
454
1633
1330
1498
887
768
1722
2100
1047
1215
2045
1445
1274
1415
738
879
821
599
2350
226
2182
165
1385
1613
1111
1667
598
1877
631
1709
1300
219
1550
624
448
1932
814
757
938
658
715
1161
1384
1081
689
14
738
1300
827
1830
16
385
496
1474
333
908
2083
89
1558
1275
2145
602
827
828
1779
1502
2326
739
1860
712
1926
656
2106
314
2263
2265
654
1387
1926
709
375
759
1747
701
2177
1742
657
2284
675
644
291
1033
1556
2309
2247
1663
547
465
910
2311
628
252
211
1442
2068
970
1577
1968
335
441
716
882
1783
2250
1894
429
1165
1493
2284
884
1560
330
631
1606
656
655
96
107
2288
1949
711
550
1672
1726
1216
1150
550
980
233
2258
1606
970
2017
2256
1542
700
2350
13
1777
2076
710
607
634
124
411
2311
766
1813
1520
2177
2234
1857
743
2349
89
1328
1663
1496
655
2200
1774
153
1779
89
1775
1021
800
543
2284
769
1483
2207
2325
2033
1886
825
1839
1775
2311
1263
2284
1315
2177
612
252
745
2166
1706
1486
1315
1781
602
770
774
1163
576
211
2168
1860
522
827
1386
605
580
1690
1688
580
1941
1613
2035
1726
1925
234
275
712
882
431
881
662
466
466
2059
1613
715
2282
483
93
89
1925
1727
1840
880
1927
588
521
1430
1971
359
882
440
954
367
760
422
2082
715
1947
662
1896
1746
1913
2167
551
690
881
881
1633
1408
745
1911
389
745
886
321
886
823
550
2284
1663
824
491
484
1783
550
305
1783
881
372
2235
112
2335
131
662
605
2033
1927
710
1092
1638
924
496
1560
886
738
616
479
1653
1203
1868
2081
660
1501
996
495
283
122
192
1803
1925
996
1802
1857
1186
454
1129
905
1105
1160
886
879
2056
429
1218
1159
1994
1387
1331
1469
1867
1158
1102
821
2177
307
140
2237
1495
1331
1110
1722
1046
1598
1414
1149
1580
582
768
1305
391
1768
1542
1374
544
1780
660
1107
1219
686
1473
0
793
1413
1668
1779