1918 1633 29.383566
1744 1633 8.377316
1690 1633 4.188370
1688 1632 4.187737
1576 1520 4.191421
1688 1466 16.751503
1330 1386 4.207509
276 992 43.139785
885 941 4.201960
823 711 5.791200
1948 1948 0.000000
1950 1949 4.790798
1608 1552 4.188966
1439 1495 4.197325
1886 1830 4.266338
996 997 6.363000
515 993 135.982467
1247 1470 12.740848
1637 1638 5.942818
655 710 4.188064
879 879 0.000001
597 654 4.192322
2129 2205 7.430828
2206 2238 3.564239
13 23 9.998923
2235 2125 10.524452
1837 1609 25.668344
1387 1332 4.207357
1558 1446 5.697001
934 823 8.398433
767 767 0.000000
1374 1430 4.201843
1692 1581 8.374671
1429 1317 5.560799
1918 1525 21.828142
218 309 7.740153
993 1160 8.815758
276 739 106.415501
503 559 4.227087
1822 1934 6.960000
264 1318 57.803038
1431 1318 8.408932
936 657 14.714425
208 488 88.998880
208 545 92.112839
1330 1329 6.362591
1274 1218 4.214321
855 743 5.791200
914 745 9.142824
3 16 13.379534
1357 1525 8.956028
1806 1524 17.358863
515 881 130.521785
1553 1441 5.697001
1689 1633 4.187737
1689 1633 4.187737
1689 1633 4.187737
1743 1632 8.377960
1352 1520 8.955698
1466 1466 0.000001
1274 1386 5.516006
879 992 8.408999
996 941 9.901335
515 711 122.757403
1892 1948 4.329548
1894 1949 4.329543
1160 1552 19.724354
1439 1495 4.197325
276 1830 87.073687
1052 997 4.211916
936 993 4.207242
1357 1470 8.409209
1637 1638 5.942818
709 710 5.943396
653 879 16.751493
541 654 8.392892
2169 2205 3.723352
48 2238 169.147701
2322 23 166.138844
2124 2125 4.969041
1496 1609 8.379232
1330 1332 12.724580
1614 1446 9.143522
991 823 8.955332
709 767 9.465875
813 1430 30.541001
1414 1581 12.587508
1036 1317 14.048829
1918 1525 21.828142
141 309 14.897383
880 1160 14.137085
853 739 13.423317
503 559 4.227087
264 1934 91.489350
1148 1318 12.641262
1318 1318 0.000001
515 657 119.084101
547 488 13.818174
657 545 6.211202
547 1329 41.657577
1273 1218 4.214317
967 743 11.412102
801 745 4.188482
2304 16 160.531602
1581 1525 4.192091
1918 1524 23.241011
879 881 12.485868
1160 1441 14.137009
333 1633 107.256434
2157 1633 34.766646
2334 1633 60.860895
1685 1632 20.762987
335 1520 89.730140
7 1466 103.304866
2278 1386 70.999907
1214 992 16.857132
285 941 55.376107
709 711 11.884058
2187 1948 34.628584
2278 1949 36.154413
1775 1552 13.425878
2334 1495 78.747088
2093 1830 23.859709
2278 997 84.657387
1606 993 34.419408
680 1470 54.264698
1752 1638 13.079429
597 710 8.377856
1 879 74.796031
541 654 8.392892
3 2205 146.411951
2238 2238 0.000000
2336 23 165.840984
66 2125 158.144113
1664 1609 9.305132
1609 1332 20.970080
945 1446 33.328766
709 823 13.423477
87 767 49.831533
814 1430 30.541007
329 1581 139.615676
813 1317 25.017636
1806 1525 15.267919
218 309 7.740153
16 1160 84.211416
794 739 9.465956
48 559 42.978032
1818 1934 25.189538
1038 1318 14.048833
982 1318 16.426406
657 657 0.000001
2345 488 131.353762
432 545 8.487338
1609 1329 14.512696
1217 1218 6.421295
629 743 13.079525
25 745 70.804403
14 16 9.998922
570 1525 52.805526
683 1524 43.016486
824 881 4.196934
1664 1441 13.081995
1689 1633 4.187737
1690 1633 4.188370
1689 1633 4.187737
1633 1632 5.942818
1577 1520 4.191392
1411 1466 9.822723
1274 1386 5.516006
822 992 12.604169
885 941 4.201960
599 711 6.044202
547 1948 73.933658
1894 1949 4.329543
885 1552 45.894902
1496 1495 6.160252
1886 1830 4.266338
1498 997 29.472066
768 993 12.866701
1469 1470 6.243908
1528 1638 13.423226
766 710 4.188687
822 879 4.196930
542 654 6.211202
2237 2205 3.760386
2237 2238 5.097556
2322 23 166.138844
2079 2125 7.551500
1387 1609 16.769630
1726 1332 25.266451
1615 1446 12.573255
710 823 8.379372
654 767 8.374844
1653 1430 13.082006
1469 1581 5.697001
1484 1317 8.955788
1469 1525 4.197814
310 309 4.915046
1274 1160 13.952444
851 739 5.791200
559 559 0.000000
612 1934 146.087591
1542 1318 11.257800
1485 1318 8.955774
1836 657 63.887957
433 488 4.266111
433 545 6.658498
1443 1329 13.786028
1273 1218 4.214317
632 743 8.377487
747 745 11.883865
2282 16 156.429539
1469 1525 4.197814
1581 1524 4.191436
767 881 13.565520
1498 1441 9.724467
1577 1633 4.188843
1577 1633 4.188843
581 1633 88.941037
1632 1632 0.000000
1576 1520 4.191421
1688 1466 16.751503
1443 1386 4.201839
1160 992 8.815719
885 941 4.201960
710 711 5.943391
1780 1948 10.539552
276 1949 92.330778
1553 1552 6.060506
1440 1495 4.197332
1831 1830 5.274728
1330 997 25.282817
1385 993 19.458839
1414 1470 4.201620
1583 1638 4.189490
766 710 4.188687
654 879 13.081856
541 654 8.392892
87 2205 136.150599
2238 2238 0.000000
14 23 14.158673
2124 2125 4.969041
1443 1609 12.573185
1498 1332 12.604337
1447 1446 6.243940
767 823 4.192090
655 767 5.905699
1318 1430 5.560799
1636 1581 4.188858
1036 1317 14.048829
1469 1525 4.197814
471 309 14.459420
935 1160 12.704000
739 739 0.000000
559 559 0.000000
1988 1934 9.811545
1430 1318 5.560799
1318 1318 0.000001
657 657 0.000001
488 488 0.000000
487 545 8.696525
1273 1329 4.211380
993 1218 12.682529
801 743 9.465956
747 745 11.883865
2334 16 162.636543
1918 1525 21.828142
1523 1524 6.159759
1048 881 8.891869
1441 1441 0.000001
334 1633 102.611261
2020 1633 26.518229
2020 1633 26.518229
1991 1632 106.735647
1743 1520 13.234074
1796 1466 39.506725
2066 1386 91.635952
2129 992 101.126559
1984 941 130.119448
2107 711 105.047259
2127 1948 80.311538
2034 1949 88.878332
2036 1552 83.852945
2155 1495 99.060185
1995 1830 15.887452
1955 997 62.945359
2066 993 112.577593
334 1470 116.700274
239 1638 121.877462
426 710 29.383311
2129 879 101.603686
2129 654 106.861111
87 2205 136.150599
2281 2238 44.293921
2282 23 163.937883
2166 2125 4.113946
2187 1609 59.849024
1953 1332 45.822002
501 1446 66.730760
1217 823 21.549902
2107 767 104.657875
1709 1430 14.964078
334 1581 116.088183
1206 1317 8.425545
2020 1525 45.176862
418 309 9.632146
2036 1160 100.177956
388 739 79.816422
1738 559 63.729967
474 1934 84.281812
1148 1318 12.641262
1094 1318 10.942603
2187 657 102.931798
2168 488 130.142246
656 545 8.392835
2036 1329 96.344119
1957 1218 76.240409
1870 743 71.407015
334 745 101.588035
8 16 9.680088
239 1525 113.547857
2020 1524 41.241921
1217 881 16.503509
1327 1441 13.785946
331 1633 116.810289
1800 1633 12.571759
1801 1633 9.629041
581 1632 93.877228
1631 1520 8.379517
1072 1466 21.488417
1553 1386 12.587458
2278 992 94.415673
941 941 0.000001
880 711 9.142923
2004 1948 6.930760
1892 1949 8.191989
1552 1552 0.000001
1217 1495 16.802515
1829 1830 5.274733
1388 997 19.458955
1918 993 149.411358
853 1470 30.540976
1695 1638 4.188356
766 710 4.188687
822 879 4.196930
653 654 5.807733
2238 2205 5.201422
2170 2238 7.132507
2334 23 174.828862
2078 2125 11.919112
1329 1609 14.512696
1332 1332 0.000001
1501 1446 4.197111
1046 823 12.794281
654 767 8.374844
1262 1430 8.891767
1637 1581 4.189490
1316 1317 6.362566
515 1525 52.882310
472 309 11.894463
1215 1160 10.018121
193 739 91.824124
447 559 6.658498
2041 1934 7.973233
267 1318 58.441796
983 1318 17.631512
657 657 0.000001
150 488 26.680644
150 545 30.612314
1557 1329 27.333795
994 1218 10.942608
742 743 5.943783
632 745 8.378090
2324 16 172.513560
1582 1525 4.191407
547 1524 159.080605
1918 881 154.871987
1330 1441 8.408929
1745 1633 6.043993
1745 1633 6.043993
1745 1633 6.043993
1631 1632 5.943770
1353 1520 8.955683
1578 1466 5.697001
1107 1386 14.078479
1048 992 4.211311
1221 941 14.078020
249 711 104.229175
1950 1948 9.574871
1780 1949 12.798166
1049 1552 26.681163
1383 1495 5.620987
193 1830 101.838477
1110 997 8.425140
1049 993 4.211384
1247 1470 12.740848
1695 1638 4.188356
486 710 12.457198
934 879 4.202183
542 654 6.211202
2205 2205 0.000000
110 2238 129.474407
1 23 13.038202
2033 2125 8.915915
1384 1609 12.961111
1557 1332 12.866766
1559 1446 8.388249
934 823 8.398433
880 767 8.388025
1262 1430 8.891767
1077 1581 25.135986
1373 1317 4.207498
515 1525 52.882310
2157 309 139.659607
823 1160 17.769960
682 739 9.305376
447 559 6.658498
2207 1934 22.012924
1205 1318 8.425545
1373 1318 4.207459
277 657 27.378549
272 488 18.725136
881 545 17.813998
272 1329 59.829991
1443 1218 12.740663
1413 743 35.674438
802 745 4.188482
24 16 20.696691
1637 1525 5.791007
515 1524 51.813192
878 881 18.726020
1049 1441 19.501748
284 1633 105.030265
1806 1633 27.268017
13 1633 122.003997
284 1632 101.053074
285 1520 92.073668
4 1466 108.711391
2319 1386 75.988713
1439 992 22.894449
335 941 54.783015
540 711 21.998075
1837 1948 8.589271
2079 1949 89.096054
1940 1552 29.371380
4 1495 102.368779
440 1830 92.406016
2319 997 91.286769
1047 993 9.959742
1192 1470 21.047093
1973 1638 20.150394
485 710 13.666752
2278 879 101.815158
542 654 6.211202
2324 2205 24.745513
2130 2238 10.715430
5 23 11.291315
2345 2125 34.420085
1884 1609 34.102605
1720 1332 29.296306
611 1446 54.327112
540 823 25.331541
110 767 72.208557
1262 1430 8.891767
2319 1581 72.187672
1148 1317 8.815748
2027 1525 29.380874
642 309 21.750175
25 1160 80.841177
795 739 4.189157
110 559 81.474212
1931 1934 17.539941
1094 1318 10.942603
814 1318 25.017637
430 657 20.762118
488 488 0.000000
487 545 8.696525
1663 1329 21.085491
1106 1218 5.458805
684 743 20.763047
16 745 76.924291
37 16 23.322162
512 1525 59.825970
626 1524 46.725119
1106 881 12.740753
1884 1441 37.510321
1745 1633 6.043993
1578 1633 4.189504
1745 1633 6.043993
1521 1632 8.378816
1576 1520 4.191421
692 1466 73.816534
1444 1386 9.822442
710 992 16.941385
941 941 0.000001
487 711 12.457198
272 1948 98.168717
1780 1949 12.798166
1441 1552 8.387895
1494 1495 6.160340
661 1830 72.063264
1610 997 34.419540
711 993 16.941337
1471 1470 6.243908
1639 1638 5.943770
598 710 6.044202
710 879 9.142921
541 654 8.392892
2171 2205 11.401792
2265 2238 7.336101
2351 23 166.961829
2123 2125 9.921450
1444 1609 17.520191
1444 1332 5.560799
1447 1446 6.243940
599 823 11.835403
767 767 0.000000
1542 1430 5.697001
1635 1581 9.465249
1373 1317 4.207498
1525 1525 0.000000
417 309 7.463393
1387 1160 22.089018
1472 739 45.952238
615 559 4.204261
1879 1934 4.329676
1373 1318 4.207459
1317 1318 6.362526
1781 657 62.034980
432 488 4.266059
487 545 8.696525
1273 1329 4.211380
1443 1218 12.740663
1247 743 25.317446
1468 745 50.082981
62 16 23.570552
1525 1525 0.000000
1693 1524 9.272524
1498 881 31.834636
1610 1441 12.573185
1690 1633 4.188370
1576 1633 9.465230
1688 1633 9.304445
1744 1632 6.043993
1631 1520 8.379517
746 1466 64.599280
1050 1386 16.446002
936 992 4.207162
939 941 12.620748
599 711 6.044202
1894 1948 8.191981
132 1949 138.895464
1330 1552 16.791355
1382 1495 8.398482
1887 1830 4.266338
1553 997 37.522937
993 993 0.000001
1191 1470 16.760346
1582 1638 4.188829
598 710 6.044202
767 879 5.697098
542 654 6.211202
110 2205 126.084779
2291 2238 7.769593
10 23 7.966079
1979 2125 10.816048
1554 1609 4.189034
1160 1332 23.878731
1726 1446 14.964219
654 823 12.562227
711 767 4.188683
1373 1430 4.201798
1582 1581 6.060951
869 1317 21.987306
1412 1525 8.398787
1966 309 138.052729
934 1160 16.847640
795 739 4.189157
727 559 9.629684
1709 1934 14.358314
1262 1318 4.211384
1373 1318 4.207459
767 657 13.260956
712 488 12.457198
433 545 6.658498
1385 1329 4.207501
935 1218 21.063250
968 743 12.960943
1026 745 14.512341
13 16 14.158671
515 1525 52.882310
1692 1524 9.272505
992 881 8.408928
1270 1441 17.877133
1854 1633 20.951762
1743 1633 13.079412
1796 1633 32.660111
1768 1632 119.326014
1768 1520 124.388640
240 1466 92.976043
1851 1386 99.046317
1984 992 102.639141
2062 941 77.658337
2149 711 104.976016
1893 1948 4.329982
2302 1949 46.487306
2066 1552 94.143393
2129 1495 79.489472
1994 1830 20.095444
2107 997 74.274341
2107 993 88.148825
1854 1470 48.151096
285 1638 120.956269
2037 710 102.284256
1984 879 101.497181
163 654 85.926632
110 2205 126.084779
2237 2238 5.097556
2236 23 143.657564
2203 2125 8.335242
2282 1609 81.381852
1331 1332 6.362395
390 1446 74.919101
2128 823 110.707248
2036 767 107.130571
1596 1430 12.573121
1967 1581 37.312558
982 1317 17.631486
1801 1525 30.216765
362 309 6.712226
244 1160 107.741052
196 739 79.691980
784 559 13.425941
362 1934 90.394454
1428 1318 13.785941
1318 1318 0.000001
1106 657 23.477493
1386 488 47.423082
769 545 12.116901
2037 1329 91.676821
391 1218 89.427299
1700 743 55.397437
1854 745 88.113391
5 16 9.680088
285 1525 112.583484
1856 1524 29.328018
1106 881 12.740753
388 1441 87.611311
515 1633 58.529986
1632 1633 5.942818
1746 1633 8.377946
1072 1632 27.857997
1520 1520 0.000000
804 1466 71.460912
1609 1386 12.961113
2202 992 117.357117
829 941 5.620902
1047 711 16.927705
1949 1948 4.790798
2005 1949 7.237016
1496 1552 4.191548
1329 1495 12.604423
1942 1830 6.960000
1221 997 10.942608
331 993 57.673535
1302 1470 8.891660
1693 1638 9.305281
598 710 6.044202
878 879 6.243541
598 654 4.192322
2168 2205 4.902282
2205 2238 5.201422
2345 23 168.708649
2201 2125 9.582842
1951 1609 37.554553
1444 1332 5.560799
1278 1446 8.892013
598 823 13.234265
936 767 12.587797
1207 1430 12.740663
1693 1581 5.905999
1260 1317 4.211369
331 1525 130.663415
262 309 5.412388
1382 1160 16.847901
132 739 43.551819
671 559 6.211202
1934 1934 0.000000
2207 1318 53.107283
1038 1318 14.048833
881 657 11.602796
4 488 51.801912
4 545 55.373368
1609 1329 14.512696
1105 1218 8.431733
745 743 11.883865
1357 745 41.711729
92 16 15.117190
1636 1525 8.379517
299 1524 65.844957
249 881 110.933468
1606 1441 17.520279
1409 1633 11.411995
1409 1633 11.411995
1409 1633 11.411995
1799 1632 12.572370
1465 1520 4.197095
1520 1466 9.724551
1387 1386 6.310765
992 992 0.000001
1388 941 22.872183
1918 711 159.000024
1835 1948 8.588863
2054 1949 7.686031
1498 1552 15.541806
1271 1495 11.136993
2079 1830 85.598819
1108 997 8.425910
1160 993 8.815758
1302 1470 8.891660
1581 1638 9.466087
823 710 8.379372
1046 879 8.891867
710 654 4.188064
2128 2205 7.274901
87 2238 137.005545
2351 23 166.961829
1979 2125 10.816048
1274 1609 18.031937
1553 1332 21.814063
1446 1446 0.000001
935 823 5.620902
1047 767 14.351567
814 1430 30.541007
1191 1581 25.047082
1149 1317 8.815752
331 1525 130.663415
25 309 34.205619
1047 1160 8.430085
1583 739 47.282894
671 559 6.211202
267 1934 91.285022
982 1318 16.426406
1149 1318 8.815733
249 657 99.665719
2143 488 93.054138
430 545 17.115524
1806 1329 139.726629
993 1218 12.682529
1137 743 21.776643
968 745 12.961381
2321 16 161.808808
1523 1525 12.318913
331 1524 126.346185
822 881 15.760318
1218 1441 12.740660
443 1633 106.053911
2257 1633 45.228552
2345 1633 60.964384
1853 1632 20.952484
239 1520 94.426285
2334 1466 69.825993
329 1386 61.788606
879 992 8.408999
387 941 45.648232
486 711 13.666750
1106 1948 46.868721
132 1949 138.895464
1937 1552 41.737298
2346 1495 78.665735
2047 1830 16.428028
329 997 38.616141
1330 993 17.631510
570 1470 51.633216
1865 1638 20.952469
598 710 6.044202
2319 879 105.252481
708 654 9.305209
2306 2205 30.018664
2129 2238 10.606782
15 23 17.363035
5 2125 145.579886
1829 1609 25.668344
1557 1332 12.866766
943 1446 26.538066
880 823 4.196934
515 767 125.593071
813 1430 30.541001
2351 1581 68.467388
982 1317 17.631486
25 1525 114.296491
641 309 20.699771
32 1160 94.739553
739 739 0.000000
25 559 68.975712
1820 1934 12.232742
867 1318 29.471335
1262 1318 4.211384
881 657 11.602796
376 488 6.960402
433 545 6.658498
1606 1329 20.970156
883 1218 17.692316
627 743 23.946217
32 745 70.804401
10 16 16.414021
683 1525 44.801739
684 1524 42.095423
1439 881 30.348043
881 1441 27.548105
693 1633 86.101524
579 1633 79.547430
914 1633 64.599498
1632 1632 0.000000
1520 1520 0.000000
747 1466 69.898378
1497 1386 8.398489
1048 992 4.211311
829 941 5.620902
542 711 12.572597
2143 1948 14.378890
2003 1949 5.227042
1273 1552 16.861217
1495 1495 0.000000
1829 1830 5.274733
1218 997 22.129003
1443 993 25.422607
1415 1470 9.822743
1526 1638 5.791007
655 710 4.188064
1726 879 62.889237
710 654 4.188064
2265 2205 7.589052
2171 2238 9.312622
1 23 13.038202
2202 2125 7.061581
1722 1609 8.377702
1275 1332 4.211235
1390 1446 4.202356
822 823 6.160356
881 767 13.565520
1373 1430 4.201798
1525 1581 4.192091
1372 1317 4.207490
1526 1525 6.159759
584 309 18.217100
1216 1160 4.215792
1248 739 37.798343
727 559 9.629684
1877 1934 8.191870
1486 1318 8.955795
1597 1318 14.512684
1724 657 57.998938
487 488 5.274660
432 545 8.487338
995 1329 20.832655
1382 1218 23.793504
1582 743 42.910546
1026 745 14.512341
86 16 27.484491
1471 1525 9.724531
967 1524 33.534860
881 881 0.000001
1160 1441 14.137009
1578 1633 4.189504
1520 1633 8.378816
804 1633 78.076551
1800 1632 9.629041
1577 1520 4.191392
1073 1466 19.501863
1273 1386 8.418657
767 992 12.866746
1051 941 13.863572
542 711 12.572597
2003 1948 3.744489
2202 1949 78.096516
1607 1552 4.189037
1328 1495 8.955797
1776 1830 8.696670
1557 997 27.684206
768 993 12.866701
1077 1470 19.501699
1638 1638 0.000000
597 710 8.377856
1045 879 12.619511
710 654 4.188064
2242 2205 25.813468
2268 2238 11.769933
37 23 8.787943
2033 2125 8.915915
1556 1609 15.283920
767 1332 42.055709
1615 1446 12.573255
936 823 8.398367
598 767 9.433135
1542 1430 5.697001
1583 1581 12.119771
1373 1317 4.207498
1635 1525 13.423207
470 309 17.857172
1103 1160 10.018119
741 739 11.883885
895 559 17.813998
1765 1934 12.798083
870 1318 21.987306
1149 1318 8.815733
881 657 11.602796
486 488 10.543951
432 545 8.487338
993 1329 16.426406
1103 1218 20.036338
1025 743 16.941433
635 745 13.079507
2345 16 170.319890
2074 1525 33.085276
1691 1524 12.562005
1272 881 19.501855
1273 1441 8.891765
286 1633 95.945243
284 1633 105.030265
1853 1633 25.668128
1743 1632 8.377960
1799 1520 17.358863
241 1466 88.374014
1907 1386 95.481020
2155 992 120.303344
2129 941 123.900892
2036 711 111.317161
2006 1948 16.282940
2301 1949 41.351417
2037 1552 79.269205
956 1495 136.025683
1720 1830 12.669902
1956 997 66.650482
1956 993 83.743022
1967 1470 45.692093
335 1638 119.925307
2107 710 108.820585
2086 879 95.208057
1984 654 104.356358
48 2205 166.316033
2302 2238 42.650702
2127 23 133.136275
2081 2125 4.517627
1331 1609 16.941632
1955 1332 54.068767
336 1446 76.596136
824 823 6.160268
2037 767 102.398082
1651 1430 17.520027
1854 1581 39.879224
1093 1317 10.942603
1743 1525 37.355147
262 309 5.412388
2037 1160 95.369535
1911 739 66.440982
392 559 12.798311
586 1934 78.082824
982 1318 16.426406
1037 1318 14.048819
2149 657 102.483119
1445 488 55.837409
824 545 15.268559
1439 1329 13.785946
1066 1218 106.247825
1872 743 79.280344
1967 745 87.418329
2340 16 170.319890
335 1525 111.550705
284 1524 113.285546
1331 881 25.422695
2226 1441 92.163275
2074 1633 30.093788
1633 1633 0.000000
579 1633 79.547430
1073 1632 28.559364
1407 1520 8.398787
1073 1466 19.501863
1557 1386 17.661124
132 992 105.931841
830 941 8.398723
712 711 5.943307
1891 1948 8.191575
1835 1949 12.232739
1495 1552 4.191622
1608 1495 8.379166
1664 1830 12.607799
1220 997 12.682737
249 993 116.316608
1583 1470 8.388227
1581 1638 9.466087
597 710 8.377856
710 879 9.142921
485 654 9.870807
2204 2205 5.060073
2169 2238 7.483731
4 23 6.228755
249 2125 118.515352
599 1609 52.320752
1052 1332 14.048766
1390 1446 4.202356
991 823 8.955332
1160 767 21.644797
1095 1430 17.692216
1803 1581 16.747197
1428 1317 8.408910
2074 1525 33.085276
641 309 20.699771
1103 1160 10.018119
2278 739 113.159846
391 559 10.539940
1543 1934 22.505061
128 1318 124.944218
871 1318 22.894546
430 657 20.762118
2345 488 131.353762
2345 545 127.992710
1047 1329 16.720662
938 1218 14.078090
633 743 13.079507
1247 745 29.621185
2306 16 166.502730
1302 1525 12.794410
2027 1524 30.859662
277 881 38.143332
1607 1441 12.573122
1354 1633 14.512841
1354 1633 14.512841
1354 1633 14.512841
1687 1632 9.305318
1632 1520 5.791007
1577 1466 8.388257
1162 1386 10.981007
1214 992 16.857132
941 941 0.000001
331 711 54.179962
2005 1948 11.486378
486 1949 87.043732
1327 1552 12.866574
1214 1495 16.802562
2202 1830 74.372191
1109 997 5.483803
767 993 16.791487
1582 1470 5.697001
1301 1638 18.031731
880 710 12.572913
597 879 17.183150
822 654 9.272976
2127 2205 9.582842
2242 2238 20.640806
2336 23 165.840984
2030 2125 10.884313
1555 1609 9.466025
880 1332 33.687874
1334 1446 5.560799
1215 823 19.589890
823 767 4.192090
1148 1430 16.760231
743 1581 44.711111
869 1317 21.987306
2074 1525 33.085276
2257 309 143.907177
1330 1160 12.641331
1527 739 46.412666
391 559 10.539940
197 1934 151.447289
1262 1318 4.211384
1094 1318 10.942603
1918 657 166.028503
1806 488 171.303368
767 545 16.747164
381 1329 56.603889
882 1218 16.503509
1358 743 32.031183
1025 745 14.512341
12 16 17.363034
1413 1525 5.620987
2074 1524 32.458395
710 881 17.520090
1498 1441 9.724467
902 1633 42.358560
25 1633 124.119128
7 1633 111.488266
1629 1632 17.819383
2019 1520 32.002053
13 1466 113.217915
2351 1386 81.518642
1158 992 12.641331
239 941 56.099304
880 711 9.142923
2149 1948 35.655626
229 1949 99.058842
1883 1552 33.561482
7 1495 105.740683
2045 1830 23.931869
2351 997 101.221256
1609 993 30.767830
568 1470 58.524874
1863 1638 13.666712
319 710 26.321747
2322 879 116.712672
484 654 12.607751
2298 2205 44.729052
2086 2238 14.320624
2322 23 166.138844
4 2125 140.471867
1833 1609 12.456994
1330 1332 12.724580
666 1446 46.482294
427 823 33.323991
25 767 60.079390
1207 1430 12.740663
1 1581 111.532634
1428 1317 8.408910
2257 1525 56.805633
362 309 6.712226
110 1160 93.838604
567 739 27.268170
87 559 74.460662
1933 1934 4.790456
983 1318 17.631512
1207 1318 8.425599
1667 657 52.252309
2350 488 127.551455
713 545 9.629500
1607 1329 16.941584
1276 1218 16.259884
626 743 29.562131
2157 745 94.703508
2261 16 163.156197
626 1525 48.750710
627 1524 45.466280
1217 881 16.503509
827 1441 34.274071
914 1633 64.599498
1577 1633 4.188843
693 1633 86.101524
1465 1632 9.143196
1631 1520 8.379517
1521 1466 4.197830
1442 1386 4.201847
992 992 0.000001
830 941 8.398723
710 711 5.943391
1806 1948 105.123987
431 1949 88.637279
1550 1552 12.119063
1551 1495 4.191615
1942 1830 6.960000
1499 997 26.585902
882 993 8.408995
1360 1470 13.785840
1471 1638 9.143516
821 710 8.379376
1048 879 12.619435
822 654 9.272976
201 2205 159.510104
2310 2238 10.851938
2336 23 165.840984
229 2125 150.758446
1552 1609 9.465935
1724 1332 20.449479
1726 1446 14.964219
1048 823 12.794237
936 767 12.587797
1654 1430 11.603000
1412 1581 9.037471
1653 1317 17.163799
1471 1525 9.724531
640 309 20.797501
1107 1160 16.295593
965 739 16.769588
502 559 4.226562
1766 1934 10.539609
1318 1318 0.000001
1430 1318 5.560799
487 657 12.607757
434 488 8.452913
656 545 8.392835
1385 1329 4.207501
882 1218 16.503509
1583 743 41.981289
1411 745 50.425535
2187 16 140.004777
1025 1525 33.335484
1637 1524 8.379517
1160 881 14.137109
1218 1441 12.740660
1801 1633 9.629041
1690 1633 4.188370
524 1633 88.114257
1633 1632 5.942818
1520 1520 0.000000
1072 1466 21.488417
1556 1386 12.587309
881 992 8.408928
829 941 5.620902
822 711 8.379372
2054 1948 7.463404
2079 1949 89.096054
1606 1552 9.466025
1270 1495 12.794703
1718 1830 6.413001
1389 997 19.458790
937 993 4.207234
743 1470 37.381085
853 1638 39.498967
655 710 4.188064
1160 879 16.760308
484 654 12.607751
48 2205 166.316033
2311 2238 10.604465
2261 23 151.305338
206 2125 122.269707
1441 1609 9.143298
1613 1332 16.941686
1390 1446 4.202356
1160 823 17.769960
934 767 9.038128
1038 1430 19.501749
1748 1581 9.433336
1149 1317 8.815752
1525 1525 0.000000
177 309 11.136799
1270 1160 13.952345
1077 739 20.997312
615 559 4.204261
1932 1934 9.574213
1374 1318 4.207505
1486 1318 8.955795
1498 657 43.016466
431 488 8.452838
602 545 8.920493
1443 1329 13.786028
1215 1218 19.263613
1469 743 39.447733
1411 745 50.425535
2337 16 174.828866
331 1525 130.663415
1581 1524 4.191436
938 881 9.822788
993 1441 21.987205
1967 1633 22.203739
1853 1633 25.668128
284 1633 105.030265
2090 1632 99.332954
2020 1520 29.952832
2018 1466 42.244677
1628 1386 108.739151
1658 992 50.363105
1957 941 70.778073
2037 711 106.586478
2187 1948 34.628584
2320 1949 46.983190
244 1552 125.405780
1984 1495 83.655588
1609 1830 20.952255
2061 997 73.025584
2224 993 102.772467
444 1470 118.577062
2302 1638 66.942761
2036 710 106.921274
2155 879 128.126241
2086 654 100.116963
2242 2205 25.813468
2134 2238 20.731458
2220 23 161.721656
2082 2125 8.319363
1106 1609 25.317770
564 1332 105.214585
389 1446 71.116352
879 823 4.196926
222 767 50.877019
1541 1430 8.387913
444 1581 116.800814
812 1317 25.017635
1856 1525 33.986754
474 309 11.591100
1955 1160 75.748339
2280 739 103.311564
241 559 21.062100
1485 1934 25.805585
1316 1318 12.724681
869 1318 22.894527
769 657 5.905699
996 488 33.691116
1106 545 29.487569
1217 1329 5.483798
1625 1218 97.848892
1880 743 115.902855
501 745 104.796930
0 16 10.573840
159 1525 115.245994
1801 1524 25.331172
1439 881 30.348043
1049 1441 19.501748
280 1633 124.463324
1521 1633 5.791007
1634 1633 5.943750
804 1632 83.434211
1577 1520 4.191392
1130 1466 16.503401
1389 1386 18.929302
2079 992 127.689833
1220 941 16.733809
709 711 11.884058
1946 1948 9.573906
1947 1949 9.574209
1384 1552 9.037524
1383 1495 5.620987
661 1830 72.063264
941 997 4.207011
277 993 43.438661
1357 1470 8.409209
1584 1638 9.466106
934 710 11.412102
992 879 8.408999
596 654 9.123469
1984 2205 17.827378
2208 2238 10.155967
46 23 24.607397
2125 2125 0.000000
1838 1609 30.666082
1108 1332 10.942603
1110 1446 16.503401
597 823 16.741769
1045 767 16.861439
982 1430 21.987205
1301 1581 14.351514
1205 1317 5.483798
280 1525 135.869075
527 309 16.045223
1270 1160 13.952345
329 739 99.733938
783 559 12.116901
1987 1934 14.344231
197 1318 124.671284
1094 1318 10.942603
767 657 13.260956
7 488 53.927733
2334 545 124.752682
880 1329 22.894520
1107 1218 8.431737
856 743 8.378974
853 745 24.885390
120 16 20.175154
1247 1525 16.802604
381 1524 142.681881
250 881 112.548447
880 1441 28.274094
1911 1633 20.999516
470 1633 96.558028
693 1633 86.101524
1801 1632 9.629030
1519 1520 6.160746
1467 1466 6.242950
938 1386 21.961606
1102 992 13.919123
829 941 5.620902
87 711 47.730672
1947 1948 4.790135
712 1949 70.758075
1610 1552 15.284018
1217 1495 16.802515
2278 1830 57.558066
1165 997 8.815645
1327 993 20.832599
1187 1470 21.047077
1413 1638 12.960834
540 710 16.987683
765 879 13.565604
484 654 12.607751
2035 2205 14.597050
2283 2238 38.598555
26 23 13.860940
2034 2125 12.169770
1552 1609 9.465935
1047 1332 31.928889
1335 1446 8.409233
990 823 12.604165
486 767 15.639518
1207 1430 12.740663
577 1581 56.702914
1094 1317 12.682491
328 1525 143.155947
109 309 18.725665
1553 1160 19.724371
686 739 14.984278
840 559 17.359373
388 1934 151.497323
813 1318 25.017630
1037 1318 14.048819
250 657 101.084390
230 488 18.166432
936 545 20.820611
2080 1329 112.824045
995 1218 12.682532
1026 743 20.969663
690 745 4.187868
39 16 22.433509
1693 1525 9.272809
280 1524 132.244177
708 881 28.758153
936 1441 24.959055
1856 1633 13.666342
141 1633 110.204920
4 1633 117.551185
1743 1632 8.377960
337 1520 81.278092
2346 1466 71.830149
2333 1386 76.051370
1106 992 13.919030
1389 941 21.961606
427 711 29.383307
2107 1948 36.961626
2123 1949 85.592436
1828 1552 25.136697
13 1495 97.768023
1942 1830 6.960000
1 997 78.778720
880 993 8.408928
684 1470 41.106837
1811 1638 27.268034
653 710 9.305297
2351 879 105.203959
372 654 18.261843
120 2205 152.307871
2038 2238 17.956053
22 23 5.171011
0 2125 142.930393
1886 1609 24.948434
2034 1332 115.934074
835 1446 46.285659
1047 823 11.136505
48 767 69.165429
982 1430 21.987205
2313 1581 79.436653
814 1317 26.585344
299 1525 65.638026
219 309 11.136481
48 1160 85.062776
345 739 29.204508
16 559 50.811794
1766 1934 10.539609
1571 1318 151.600625
813 1318 25.017630
1664 657 51.132625
489 488 5.274739
377 545 10.539804
1330 1329 6.362591
1105 1218 8.431733
683 743 26.567885
110 745 53.456398
16 16 0.000000
627 1525 46.725125
624 1524 51.451524
1161 881 14.137106
1160 1441 14.137009
468 1633 87.590128
636 1633 85.002641
1354 1633 14.512841
1800 1632 9.629041
1578 1520 9.605307
1468 1466 12.485779
1384 1386 12.620830
878 992 13.786071
939 941 12.620748
543 711 9.629500
2183 1948 18.600147
2054 1949 7.686031
1382 1552 12.587458
1384 1495 8.398416
1664 1830 12.607799
1613 997 30.767800
1050 993 9.959829
1525 1470 4.197111
1749 1638 8.377316
597 710 8.377856
599 879 14.963899
599 654 9.123550
2292 2205 18.786517
2292 2238 13.824195
2319 23 176.557001
2234 2125 11.396111
1496 1609 8.379232
1781 1332 24.129015
1671 1446 13.082214
992 823 8.955336
1160 767 21.644797
1598 1430 9.143300
1749 1581 9.433604
1261 1317 4.211377
1412 1525 8.398787
309 309 0.000001
1272 1160 5.465001
684 739 4.187882
504 559 8.696666
725 1934 146.876473
1653 1318 18.223790
1206 1318 5.483798
599 657 9.123478
377 488 8.589410
713 545 9.629500
993 1329 16.426406
1270 1218 22.605710
853 743 13.423317
635 745 13.079507
99 16 21.115141
1412 1525 8.398787
1523 1524 6.159759
657 881 11.602796
1667 1441 16.751630
1466 1633 9.143522
1578 1633 4.189504
746 1633 71.959885
1465 1632 9.143196
1407 1520 8.398787
804 1466 71.460912
995 1386 19.458839
1049 992 9.959731
1220 941 16.733809
543 711 9.629500
2002 1948 5.489255
2278 1949 36.154413
1609 1552 9.465935
1441 1495 9.724383
1885 1830 8.453009
1606 997 51.103275
1273 993 14.048837
739 1470 39.447347
1247 1638 19.909614
821 710 8.379376
936 879 9.822692
822 654 9.272976
2264 2205 11.302920
2240 2238 10.447237
23 23 0.000000
166 2125 129.866872
1273 1609 16.928000
1218 1332 13.918935
1727 1446 17.183364
881 823 9.724219
597 767 12.560203
1094 1430 16.503401
632 1581 52.611502
1037 1317 14.048831
801 1525 42.311998
388 309 89.095446
993 1160 8.815758
1191 739 33.588447
502 559 4.226562
1876 1934 12.789638
1207 1318 8.425599
983 1318 17.631512
1667 657 52.252309
823 488 19.132527
1836 545 69.724855
995 1329 20.832655
1270 1218 22.605710
744 743 5.942851
857 745 5.791200
4 16 14.015889
280 1525 135.869075
1468 1524 4.197095
1216 881 17.692281
1382 1441 15.940281
2113 1633 39.037250
1799 1633 16.987161
1685 1633 26.566891
1817 1632 91.058995
1984 1520 88.192712
1853 1466 33.524682
1180 1386 115.210542
1046 992 9.959829
725 941 50.321557
2187 711 104.820704
1837 1948 8.589271
1894 1949 4.329543
2224 1552 80.708972
844 1495 136.972102
1663 1830 9.870801
1843 997 58.398396
1628 993 125.730669
557 1470 113.451442
1023 1638 30.767899
2085 710 104.359852
1817 879 97.164598
2155 654 141.208078
2264 2205 11.302920
2320 2238 39.267495
2048 23 136.157658
2167 2125 8.169024
1217 1609 19.909509
1106 1332 16.856974
446 1446 70.841453
656 823 9.272977
426 767 33.561188
1652 1430 16.751564
557 1581 110.689924
1262 1317 9.959759
2090 1525 90.391934
1934 309 95.868014
2107 1160 83.454842
197 739 75.024259
1796 559 70.121411
1597 1934 20.150517
1205 1318 8.425545
1373 1318 4.207459
1331 657 35.845783
1665 488 60.303869
2187 545 108.315254
2169 1329 91.965038
671 1218 85.374384
1815 743 71.017805
557 745 108.982106
2350 16 169.426172
2019 1525 49.664321
238 1524 114.609853
1329 881 21.987306
2084 1441 92.070790
110 1633 114.274460
1967 1633 22.203739
1857 1633 12.456994
1968 1632 19.416994
1575 1520 9.605326
581 1466 81.457582
1607 1386 21.674858
2319 992 98.360502
1221 941 14.078020
486 711 13.666750
1667 1948 18.261339
1834 1949 16.603402
1439 1552 8.387963
1495 1495 0.000000
1833 1830 15.802254
1054 997 9.959916
250 993 118.034986
1582 1470 5.697001
1692 1638 14.984197
653 710 9.305297
1158 879 14.137107
765 654 8.374844
2130 2205 9.933669
2085 2238 14.022702
2337 23 162.636541
2264 2125 14.442252
543 1609 56.132749
1164 1332 8.815649
1447 1446 6.243940
935 823 5.620902
881 767 13.565520
1319 1430 8.408932
1078 1581 26.681223
1148 1317 8.815748
110 1525 98.967941
585 309 17.450870
1159 1160 6.428504
2202 739 91.961068
726 559 9.629423
1709 1934 14.358314
388 1318 134.177760
1318 1318 0.000001
1049 657 20.148593
2334 488 128.486026
2248 545 99.988014
1606 1329 20.970156
1329 1218 8.425595
798 743 9.465975
1302 745 33.647729
2298 16 153.508885
1694 1525 9.272511
235 1524 128.905922
331 881 53.521977
1663 1441 16.751568
470 1633 96.558028
693 1633 86.101524
470 1633 96.558028
1520 1632 5.791007
918 1520 90.907892
1579 1466 8.387533
1275 1386 8.418645
1158 992 12.641331
939 941 12.620748
110 711 70.823131
1725 1948 14.358450
1557 1949 22.505029
1218 1552 20.932436
1438 1495 9.724462
2244 1830 32.097208
1276 997 14.048999
881 993 5.560901
1583 1470 8.388227
1192 1638 25.655771
1047 710 18.031658
1103 879 11.044704
878 654 11.602796
2083 2205 11.685094
2228 2238 44.324873
2 23 12.057374
1923 2125 14.696934
1272 1609 18.031935
823 1332 37.877773
1502 1446 4.197830
1103 823 14.227515
540 767 21.147766
1205 1430 12.740628
1023 1581 30.444202
1204 1317 8.425575
211 1525 74.044405
32 309 52.914435
1557 1160 34.394574
1302 739 33.647176
783 559 12.116901
128 1934 157.920391
1430 1318 5.560799
1038 1318 14.048833
331 657 45.523550
188 488 21.405292
1667 545 58.274309
299 1329 139.116803
1385 1218 8.846188
1081 743 20.997300
522 745 13.666887
2328 16 170.000837
967 1525 30.372349
328 1524 139.624950
541 881 29.527149
1327 1441 13.785946
845 1633 46.412501
32 1633 103.437290
2337 1633 60.581068
1293 1632 25.173952
1688 1520 9.272518
2345 1466 69.549883
1 1386 98.481339
1271 992 14.048840
944 941 18.929623
1047 711 16.927705
1331 1948 34.661131
2202 1949 78.096516
1774 1552 16.747304
2345 1495 80.044188
1886 1830 4.266338
2333 997 92.492534
1663 993 35.845846
1022 1470 21.987205
402 1638 68.473387
270 710 30.496576
26 879 63.287622
710 654 4.188064
92 2205 158.706293
2291 2238 7.769593
2335 23 170.000836
14 2125 147.943435
1942 1609 25.250540
1389 1332 9.901444
1446 1446 0.000001
1606 823 39.499061
2242 767 90.628586
926 1430 24.959055
2322 1581 58.779196
1205 1317 5.483798
2157 1525 48.511195
530 309 15.691892
6 1160 84.341686
1023 739 25.858425
2242 559 138.272494
1483 1934 34.152616
1683 1318 145.831808
926 1318 19.458438
936 657 14.714425
545 488 4.226722
374 545 16.400282
1720 1329 20.449521
1331 1218 8.425599
685 743 14.985161
2257 745 101.993607
6 16 4.623635
684 1525 43.016486
570 1524 50.597894
769 881 5.697098
1049 1441 19.501748
1636 1633 17.819344
523 1633 83.596813
470 1633 96.558028
1744 1632 6.043993
1690 1520 12.562005
971 1466 65.426366
1329 1386 9.901347
1329 992 17.631477
1443 941 29.442913
1726 711 66.828084
299 1948 164.389087
486 1949 87.043732
1443 1552 19.321830
1552 1495 4.191622
1610 1830 25.668348
1053 997 4.211158
1273 993 14.048837
1412 1470 9.822743
1469 1638 12.573233
1895 710 79.376223
542 879 18.763833
543 654 8.392892
2134 2205 24.974376
97 2238 174.389327
2333 23 179.999508
2163 2125 13.966730
1497 1609 5.791007
1836 1332 26.799602
1558 1446 5.697001
1726 823 62.625131
657 767 13.260956
1484 1430 9.724383
1471 1581 13.566225
925 1317 19.458436
1415 1525 13.686449
473 309 10.794597
992 1160 8.815719
910 739 17.519758
558 559 5.474811
1710 1934 13.373001
1261 1318 4.211338
1541 1318 12.866541
713 657 4.188060
602 488 12.669988
602 545 8.920493
882 1329 22.894545
768 1218 25.543873
1636 743 48.564816
967 745 16.769573
40 16 24.038414
968 1525 33.534293
1078 1524 25.467672
1610 881 37.381445
1613 1441 28.758338
1520 1633 8.378816
1631 1633 11.883859
1073 1633 27.857997
1521 1632 8.378816
1687 1520 12.562020
524 1466 80.272320
882 1386 24.959561
1613 992 46.218878
995 941 16.083229
1048 711 18.031627
712 1948 68.472800
2164 1949 82.098011
1663 1552 8.375057
1550 1495 9.605219
1608 1830 16.777202
1047 997 35.201522
995 993 12.724776
795 1470 38.284436
1636 1638 11.883859
934 710 11.412102
881 879 12.485868
878 654 11.602796
2283 2205 39.494122
2129 2238 10.606782
11 23 3.516692
1923 2125 14.696934
1219 1609 21.776868
1610 1332 16.941522
1558 1446 5.697001
1045 823 16.813403
768 767 6.060590
1149 1430 14.136994
1638 1581 9.466087
1204 1317 8.425575
1580 1525 9.605307
143 309 15.721418
1382 1160 16.847901
1304 739 42.008621
560 559 5.475661
1822 1934 6.960000
813 1318 25.017630
1094 1318 10.942603
1160 657 25.566268
880 488 21.274676
599 545 8.920419
1104 1329 12.682478
991 1218 22.128738
631 743 6.044202
1468 745 50.082981
2343 16 163.585900
328 1525 143.155947
1637 1524 8.379517
1274 881 21.488472
1328 1441 8.408861
389 1633 95.774361
1685 1633 26.566891
1629 1633 23.745535
2020 1632 24.359199
1817 1520 94.376994
1738 1466 46.963386
2255 1386 86.215814
163 992 96.376544
447 941 60.603251
1955 711 95.774298
1779 1948 12.797878
2237 1949 70.567567
2255 1552 83.967774
2086 1495 74.421697
2176 1830 28.750460
2149 997 75.560578
2037 993 103.465432
1632 1470 34.605569
1968 1638 37.554330
1955 710 100.183470
1593 879 94.552295
1983 654 108.873318
2235 2205 12.686190
201 2238 163.327090
1945 23 133.077975
2251 2125 59.908673
2128 1609 86.480665
1276 1332 4.211162
614 1446 67.614439
2169 823 107.276345
2066 767 129.238730
1374 1430 4.201843
2069 1581 44.868922
1374 1317 9.901280
2156 1525 52.657803
263 309 9.897429
1956 1160 80.452943
2021 739 70.733916
1961 559 74.876298
530 1934 80.203179
1596 1318 16.941584
1484 1318 12.604423
2188 657 107.537572
600 488 6.412995
1217 545 34.317507
1106 1329 12.682524
447 1218 86.654359
1824 743 117.923472
389 745 100.119809
2235 16 162.981797
1023 1525 26.585852
2156 1524 49.645257
1276 881 29.476341
2303 1441 85.778786
2228 1633 41.234029
1802 1633 9.629302
803 1633 72.862175
524 1632 92.800000
1687 1520 12.562020
746 1466 64.599280
1047 1386 25.277781
193 992 59.113356
996 941 9.901335
1557 711 54.270918
1833 1948 16.603125
1782 1949 10.539550
1551 1552 6.060597
1106 1495 25.013405
1610 1830 25.668348
1051 997 9.960028
328 993 45.643509
1527 1470 9.724571
1078 1638 27.857997
821 710 8.379376
1214 879 17.692316
652 654 11.611999
2291 2205 12.609536
2267 2238 5.610955
2343 23 176.483389
2080 2125 4.041384
1611 1609 11.884033
1276 1332 4.211162
1670 1446 11.603000
655 823 9.272974
1049 767 20.998528
926 1430 24.959055
1691 1581 13.261030
981 1317 16.426406
2242 1525 87.690848
219 309 11.136481
1328 1160 8.815719
2319 739 110.645319
784 559 13.425941
1878 1934 4.329676
2226 1318 107.811407
646 1318 33.590103
1160 657 25.566268
2248 488 103.695723
7 545 56.790275
1607 1329 16.941584
1387 1218 12.632540
854 743 8.379661
1187 745 43.707108
2285 16 163.937886
1583 1525 9.605287
2075 1524 32.785016
328 881 40.902968
1047 1441 21.488336
1858 1633 13.666704
469 1633 91.995254
914 1633 64.599498
1576 1632 4.188843
1464 1520 4.197126
1297 1466 8.892013
1444 1386 9.822442
1271 992 14.048840
1220 941 16.733809
277 711 34.288843
1782 1948 12.798161
2003 1949 5.227042
881 1552 33.842110
1495 1495 0.000000
132 1830 149.942999
1333 997 16.426406
1045 993 22.504035
853 1470 30.540976
1358 1638 14.512634
431 710 16.091750
991 879 5.560901
599 654 9.123550
2290 2205 10.330193
2211 2238 24.698531
2319 23 176.557001
166 2125 129.866872
1442 1609 9.143300
1609 1332 20.970080
1277 1446 8.891660
1046 823 12.794281
712 767 9.465784
982 1430 21.987205
741 1581 41.981358
1037 1317 14.048831
280 1525 135.869075
47 309 56.401749
712 1160 22.392701
1247 739 33.373282
726 559 9.629423
143 1934 106.253670
1374 1318 4.207505
983 1318 17.631512
328 657 31.715180
2080 488 145.330667
827 545 20.919689
2143 1329 50.384079
1163 1218 10.018214
965 743 16.769588
634 745 8.378090
2339 16 174.828867
965 1525 27.582593
211 1524 75.258613
824 881 4.196934
1610 1441 12.573185
791 1633 44.711237
331 1633 116.810289
2346 1633 63.545123
1799 1632 12.572370
387 1520 96.344938
15 1466 111.269727
2079 1386 116.644459
1217 992 12.682483
1557 941 30.615782
1609 711 46.503266
1779 1948 12.797878
329 1949 87.597054
1830 1552 17.586714
2337 1495 82.051769
2136 1830 28.095940
26 997 73.927103
709 993 25.858446
512 1470 59.069857
1972 1638 22.203739
655 710 4.188064
2333 879 104.306018
879 654 13.081856
65 2205 149.534061
2254 2238 49.430361
2345 23 168.708649
2350 2125 37.069613
1667 1609 9.305220
1606 1332 36.798108
1445 1446 6.242950
1609 823 40.975388
5 767 63.852913
1148 1430 16.760231
193 1581 133.749302
1262 1317 9.959759
32 1525 102.855292
752 309 26.806962
141 1160 98.269282
1811 739 71.017832
2157 559 99.701040
1094 1934 44.634992
979 1318 24.982088
1374 1318 4.207505
1049 657 20.148593
601 488 8.426333
543 545 10.945814
1548 1329 33.098674
1161 1218 4.215870
687 743 4.187895
48 745 80.681213
12 16 17.363034
624 1525 54.727744
796 1524 36.211250
879 881 12.485868
1833 1441 21.274884
1354 1633 14.512841
1579 1633 9.466106
1409 1633 11.411995
692 1632 86.100730
1466 1520 9.724551
970 1466 59.576487
1668 1386 17.046127
938 992 16.083234
1220 941 16.733809
1838 711 71.407242
2080 1948 87.833234
322 1949 94.205665
1270 1552 16.861272
1272 1495 12.794659
1833 1830 15.802254
1160 997 29.974970
770 993 12.866744
1025 1470 29.152997
1751 1638 8.377960
711 710 5.943391
878 879 6.243541
484 654 12.607751
2281 2205 46.245581
2289 2238 10.614452
11 23 3.516692
132 2125 129.939280
771 1609 42.911008
1274 1332 9.959628
1048 1446 40.018766
542 823 17.359328
1045 767 16.861439
1261 1430 8.891745
1580 1581 6.060041
1427 1317 9.901034
1635 1525 13.423207
261 309 3.706837
1444 1160 26.193085
852 739 8.378960
782 559 13.425555
1933 1934 4.790456
1598 1318 14.512697
1260 1318 9.959740
602 657 9.123555
1836 488 73.725174
599 545 8.920419
1554 1329 12.866572
1050 1218 8.800934
1302 743 28.559299
857 745 5.791200
2327 16 172.513561
1526 1525 6.159759
1692 1524 9.272505
1218 881 17.692314
1499 1441 15.760491
1634 1633 5.943750
1466 1633 9.143522
1072 1633 28.559364
1464 1632 9.143210
1575 1520 9.605326
581 1466 81.457582
768 1386 34.322242
654 992 21.085464
996 941 9.901335
879 711 9.142919
488 1948 80.203040
2319 1949 41.886667
1720 1552 9.433381
1273 1495 16.813650
1941 1830 8.589089
880 997 32.010546
1050 993 9.959829
1304 1470 17.876801
1527 1638 8.379517
653 710 9.305297
1381 879 26.538504
599 654 9.123550
2235 2205 12.686190
2209 2238 15.135768
6 23 15.063085
2030 2125 10.884313
1386 1609 12.961113
1049 1332 21.071291
1671 1446 13.082214
1049 823 16.813336
935 767 9.038126
1486 1430 4.197329
1302 1581 16.861310
1094 1317 12.682491
1025 1525 33.335484
264 309 14.696816
1215 1160 10.018121
1414 739 38.356117
1062 559 26.296136
1987 1934 14.344231
758 1318 27.684404
1038 1318 14.048833
936 657 14.714425
323 488 10.610720
434 545 8.487384
1103 1329 16.857055
1382 1218 23.793504
856 743 8.378974
1139 745 21.776652
2346 16 175.376415
211 1525 74.044405
1522 1524 12.318893
994 881 8.408995
1440 1441 6.243450
501 1633 92.799269
1796 1633 32.660111
2018 1633 33.518650
1984 1632 84.225088
1991 1520 112.099898
1685 1466 32.321601
1234 1386 98.927182
2086 992 95.144788
1767 941 98.433516
2224 711 119.641200
1666 1948 21.119198
165 1949 131.036245
2085 1552 79.150186
163 1495 119.793016
1607 1830 13.666560
2010 997 67.893190
2255 993 107.612374
389 1470 111.046806
2320 1638 66.388152
244 710 94.604361
221 879 60.134283
1046 654 20.148594
8 2205 153.666519
2265 2238 7.336101
40 23 8.597797
1978 2125 12.014341
1608 1609 5.943383
2107 1332 63.656591
2224 1446 68.682765
1439 823 30.541007
2224 767 118.504103
982 1430 21.987205
389 1581 109.872079
1205 1317 5.483798
1991 1525 96.100479
1990 309 99.568906
1843 1160 74.273303
60 739 76.688490
840 559 17.359373
2039 1934 14.558680
1374 1318 4.207505
1820 1318 28.067901
824 657 9.272977
485 488 15.802273
1331 545 41.657577
244 1329 112.668626
616 1218 94.124301
1816 743 75.154336
2069 745 95.325200
2242 16 156.655513
1968 1525 37.317942
1857 1524 25.098970
1161 881 14.137106
1613 1441 28.758338
328 1633 131.330570
1464 1633 12.572566
1913 1633 16.091796
639 1632 105.808995
1295 1520 12.794907
524 1466 80.272320
880 1386 29.443342
26 992 69.316378
939 941 12.620748
1553 711 42.910503
1839 1948 16.603614
1895 1949 8.191989
1442 1552 13.565484
1331 1495 23.493997
1498 1830 29.328250
1445 997 21.987205
2139 993 65.669573
1187 1470 21.047077
1301 1638 18.031731
935 710 12.961208
1048 879 12.619435
821 654 9.272976
2086 2205 13.188648
2037 2238 17.574722
2346 23 164.936848
2165 2125 4.681376
1724 1609 18.410419
1107 1332 12.682424
1333 1446 8.408482
1103 823 14.227515
1613 767 58.466203
1430 1430 0.000001
1804 1581 13.425649
1317 1317 0.000001
2211 1525 92.270022
642 309 21.750175
991 1160 12.641254
2079 739 80.761817
392 559 12.798311
1932 1934 9.574213
60 1318 78.147314
1149 1318 8.815733
1667 657 52.252309
2346 488 130.425214
156 545 39.182018
1389 1329 28.646089
1162 1218 4.215874
1024 743 14.512337
1354 745 56.264278
65 16 16.062201
1638 1525 8.378816
210 1524 73.663762
2125 881 128.241746
823 1441 31.834043
469 1633 91.995254
914 1633 64.599498
469 1633 91.995254
1855 1632 13.666712
1351 1520 12.604572
1690 1466 11.603000
1442 1386 4.201847
1272 992 14.048815
1051 941 13.863572
250 711 104.928425
1834 1948 12.232477
431 1949 88.637279
936 1552 30.615803
879 1495 30.541599
2319 1830 58.749202
997 997 0.000001
1613 993 41.711684
1636 1470 12.573262
1523 1638 19.059826
712 710 11.883969
821 879 9.724303
543 654 8.392892
2236 2205 7.695214
2264 2238 12.364763
2333 23 179.999508
1977 2125 14.461945
1497 1609 5.791007
1607 1332 31.201701
1503 1446 9.724561
766 823 9.605433
1557 767 54.278221
926 1430 24.959055
739 1581 42.910335
534 1317 40.273465
173 1525 79.551810
16 309 50.129013
709 1160 29.224958
1187 739 22.392701
784 559 13.425941
2084 1934 30.150881
870 1318 21.987306
646 1318 33.590103
2218 657 92.540053
2183 488 98.670697
490 545 8.696595
186 1329 67.569792
1219 1218 6.421300
799 743 4.188511
579 745 12.572668
2303 16 158.015808
1301 1525 11.136993
173 1524 81.201359
1214 881 25.262595
881 1441 27.548105
678 1633 52.517407
2211 1633 92.881670
15 1633 119.418601
845 1632 43.324242
1072 1520 22.066990
2337 1466 68.729914
26 1386 90.204303
1161 992 12.641254
1609 941 41.822497
823 711 5.791200
426 1948 100.875768
2180 1949 24.537791
1772 1552 26.079230
15 1495 97.948662
577 1830 145.141517
2322 997 106.073071
1607 993 32.031410
625 1470 50.646165
1921 1638 21.000082
934 710 11.412102
2336 879 113.782460
543 654 8.392892
2285 2205 30.465912
2133 2238 16.672793
0 23 8.848119
6 2125 149.022376
1610 1609 5.943388
1663 1332 35.074961
1221 1446 12.740362
823 823 0.000000
2350 767 112.475298
1374 1430 4.201843
2278 1581 77.114637
926 1317 21.458313
2075 1525 32.434943
472 309 11.894463
2242 1160 74.555632
1643 739 67.177048
32 559 45.765371
1762 1934 24.772762
1626 1318 149.232212
1148 1318 12.641262
827 657 17.358984
544 488 4.226665
656 545 8.392835
2034 1329 105.221386
1439 1218 22.022391
570 743 32.660247
141 745 48.413128
25 16 18.190942
625 1525 51.452005
740 1524 38.994695
1105 881 11.044704
936 1441 24.959055
469 1633 91.995254
1634 1633 5.943750
469 1633 91.995254
694 1632 96.686166
1743 1520 13.234074
1410 1466 4.201620
1387 1386 6.310765
599 992 20.449431
1051 941 13.863572
1781 711 63.717927
207 1948 151.447505
712 1949 70.758075
882 1552 35.573028
1444 1495 28.036639
1498 1830 29.328250
1049 997 22.504331
995 993 12.724776
1526 1470 4.197111
1415 1638 12.961301
934 710 11.412102
541 879 21.359833
1726 654 75.187144
341 2205 147.829563
161 2238 173.349220
2313 23 158.633971
2278 2125 55.559825
1274 1609 18.031937
1668 1332 17.163799
1727 1446 17.183364
1724 823 54.727090
1498 767 42.312001
1486 1430 4.197329
1526 1581 9.605287
1037 1317 14.048831
1749 1525 11.835001
528 309 14.451295
1329 1160 8.815758
1474 739 54.627057
895 559 17.813998
2040 1934 11.243871
1484 1318 12.604423
757 1318 28.399489
1668 657 54.066657
599 488 8.426280
543 545 10.945814
1382 1329 16.083294
1556 1218 20.932377
1357 743 34.419407
692 745 14.984297
184 16 35.943063
1360 1525 17.780446
1413 1524 8.398787
936 881 4.202187
767 1441 35.573119
1576 1633 9.465230
1634 1633 5.943750
1130 1633 25.317855
1408 1632 11.411995
1296 1520 11.136993
1130 1466 16.503401
1385 1386 6.310780
1327 992 17.631512
1385 941 33.695619
656 711 4.188067
431 1948 86.289648
2123 1949 85.592436
880 1552 33.245106
1385 1495 13.686535
1827 1830 15.802254
823 997 35.475707
882 993 8.408995
741 1470 36.303614
632 1638 52.320735
765 710 9.465875
1613 879 54.627823
543 654 8.392892
0 2205 148.286108
2130 2238 10.715430
3 23 7.334118
205 2125 125.783471
995 1609 32.031436
881 1332 29.152803
1501 1446 4.197111
1613 823 54.274813
766 767 6.060590
1261 1430 8.891745
1805 1581 12.116997
1484 1317 8.955788
1190 1525 17.770239
1911 309 134.041087
1104 1160 4.215789
794 739 9.465956
672 559 8.393127
1596 1934 22.203780
1205 1318 8.425545
1542 1318 11.257800
1610 657 48.676746
322 488 12.094064
713 545 9.629500
937 1329 19.458437
937 1218 14.078089
802 743 15.283540
689 745 4.187868
46 16 7.841930
173 1525 79.551810
1301 1524 12.794907
1384 881 24.959561
1443 1441 12.485962
2069 1633 30.915964
1856 1633 13.666342
1743 1633 13.079412
1823 1632 115.136454
2062 1520 61.812138
284 1466 100.704345
390 1386 87.946446
1825 992 58.398905
1705 941 132.272935
2128 711 115.136483
1331 1948 34.661131
2033 1949 90.462268
2169 1552 79.132393
2256 1495 91.355623
1888 1830 8.453009
2008 997 61.121983
1955 993 79.217656
501 1470 110.897643
159 1638 123.358378
708 710 11.883969
1986 879 92.147318
225 654 30.843338
2283 2205 39.494122
31 2238 166.292767
2187 23 159.388118
2056 2125 78.351607
1439 1609 17.520275
2187 1332 64.480608
2036 1446 110.603798
2035 823 112.243627
2085 767 104.236222
1206 1430 11.044596
1632 1581 27.135005
1317 1317 0.000001
238 1525 118.482965
586 309 18.001658
1439 1160 16.760225
1966 739 70.758110
1007 559 23.374899
418 1934 86.784090
1651 1318 20.969941
1261 1318 4.211338
2128 657 123.221665
2204 488 132.122529
543 545 10.945814
1331 1329 12.724776
956 1218 118.907753
1967 743 79.879996
444 745 107.794620
2264 16 166.481507
2134 1525 89.703430
333 1524 116.752280
824 881 4.196934
936 1441 24.959055
94 1633 116.840189
1465 1633 9.143210
523 1633 83.596813
1130 1632 26.829471
1296 1520 11.136993
848 1466 31.834097
1720 1386 21.203106
2333 992 97.713497
1051 941 13.863572
431 711 16.091749
1610 1948 22.203612
1725 1949 13.373001
1383 1552 9.037560
1271 1495 11.136993
1884 1830 13.330983
1163 997 12.641490
2074 993 138.978365
1638 1470 9.143203
1189 1638 23.251630
765 710 9.465875
1271 879 19.501854
655 654 5.807733
1983 2205 17.925920
2132 2238 12.763267
15 23 17.363035
2218 2125 64.198639
879 1609 39.447867
1109 1332 12.682733
1165 1446 14.136940
1159 823 16.601501
657 767 13.260956
1206 1430 11.044596
1581 1581 0.000001
1093 1317 10.942603
328 1525 143.155947
416 309 7.686027
935 1160 12.704000
2164 739 85.003106
838 559 15.268506
1988 1934 9.811545
2084 1318 52.310175
647 1318 34.168041
1664 657 51.132625
13 488 47.208313
13 545 50.811842
1553 1329 11.257800
1275 1218 9.998763
690 743 14.984258
1582 745 47.282903
16 16 0.000000
1187 1525 20.886864
2157 1524 45.888074
2139 881 71.153151
1557 1441 25.260624
693 1633 86.101524
1187 1633 25.656229
471 1633 101.251708
1577 1632 4.188815
1521 1520 6.159759
1634 1466 9.143203
1329 1386 9.901347
1157 992 17.999137
830 941 8.398723
2350 711 115.307697
1895 1948 12.790078
488 1949 82.127173
1664 1552 5.905999
1329 1495 12.604423
329 1830 93.782191
1164 997 8.816010
1218 993 12.682529
1354 1470 25.828873
1135 1638 25.317853
320 710 24.110572
652 879 21.514978
879 654 13.081856
2206 2205 5.060062
94 2238 167.635267
2305 23 162.416910
205 2125 125.783471
938 1609 33.963447
1389 1332 9.901444
1222 1446 11.044596
933 823 13.686602
427 767 29.136646
1430 1430 0.000001
795 1581 40.931409
1038 1317 16.720674
234 1525 136.182793
23 309 30.955460
1606 1160 25.655804
1640 739 54.639312
838 559 15.268506
2226 1934 74.728662
1093 1318 12.682491
869 1318 22.894527
2125 657 137.755261
299 488 95.951993
1891 545 70.855590
2125 1329 108.942133
937 1218 14.078089
913 743 12.572976
744 745 5.943743
17 16 5.171013
911 1525 31.834657
2077 1524 36.609580
1106 881 12.740753
1499 1441 15.760491
733 1633 51.311263
110 1633 114.274460
2343 1633 67.019290
2020 1632 24.359199
848 1520 33.203495
156 1466 116.482821
233 1386 65.265091
244 992 102.522894
361 941 107.771005
1606 711 45.221230
1611 1948 20.150420
2299 1949 33.177199
1826 1552 34.765936
2343 1495 72.766158
1994 1830 20.095444
139 997 107.122498
1548 993 42.055666
966 1470 24.959016
1643 1638 29.661085
711 710 5.943391
2325 879 111.526546
878 654 11.602796
54 2205 141.749654
2172 2238 10.995062
2323 23 162.795904
13 2125 142.856840
1982 1609 96.469850
1607 1332 31.201701
1222 1446 11.044596
1548 823 42.311412
0 767 67.524678
1205 1430 12.740628
2333 1581 72.317875
1207 1317 13.919056
141 1525 94.099439
474 309 11.591100
100 1160 105.444726
741 739 11.883885
2257 559 105.539704
867 1934 61.070521
1403 1318 158.541296
1205 1318 8.425545
767 657 13.260956
375 488 8.589366
434 545 8.487384
285 1329 88.246649
826 1218 19.589892
911 743 9.142838
100 745 65.725804
17 16 5.171013
568 1525 58.928980
1584 1524 21.569674
1331 881 25.422695
1610 1441 12.573185
1409 1633 11.411995
1466 1633 9.143522
1636 1633 17.819344
1352 1632 14.512639
749 1520 90.551959
1633 1466 9.143522
1272 1386 13.863818
879 992 8.408999
995 941 16.083229
1724 711 59.534962
188 1948 101.048327
488 1949 82.127173
1719 1552 9.433412
1387 1495 25.574289
827 1830 59.825575
827 997 12.604321
939 993 16.083317
968 1470 29.442711
1525 1638 8.378816
765 710 9.465875
992 879 8.408999
878 654 11.602796
239 2205 172.569564
146 2238 126.676157
2 23 12.057374
2164 2125 9.034579
1555 1609 9.466025
1387 1332 4.207357
822 1446 56.483063
1781 823 58.928720
1613 767 58.466203
1710 1430 14.964089
968 1581 37.664306
924 1317 19.458435
1025 1525 33.335484
976 309 38.181611
1048 1160 5.464996
796 739 4.188496
672 559 8.393127
724 1934 142.445182
1149 1318 8.815733
1374 1318 4.207505
1723 657 55.988531
543 488 8.696516
769 545 12.116901
768 1329 28.399483
993 1218 12.682529
686 743 9.305394
1581 745 50.508660
2236 16 162.981797
1415 1525 13.686449
911 1524 34.274823
1667 881 41.107092
827 1441 34.274071
1631 1633 11.883859
1801 1633 9.629041
639 1633 100.451823
1352 1632 14.512639
1578 1520 9.605307
858 1466 61.928430
1554 1386 9.037560
1045 992 16.189757
1446 941 24.959016
992 711 14.512405
1557 1948 22.505133
2333 1949 42.646628
823 1552 36.210589
1215 1495 14.227990
1773 1830 8.696670
1391 997 24.982330
1443 993 25.422607
577 1470 48.989681
1750 1638 6.043993
711 710 5.943391
1327 879 21.987306
708 654 9.305209
25 2205 141.069515
2239 2238 5.097556
38 23 5.036659
295 2125 117.851291
1665 1609 4.187916
936 1332 29.488767
1670 1446 11.603000
657 823 12.562170
821 767 9.605438
1037 1430 19.501739
1247 1581 20.932937
534 1317 40.273465
1303 1525 16.813579
197 309 74.827417
991 1160 12.641254
743 739 23.745587
1008 559 24.129111
1651 1934 25.250380
1206 1318 5.483798
1037 1318 14.048819
1049 657 20.148593
1780 488 69.724754
543 545 10.945814
1050 1329 16.720714
1159 1218 16.295498
1412 743 38.356614
1081 745 16.927705
15 16 5.171013
234 1525 136.182793
1693 1524 9.272524
1105 881 11.044704
1277 1441 29.672936
1798 1633 21.997898
1629 1633 23.745535
2193 1633 41.485466
2042 1632 101.736344
1705 1520 96.732669
1460 1466 37.420894
954 1386 104.520278
1817 992 99.743156
1817 941 131.071676
244 711 91.823985
1951 1948 14.344671
2281 1949 51.255640
2039 1552 69.787397
1817 1495 84.036963
1606 1830 12.456994
244 997 84.192294
1851 993 118.328484
1192 1470 21.047093
2134 1638 81.615749
2169 710 108.431201
1649 879 92.312308
1817 654 97.950640
2340 2205 26.333439
2301 2238 43.646637
1996 23 131.886880
2104 2125 74.614789
2169 1609 81.615598
2149 1332 64.019328
445 1446 66.922979
769 823 9.605355
1597 767 72.861719
1260 1430 12.619374
2223 1581 72.359048
1596 1317 14.512693
1855 1525 38.910451
179 309 13.188093
2149 1160 82.869175
1409 739 35.674780
447 559 6.658498
475 1934 82.639314
1652 1318 21.085488
1149 1318 8.815733
879 657 16.751428
1892 488 76.013396
1666 545 57.295231
1276 1329 22.503633
503 1218 88.925802
1990 743 110.976229
2113 745 104.034455
2283 16 158.787497
2114 1525 53.024492
2090 1524 93.731918
1105 881 11.044704
1160 1441 14.137009
2177 1633 97.885051
1408 1633 12.960834
634 1633 75.454939
415 1632 109.337089
1239 1520 16.802628
639 1466 93.754414
1780 1386 22.451705
2351 992 99.980400
995 941 16.083229
488 711 13.666717
2001 1948 9.811307
2101 1949 10.859080
1497 1552 9.605132
1552 1495 4.191622
827 1830 59.825575
939 997 9.901437
2125 993 123.472099
1636 1470 12.573262
1413 1638 12.960834
711 710 5.943391
824 879 9.724209
766 654 5.905699
2133 2205 20.489811
2290 2238 7.181627
7 23 16.689809
250 2125 115.541376
1666 1609 4.187919
1274 1332 9.959628
1276 1446 12.619509
653 823 17.358988
1327 767 27.684404
927 1430 26.538029
1189 1581 19.724477
1540 1317 12.866560
250 1525 70.778988
362 309 6.712226
1104 1160 4.215789
2351 739 110.746379
616 559 8.920566
1989 1934 5.489686
143 1318 72.627978
534 1318 39.801305
654 657 17.409546
118 488 28.526434
118 545 32.127716
709 1329 37.718051
1442 1218 11.044596
744 743 5.942851
1636 745 54.639862
21 16 19.384245
853 1525 33.203495
279 1524 136.445911
2080 881 131.781436
1609 1441 9.143298
2021 1633 24.231796
468 1633 87.590128
1187 1633 25.656229
1856 1632 12.456994
1240 1520 14.227929
1298 1466 8.891660
1272 1386 13.863818
822 992 12.604169
1446 941 24.959016
2235 711 125.268599
2056 1948 14.307404
880 1949 64.426013
827 1552 42.311412
1331 1495 23.493997
2123 1830 84.901211
1331 997 20.832783
1498 993 26.585828
1694 1470 11.603000
1693 1638 9.305281
1840 710 83.596672
598 879 14.963900
708 654 9.305209
2267 2205 10.804670
2340 2238 22.190507
2313 23 158.633971
2219 2125 64.382573
1444 1609 17.520191
1606 1332 36.798108
1221 1446 12.740362
993 823 12.604102
431 767 18.775399
1374 1430 4.201843
1304 1581 25.995375
1318 1317 6.362526
2077 1525 34.501131
81 309 22.666981
1780 1160 38.094427
569 739 16.988140
392 559 12.798311
60 1934 111.833822
926 1318 19.458438
1261 1318 4.211338
190 657 31.725364
186 488 25.953518
1160 545 31.734384
2027 1329 125.610127
1050 1218 8.800934
1581 743 44.711111
1027 745 16.941444
83 16 28.745298
1358 1525 8.955691
250 1524 69.815710
372 881 37.596884
767 1441 35.573119
957 1633 41.822329
16 1633 114.818004
46 1633 120.943400
1404 1632 27.083410
2114 1520 38.622160
208 1466 70.612482
139 1386 121.961057
992 992 0.000001
1606 941 55.301882
712 711 5.943307
769 1948 64.721351
2234 1949 75.074479
1662 1552 13.261172
2214 1495 46.420383
1884 1830 13.330983
2313 997 94.685820
1557 993 37.522937
909 1470 28.274199
1886 1638 113.559018
652 710 14.984633
11 879 76.695071
822 654 9.272976
21 2205 142.401707
71 2238 172.230492
11 23 3.516692
2336 2125 32.056354
827 1609 40.975415
1553 1332 21.814063
890 1446 37.514381
1557 823 50.086705
8 767 75.053854
1430 1430 0.000001
233 1581 140.868967
1316 1317 6.362566
331 1525 130.663415
262 309 5.412388
2257 1160 109.022240
295 739 30.094315
141 559 83.817298
1038 1934 47.274991
871 1318 22.894546
1095 1318 12.682527
1160 657 25.566268
600 488 6.412995
769 545 12.116901
1553 1329 11.257800
1162 1218 4.215874
1530 743 43.324390
0 745 68.919587
24 16 20.696691
571 1525 50.598195
629 1524 45.466416
1048 881 8.891869
1886 1441 29.847530
470 1633 96.558028
1355 1633 16.941680
468 1633 87.590128
750 1632 98.344618
636 1520 87.050543
1185 1466 14.137165
1555 1386 9.037556
1274 992 21.071376
1221 941 14.078020
822 711 8.379372
167 1948 144.295987
323 1949 92.058007
1554 1552 12.118967
1274 1495 21.930848
1884 1830 13.330983
1667 997 35.845948
1556 993 33.575514
1303 1470 12.619525
631 1638 51.206760
596 710 13.079598
1727 879 67.614320
1838 654 79.387749
2310 2205 13.683568
2281 2238 44.293921
26 23 13.860940
2263 2125 14.054902
1668 1609 14.984480
1333 1332 6.363000
710 1446 59.490301
1274 823 29.165527
1839 767 75.092858
1375 1430 9.822638
801 1581 46.389844
869 1317 21.987306
1470 1525 4.197111
863 309 33.474411
1275 1160 20.016767
1361 739 46.218628
614 559 4.203696
781 1934 142.687338
1375 1318 9.901347
701 1318 30.767526
1722 657 54.606795
1893 488 77.858075
1836 545 69.724855
1050 1329 16.720714
1441 1218 12.740660
1638 743 45.221287
1139 745 21.776652
2188 16 140.588046
1749 1525 11.835001
965 1524 28.305949
827 881 15.760399
1049 1441 19.501748
1579 1633 9.466106
1857 1633 12.456994
1968 1633 20.150394
1353 1632 14.512630
1743 1520 13.234074
1023 1466 38.746254
1500 1386 13.686174
1218 992 16.857055
882 941 22.144853
824 711 8.379310
823 1948 65.522574
26 1949 123.544095
1047 1552 25.135902
993 1495 26.585795
1666 1830 21.577233
1607 997 46.219106
1104 993 8.425529
1023 1470 22.894552
1302 1638 16.928000
596 710 13.079598
1049 879 17.877176
879 654 13.081856
2211 2205 29.798526
2204 2238 9.324470
39 23 3.442706
1977 2125 14.461945
1385 1609 11.411995
1667 1332 18.223747
1783 1446 18.763951
1327 823 25.017637
1103 767 16.741802
869 1430 28.274100
1357 1581 11.257800
700 1317 30.767530
968 1525 33.534293
83 309 21.501586
711 1160 23.251477
1023 739 25.858425
448 559 8.487589
1652 1934 21.119404
982 1318 16.426406
1150 1318 8.815756
654 657 17.409546
2003 488 83.913465
377 545 10.539804
1382 1329 16.083294
1277 1218 22.605710
1190 743 23.251612
691 745 9.305394
7 16 4.623635
2077 1525 34.501131
1078 1524 25.467672
879 881 12.485868
937 1441 24.959054
1965 1633 28.969484
1855 1633 16.777149
240 1633 98.136579
284 1632 101.053074
2086 1520 92.342207
198 1466 94.759379
2224 1386 81.314145
1445 992 38.746363
947 941 37.837715
426 711 34.102736
1723 1948 14.358187
246 1949 129.902274
2107 1552 70.093745
787 1495 128.175833
1330 1830 33.691243
291 997 88.326875
2036 993 108.306276
445 1470 113.535725
2281 1638 62.429155
2149 710 108.431198
2038 879 93.682946
2168 654 113.984918
2211 2205 29.798526
61 2238 135.705994
374 23 47.668500
2005 2125 81.852561
2035 1609 91.860493
2008 1332 50.138548
2107 1446 52.060217
396 823 108.336939
1955 767 95.998552
1316 1430 13.785941
501 1581 108.666905
981 1317 16.426406
284 1525 117.490379
219 309 11.136481
2085 1160 95.956328
2227 739 89.656502
1571 559 56.702923
1876 1934 12.789638
1262 1318 4.211384
1036 1318 16.720662
1955 657 91.604147
1385 488 46.234167
374 545 16.400282
1955 1329 67.817782
562 1218 102.373132
1759 743 71.003031
446 745 100.624030
87 16 25.493276
1688 1525 34.044711
1743 1524 31.834180
879 881 12.485868
2280 1441 81.780345
2211 1633 92.881670
1742 1633 18.410159
1747 1633 13.080201
746 1632 76.950924
1294 1520 16.813579
858 1466 61.928430
823 1386 33.534617
2164 992 124.671145
1163 941 16.847644
1330 711 34.419145
1613 1948 20.150620
545 1949 78.082888
1494 1552 9.605224
1666 1495 17.358693
1218 1830 38.322453
1219 997 16.857287
2140 993 64.571941
1694 1470 11.603000
1523 1638 19.059826
933 710 12.961211
1102 879 12.740755
877 654 13.081856
2240 2205 15.609974
2131 2238 12.414556
156 23 38.608978
515 2125 98.798720
1608 1609 5.943383
1333 1332 6.363000
1166 1446 14.137165
1104 823 14.227517
1381 767 31.899634
814 1430 30.541007
1522 1581 15.541450
1203 1317 12.641081
94 1525 121.139188
263 309 9.897429
937 1160 12.704048
106 739 49.415356
839 559 15.268678
1095 1934 44.634992
509 1318 146.308895
1486 1318 8.955795
1327 657 35.845752
156 488 37.959234
136 545 84.903042
1663 1329 21.085491
1216 1218 12.842452
1079 743 16.927705
693 745 20.763047
6 16 4.623635
1748 1525 13.234074
123 1524 122.667503
2140 881 70.117403
1720 1441 14.964090
914 1633 64.599498
471 1633 101.251708
468 1633 87.590128
1575 1632 9.466125
750 1520 96.248822
1576 1466 13.565405
1105 1386 16.734078
1213 992 22.128826
1163 941 16.847644
2264 711 121.866834
2101 1948 11.169972
823 1949 68.408925
1499 1552 21.569669
1384 1495 8.398416
2351 1830 56.485345
1332 997 17.631659
1381 993 29.489109
1638 1470 9.143203
1078 1638 27.857997
1557 710 58.466071
990 879 8.408999
487 654 12.607806
2327 2205 17.678933
2235 2238 15.135765
11 23 3.516692
1865 2125 20.445067
1387 1609 16.769630
1780 1332 23.374797
1388 1446 9.822723
1159 823 16.601501
1330 767 33.575734
1428 1430 12.485868
858 1581 50.087074
983 1317 20.832615
277 1525 145.498596
110 309 17.411392
1609 1160 23.251790
1642 739 62.654170
839 559 15.268678
1911 1934 95.717768
981 1318 17.631486
534 1318 39.801305
2140 657 81.690957
207 488 88.400484
1610 545 54.765521
2183 1329 56.569529
1270 1218 22.605710
910 743 12.572991
969 745 11.412102
50 16 13.496952
1078 1525 22.964313
234 1524 133.159762
769 881 5.697098
1381 1441 22.144781
500 1633 97.627331
109 1633 109.177374
156 1633 122.295675
957 1632 38.356516
1073 1520 22.964313
2343 1466 75.947325
229 1386 64.940185
1105 992 8.425529
341 941 83.400661
1557 711 54.270918
879 1948 64.425829
2319 1949 41.886667
1996 1552 30.055083
208 1495 140.461723
524 1830 128.223846
2079 997 138.761378
335 993 76.534574
575 1470 45.779540
1942 1638 111.526893
429 710 17.879968
193 879 57.305893
599 654 9.123550
61 2205 133.754340
1986 2238 21.631068
2349 23 172.665863
2343 2125 43.284484
1499 1609 13.423367
1995 1332 57.356412
1388 1446 9.822723
1663 823 42.095056
331 767 58.363683
927 1430 26.538029
26 1581 121.220547
981 1317 16.426406
2211 1525 92.270022
865 309 32.506085
0 1160 87.274888
1752 739 59.534770
331 559 32.805797
1879 1934 4.329676
1514 1318 154.981927
927 1318 21.458345
1610 657 48.676746
2344 488 128.198130
602 545 8.920493
1557 1329 27.333795
1442 1218 11.044596
512 743 41.042847
1806 745 58.122495
13 16 14.158671
1584 1525 15.541410
685 1524 42.095427
994 881 8.408995
1829 1441 29.257462
1858 1633 13.666704
1746 1633 8.377946
1247 1633 39.525700
1802 1632 12.572357
1687 1520 12.562020
635 1466 72.557384
1107 1386 14.078479
1105 992 8.425529
1163 941 16.847644
713 711 11.883974
230 1948 95.988120
2002 1949 9.480910
1440 1552 5.697001
1497 1495 12.319006
1999 1830 14.040533
1327 997 41.800972
937 993 4.207234
1190 1470 14.136940
630 1638 50.829905
653 710 9.305297
879 879 0.000001
487 654 12.607806
97 2205 169.195596
201 2238 163.327090
2305 23 162.416910
2333 2125 45.668943
1721 1609 6.043993
1501 1332 12.604564
1670 1446 11.603000
938 823 19.541601
1049 767 20.998528
1318 1430 5.560799
1025 1581 37.523190
1149 1317 8.815752
1360 1525 17.780446
529 309 14.321245
938 1160 16.847721
1416 739 45.894302
728 559 12.572655
1823 1934 8.589089
925 1318 19.458428
812 1318 26.585337
433 657 12.869700
713 488 13.666752
434 545 8.487384
1556 1329 21.814063
885 1218 25.262820
1748 743 54.126238
1083 745 20.997300
2128 16 152.088752
1190 1525 17.770239
1301 1524 12.794907
1049 881 8.891865
881 1441 27.548105
1857 1633 12.456994
1687 1633 14.984216
307 1633 103.692882
1519 1632 8.379517
1466 1520 9.724551
1414 1466 28.376040
993 1386 21.458708
1498 992 29.471908
1443 941 29.442913
541 711 16.987756
1720 1948 24.772412
2351 1949 51.289558
1557 1552 30.259447
1386 1495 19.541590
1721 1830 17.589310
1609 997 37.718459
711 993 16.941337
746 1470 45.952835
1357 1638 16.941669
485 710 13.666752
1839 879 71.023652
656 654 11.612091
515 2205 115.353422
2168 2238 10.101039
0 23 8.848119
2145 2125 71.238744
1440 1609 12.573114
657 1332 38.479060
1333 1446 8.408482
1498 823 38.261253
993 767 16.791487
1150 1430 14.137008
1527 1581 15.542352
646 1317 34.168028
1579 1525 15.542372
216 309 10.452684
1273 1160 8.430162
1130 739 21.776643
782 559 13.425555
1597 1934 20.150517
926 1318 19.458438
869 1318 22.894527
1218 657 28.788856
1609 488 57.567362
656 545 8.392835
1270 1329 16.189662
1104 1218 13.963466
1079 743 16.927705
970 745 12.961381
2323 16 168.618242
138 1525 83.296709
1356 1524 8.955683
1162 881 16.760365
1219 1441 16.832634
557 1633 93.877236
2068 1633 34.288191
2068 1633 34.288191
1936 1632 111.526758
2042 1520 107.051439
2017 1466 46.272557
2107 1386 66.998251
1104 992 5.483803
835 941 37.819189
2085 711 108.420308
2128 1948 77.827342
1840 1949 16.603614
1851 1552 104.907153
2089 1495 59.775857
387 1830 108.207696
2150 997 79.605599
1292 993 125.714337
1299 1470 17.876782
361 1638 92.525156
879 710 9.142921
317 879 41.971450
2133 654 92.121875
5 2205 149.199515
146 2238 126.676157
519 23 51.514108
2168 2125 13.058502
564 1609 125.487343
396 1332 107.425757
244 1446 97.758886
1827 823 56.955200
2149 767 104.309151
1428 1430 12.485868
1800 1581 31.281307
1709 1317 20.449519
1912 1525 37.751146
2041 309 101.416457
2224 1160 96.861674
2226 739 92.697331
1905 559 70.855716
2066 1934 89.125414
1541 1318 12.866541
1372 1318 9.901261
1217 657 28.106305
164 488 75.141706
713 545 9.629500
2085 1329 91.753426
1150 1218 73.947325
1935 743 114.036378
1798 745 88.940817
2288 16 169.718263
2302 1525 70.605897
1912 1524 33.323443
2169 881 110.340416
143 1441 101.887918
2229 1633 40.629627
1630 1633 17.818433
1914 1633 16.091941
848 1632 38.994502
1406 1520 13.686449
1023 1466 38.746254
1663 1386 25.699031
2325 992 107.248242
1054 941 8.418688
1780 711 60.673590
1499 1948 25.805506
544 1949 80.292661
1217 1552 17.881747
1161 1495 20.886922
1999 1830 14.040533
829 997 8.955230
280 993 52.868806
1640 1470 17.519965
1472 1638 12.573248
991 710 14.512404
1216 879 17.692316
934 654 14.714424
2268 2205 16.936380
2036 2238 18.063517
2323 23 162.795904
2276 2125 57.571004
769 1609 41.981805
1165 1332 12.641409
1671 1446 13.082214
711 823 5.791200
1498 767 42.312001
870 1430 27.548105
1022 1581 28.399394
478 1317 44.017618
249 1525 72.602822
530 309 15.691892
1273 1160 8.430162
2333 739 111.845735
951 559 20.820701
927 1934 53.120865
337 1318 140.193612
1150 1318 8.815756
1613 657 55.397893
2337 488 133.843773
2346 545 127.377297
823 1329 26.585337
1444 1218 16.832486
631 743 6.044202
468 745 20.999493
54 16 24.038415
1354 1525 23.493992
141 1524 96.707089
2074 881 144.517095
1389 1441 28.376628
1966 1633 25.250165
1357 1633 25.858608
1357 1633 25.858608
1407 1632 12.961301
1408 1520 5.620987
1296 1466 12.619509
1216 1386 17.950353
1216 992 10.942608
1219 941 21.063246
328 711 39.988527
1443 1948 29.258309
1840 1949 16.603614
767 1552 39.448936
1106 1495 25.013405
2164 1830 81.342401
1162 997 17.999313
654 993 25.138474
914 1470 37.513703
1472 1638 12.573248
427 710 24.948432
877 879 12.485961
1048 654 25.167759
2085 2205 11.137468
331 2238 156.311863
2325 23 158.054043
204 2125 129.596306
1611 1609 11.884033
712 1332 37.717989
1725 1446 14.964032
1104 823 14.227517
1391 767 61.829630
870 1430 27.548105
746 1581 54.271255
646 1317 34.168028
250 1525 70.778988
123 309 65.145103
1607 1160 23.251765
1587 739 63.006716
725 559 12.572057
2241 1934 24.698346
814 1318 25.017637
1150 1318 8.815756
2139 657 82.608561
167 488 83.275013
1498 545 49.070691
207 1329 130.475636
1382 1218 23.793504
912 743 9.142817
523 745 16.777301
60 16 27.395591
1692 1525 12.562005
2211 1524 94.220830
992 881 8.408928
827 1441 34.274071
1588 1633 62.575770
47 1633 116.014610
2161 1633 38.206467
1461 1632 23.022654
567 1520 49.070711
150 1466 134.201353
132 1386 119.845100
1873 992 97.306091
1663 941 54.568714
1663 711 47.871314
1723 1948 14.358187
2164 1949 82.098011
1938 1552 37.312672
189 1495 73.344733
467 1830 136.610045
2336 997 106.451706
1553 993 27.684206
629 1470 42.325338
440 1638 145.897582
370 710 28.970052
2305 879 120.373552
1214 654 28.106305
31 2205 162.320792
2189 2238 57.075955
4 23 6.228755
3 2125 139.270618
1049 1609 27.857997
1994 1332 61.885497
1054 1446 19.501863
1330 823 29.471498
2340 767 104.946091
1428 1430 12.485868
139 1581 89.934565
1093 1317 10.942603
110 1525 98.967941
586 309 18.001658
2157 1160 118.613282
1304 739 42.008621
2228 559 104.869183
1542 1934 22.505061
1347 1318 162.368382
1428 1318 13.785941
1833 657 60.303863
2336 488 134.837393
825 545 15.268557
1994 1329 49.857497
1052 1218 18.023199
909 743 17.520573
47 745 83.204673
2321 16 161.808808
685 1525 42.095496
1473 1524 28.037230
1276 881 29.476341
1667 1441 16.751630
1247 1633 39.525700
915 1633 69.899419
1357 1633 25.858608
1464 1632 9.143210
1801 1520 15.267916
1083 1466 63.576403
1048 1386 20.838704
1107 992 19.957637
1273 941 30.422746
656 711 4.188067
2181 1948 19.035446
823 1949 68.408925
1385 1552 12.587386
940 1495 42.085001
1667 1830 26.639448
936 997 28.646373
885 993 25.829470
801 1470 38.284436
744 1638 46.503247
485 710 13.666752
1838 879 66.730697
1783 654 79.339834
2034 2205 16.146301
2134 2238 20.731458
2294 23 156.589813
2319 2125 48.097640
938 1609 33.963447
1107 1332 12.682424
992 1446 44.147443
1272 823 22.963987
1667 767 51.345743
1763 1430 20.924137
1747 1581 12.559854
1092 1317 12.682511
1190 1525 17.770239
751 309 27.835963
1384 1160 10.981007
683 739 4.188515
670 559 8.392537
1654 1934 16.646224
1037 1318 14.048819
1205 1318 8.425545
1838 657 68.911590
374 488 12.232950
377 545 10.539804
1270 1329 16.189662
770 1218 22.200606
1527 743 38.994695
1081 745 16.927705
2149 16 136.668990
1635 1525 13.423207
1359 1524 17.781313
1613 881 45.952912
657 1441 39.150901
1467 1633 12.573248
1579 1633 9.466106
415 1633 104.712669
1802 1632 12.572357
1295 1520 12.794907
848 1466 31.834097
1386 1386 0.000000
1381 992 24.982654
1273 941 30.422746
769 711 9.465794
1553 1948 29.371159
2234 1949 75.074479
1780 1552 26.079068
1163 1495 30.298388
1661 1830 12.607799
1663 997 50.363253
1554 993 28.399310
858 1470 41.704133
686 1638 47.871493
935 710 12.961208
657 879 16.751428
595 654 14.642169
5 2205 149.199515
2133 2238 16.672793
12 23 5.171014
345 2125 117.055419
1163 1609 25.655850
1499 1332 8.955727
1728 1446 20.924733
1218 823 25.013036
544 767 13.425787
983 1430 22.894449
1750 1581 12.560457
1318 1317 6.362526
1355 1525 17.781331
469 309 21.685068
768 1160 19.724550
517 739 16.777313
614 559 4.203696
2039 1934 14.558680
1093 1318 12.682491
871 1318 22.894546
1613 657 55.397893
1894 488 80.102565
1781 545 67.704183
1386 1329 9.901347
934 1218 26.250913
1303 743 27.857702
1083 745 20.997300
2214 16 147.165555
277 1525 145.498596
1410 1524 13.686430
824 881 4.196934
1215 1441 16.832566
336 1633 93.736181
2193 1633 41.485466
1799 1633 16.987161
2086 1632 87.703311
500 1520 89.328021
1850 1466 48.151900
2036 1386 100.468955
1770 992 54.244214
946 941 31.539040
2188 711 109.708338
2083 1948 82.528145
2265 1949 68.397189
390 1552 105.166198
221 1495 87.160839
2137 1830 24.542739
1953 997 56.603384
2149 993 88.034966
1022 1470 21.987205
2019 1638 50.039416
1956 710 104.712373
2133 879 84.503162
317 654 29.059934
94 2205 168.697320
269 2238 121.053828
2053 23 142.568513
1950 2125 85.362655
2083 1609 91.164392
2035 1332 112.374446
286 1446 78.281484
1331 823 33.335130
223 767 46.373687
1430 1430 0.000001
2173 1581 83.514460
758 1317 28.399489
1857 1525 29.328736
144 309 17.249826
1873 1160 95.271625
1354 739 32.031177
1682 559 59.870315
263 1934 95.988202
1709 1318 20.449512
1542 1318 11.257800
2107 657 101.965012
1220 488 43.104132
1779 545 64.338296
1161 1329 8.815754
2129 1218 100.037455
1814 743 67.187151
286 745 92.815060
2211 16 152.284472
361 1525 92.285396
1991 1524 99.853745
1383 881 26.538471
1492 1441 28.036737
acc0 65
acc1 306
acc2 685
acc3 1109
acc4 1613
acc5 1904
acc6 2079
acc7 2239
acc8 2363
acc9 2474
acc10 2564
acc11 2631
acc12 2697
acc13 2756
acc14 2796
