1182 1294 5.465001
1363 1525 35.475406
1349 1406 9.901433
1622 1463 52.385170
1069 1351 16.720779
1396 1350 60.184419
1472 1581 19.322070
1071 1239 8.800820
1584 1524 21.569674
1623 1519 48.601129
955 1238 21.062946
1569 1518 33.684338
1125 1469 53.591203
1456 1234 16.832478
1622 1291 35.353599
1305 1245 28.980044
215 1290 112.642057
215 1347 113.354357
1678 1235 38.319931
1456 1403 22.144776
664 1462 95.856634
1511 1289 16.813587
1249 1301 22.605710
1622 1575 50.845084
1344 1348 25.445808
1678 1293 50.198317
1182 1182 0.000000
215 1295 95.250145
1456 1178 21.047077
1305 1189 26.249609
215 1407 99.809882
1293 1349 4.211138
1455 1405 40.861850
1696 1582 13.260995
1404 1404 0.000000
1511 1177 20.886871
215 1573 115.692922
215 1460 114.590444
215 1233 114.838123
1125 1459 20.855714
1472 1413 15.939874
215 1636 92.958827
1069 1346 26.279889
1569 1516 21.569674
1456 1292 29.673316
219 1637 107.733673
1622 1461 40.510287
1305 1188 32.555135
2242 1133 107.010407
215 1574 112.108340
2285 1580 50.481448
1181 1236 10.018307
1472 1358 13.785840
1363 1470 32.010446
261 1517 123.650638
1456 1402 15.939895
1704 1478 16.751517
1351 1294 4.211154
1525 1525 0.000000
1407 1406 6.310175
1463 1463 0.000001
1351 1351 0.000001
1238 1350 5.483798
1356 1581 12.866297
1350 1239 8.425898
1636 1524 5.791007
1407 1519 5.620987
1350 1238 5.483798
1407 1518 8.398044
1525 1469 4.197814
1344 1234 13.918925
1347 1291 4.211154
1300 1245 4.214118
1291 1290 6.399744
1347 1347 0.000001
1791 1235 37.669751
1347 1403 4.207278
1350 1462 5.560799
1288 1289 6.399766
1069 1301 52.500222
1519 1575 4.191407
215 1348 109.953206
1293 1293 0.000000
215 1182 94.294388
1239 1295 4.214085
1456 1178 21.047077
1246 1189 4.215637
215 1407 99.809882
1293 1349 4.211138
1349 1405 4.207262
1105 1582 162.118220
1460 1404 4.202356
898 1177 14.137034
1517 1573 4.191392
1404 1460 4.202356
1344 1233 8.425898
1458 1459 6.243950
1413 1413 0.000000
1692 1636 4.187709
1459 1346 8.409240
1685 1516 9.272518
1236 1292 4.214851
1105 1637 160.090442
1405 1461 4.201604
1075 1188 8.429694
1188 1133 4.215666
1518 1574 4.192106
1069 1580 48.082894
1294 1236 16.260875
1358 1358 0.000001
1134 1470 16.503401
1518 1517 6.160746
1347 1402 4.208027
1758 1478 14.964040
1295 1294 6.398740
1526 1525 6.159759
203 1406 67.619256
2213 1463 102.092805
1181 1351 12.641417
311 1350 125.990092
1134 1581 23.081853
1182 1239 4.215637
2285 1524 53.261515
1678 1519 57.229003
1181 1238 4.215654
1511 1518 43.028233
1363 1469 38.226862
1071 1234 36.254416
2094 1291 116.395460
1363 1245 38.764015
1344 1290 16.189268
203 1347 65.097066
1456 1235 22.022652
1734 1403 34.751446
1455 1462 43.638329
1071 1289 40.032944
1363 1301 35.201124
215 1575 108.536425
1511 1348 29.429967
1933 1293 127.229056
1181 1182 6.429019
1125 1295 18.023180
203 1178 57.468787
1247 1189 10.018286
1069 1407 20.838583
1456 1349 32.010446
421 1405 142.437991
2248 1582 92.871230
292 1404 60.165817
292 1177 53.242613
1456 1573 31.272819
472 1460 128.533736
1846 1233 35.423337
1071 1459 34.561311
1472 1413 15.939874
2285 1636 47.471320
2138 1346 105.512787
215 1516 115.149004
215 1292 105.912277
1526 1637 8.378816
203 1461 69.867884
1247 1188 16.296075
215 1133 69.409121
2213 1574 95.497544
2285 1580 50.481448
215 1236 105.323226
1079 1358 16.720779
1472 1470 12.485758
292 1517 65.651837
2137 1402 107.395168
1878 1478 51.466466
1732 1294 64.840153
1472 1525 15.760008
215 1406 103.391201
1351 1463 5.560799
1294 1351 4.211154
1295 1350 9.959914
1638 1581 9.466087
1239 1239 0.000000
1472 1524 21.885175
2294 1519 90.141095
1282 1238 73.751182
1455 1518 46.510294
1472 1469 18.726278
1456 1234 16.832478
1511 1291 27.538697
1191 1245 16.296075
292 1290 56.640454
215 1347 113.354357
215 1235 108.659088
1568 1403 23.279402
1351 1462 8.409225
1062 1289 22.142368
2094 1301 115.350315
1623 1575 44.939567
215 1348 109.953206
1294 1293 6.399766
1069 1182 8.430477
563 1295 46.189491
215 1178 107.898336
1137 1189 22.656404
563 1407 50.793072
1566 1349 44.972333
1456 1405 34.617954
1125 1582 60.976675
215 1404 110.518815
292 1177 53.242613
215 1573 115.692922
1511 1460 28.036254
203 1233 62.276186
1511 1459 21.885185
1417 1413 25.235343
1638 1636 11.883859
1456 1346 13.785840
1678 1516 39.820150
1456 1292 29.673316
1527 1637 13.423207
1511 1461 34.196401
1249 1188 29.046405
1247 1133 13.964251
1069 1574 25.135867
2285 1580 50.481448
1456 1236 27.698427
1248 1358 13.918925
1472 1470 12.485758
1069 1517 22.066990
1344 1402 16.082904
1646 1478 9.143216
1295 1294 6.398740
1191 1525 20.886864
1407 1406 6.310175
215 1463 103.893132
1295 1351 4.211154
1295 1350 9.959914
113 1581 117.792491
215 1239 94.774851
1590 1524 57.840689
1295 1519 11.136993
1069 1238 8.800828
1732 1518 59.888698
1191 1469 21.047816
291 1234 53.051534
1455 1291 29.673316
2242 1245 101.843754
1054 1290 77.792849
1456 1347 19.720742
215 1235 108.659088
215 1403 113.998718
1622 1462 46.442035
215 1289 115.781218
1249 1301 22.605710
215 1575 108.536425
1456 1348 25.828873
1182 1293 8.430480
1239 1182 4.215637
206 1295 62.136779
292 1178 51.343891
1137 1189 22.656404
1620 1407 68.139207
1455 1349 38.226883
508 1405 46.234091
1642 1582 27.135898
1455 1404 34.618933
396 1177 45.289247
1569 1573 24.220428
215 1460 114.590444
1622 1233 25.097484
1062 1459 34.562151
1474 1413 28.376040
215 1636 92.958827
1511 1346 17.780455
1511 1516 30.769100
507 1292 40.767744
1696 1637 14.984197
1511 1461 34.196401
2269 1188 100.562090
1249 1133 26.278449
1622 1574 44.939567
57 1580 100.046570
215 1236 105.323226
1363 1358 31.804549
1191 1470 16.760346
339 1517 66.053470
215 1402 117.373583
1710 1478 52.583877
1508 1294 63.825058
710 1525 160.939350
215 1406 103.391201
1622 1463 52.385170
1239 1351 5.483798
365 1350 137.808386
1525 1581 4.192091
1351 1239 5.483798
1363 1524 41.578841
215 1519 104.425917
419 1238 125.936677
1293 1518 12.794907
2248 1469 97.553891
215 1234 111.844655
1511 1291 27.538697
1303 1245 16.260854
1344 1290 16.189268
700 1347 159.029822
215 1235 108.659088
1071 1403 30.422700
1456 1462 37.419918
292 1289 58.412937
2105 1301 105.018456
202 1575 77.919702
203 1348 64.483727
1182 1293 8.430480
365 1182 129.132002
1295 1295 0.000000
1994 1178 127.882038
215 1189 70.247933
1465 1407 9.822723
1455 1349 38.226883
2138 1405 110.211530
1862 1582 15.639759
2294 1404 95.149933
203 1177 58.817721
1511 1573 33.684349
1679 1460 32.321601
1456 1233 12.740858
215 1459 118.051310
215 1413 79.998473
2320 1636 63.449353
1062 1346 26.279880
1071 1516 29.165426
292 1292 54.661638
215 1637 90.212125
339 1461 62.405965
215 1188 73.373791
1303 1133 18.024077
1622 1574 44.939567
710 1580 170.533964
472 1236 121.237668
1472 1358 13.785840
2047 1470 110.466572
1678 1517 45.620546
215 1402 117.373583
1933 1478 50.124900
1182 1294 5.465001
1363 1525 35.475406
215 1406 103.391201
1777 1463 121.474956
1508 1351 66.184908
140 1350 102.772660
1527 1581 15.542352
262 1239 111.466444
1255 1524 67.671264
1181 1519 20.886864
1181 1238 4.215654
215 1518 107.992300
1590 1469 55.491199
1569 1234 17.881570
1511 1291 27.538697
1302 1245 9.998835
2137 1290 112.607513
215 1347 113.354357
292 1235 53.262483
751 1403 129.678603
1062 1462 51.569090
203 1289 64.127619
1303 1301 12.798322
1344 1575 44.972323
1511 1348 29.429967
1294 1293 6.399766
1282 1182 77.202438
1239 1295 4.214085
203 1178 57.468787
2094 1189 120.403806
1295 1407 5.516006
2213 1349 105.225552
1456 1405 34.617954
215 1582 86.276453
1456 1404 28.377018
1062 1177 20.016976
1456 1573 31.272819
472 1460 128.533736
292 1233 56.916861
696 1459 136.264905
1363 1413 34.952255
144 1636 116.542564
203 1346 66.133385
1511 1516 30.769100
1456 1292 29.673316
215 1637 90.212125
1181 1461 14.136935
919 1188 68.180845
1247 1133 13.964251
1622 1574 44.939567
215 1580 91.869102
292 1236 52.231282
1472 1358 13.785840
1472 1470 12.485758
215 1517 111.577380
1456 1402 15.939895
921 1478 33.520206
1293 1294 6.399766
1584 1525 15.541410
1293 1406 8.418965
1621 1463 58.325676
1125 1351 16.856966
1237 1350 8.425137
1590 1581 54.266441
1057 1239 87.064469
1527 1524 18.474846
1512 1519 43.028223
900 1238 20.855798
1456 1518 40.356119
1069 1469 51.569120
1569 1234 17.881570
1621 1291 40.898066
1472 1245 22.022615
1344 1290 16.189268
1456 1347 19.720742
1511 1235 26.107917
1622 1403 32.742939
500 1462 75.551999
1344 1289 9.959935
1417 1301 26.025935
215 1575 108.536425
1511 1348 29.429967
1790 1293 52.053317
1293 1182 8.430480
262 1295 111.938545
1569 1178 21.644280
1362 1189 29.974091
1349 1407 16.082883
1349 1349 0.000001
1344 1405 34.952234
1586 1582 24.220408
1181 1404 12.704093
1344 1177 12.641417
1791 1573 36.630466
1344 1460 25.828873
1456 1233 12.740858
1069 1459 24.991810
1642 1413 32.742910
1973 1636 20.150625
1125 1346 22.129019
1456 1516 28.037209
1565 1292 48.919425
542 1637 158.001828
1621 1461 46.442045
1250 1188 35.448512
2290 1133 87.101686
1678 1574 47.625496
2323 1580 57.137857
1344 1236 26.165867
215 1358 76.111928
215 1470 81.124742
315 1517 149.689484
1512 1402 13.686449
1646 1478 9.143216
1463 1294 8.891660
1526 1525 6.159759
1350 1406 4.208027
1406 1463 4.201620
1406 1351 4.207278
1508 1350 60.024944
1189 1581 19.724477
1293 1239 9.998876
1579 1524 9.605307
1632 1519 8.379517
1293 1238 4.214102
1632 1518 13.423207
1413 1469 4.202340
954 1234 14.078025
1404 1291 8.418949
1188 1245 4.215670
1349 1290 16.190255
1402 1347 4.208027
1623 1235 29.380143
1404 1403 6.311165
1516 1462 9.723640
1175 1289 13.952271
1134 1301 8.800820
1686 1575 8.375317
1404 1348 4.208027
1071 1293 16.860174
1182 1182 0.000000
1294 1295 6.398740
1291 1178 8.430464
1189 1189 0.000000
1351 1407 4.207278
1350 1349 6.361991
1350 1405 4.207294
1134 1582 22.200403
1349 1404 4.207294
899 1177 16.760417
1518 1573 9.605307
1347 1460 8.408482
1233 1233 0.000000
1404 1459 9.822723
1358 1413 4.207278
1580 1636 4.188815
1515 1346 12.604572
1349 1516 8.955698
1349 1292 4.211170
1079 1637 30.567254
1292 1461 8.891667
1134 1188 10.018326
1300 1133 8.800836
1463 1574 8.388242
1125 1580 49.455499
1181 1236 10.018307
1246 1358 5.483798
1105 1470 167.259340
1517 1517 0.000000
1402 1402 0.000000
1535 1478 9.723680
1407 1294 8.418196
1583 1525 9.605287
1182 1406 10.981007
2271 1463 96.213987
292 1351 58.092937
1294 1350 4.211913
1105 1581 163.258400
365 1239 129.712812
1638 1524 13.423207
1455 1519 52.653986
292 1238 51.932513
292 1518 66.023744
1638 1469 12.573233
1079 1234 87.064501
2095 1291 113.287421
1247 1245 12.843304
1511 1290 21.930255
751 1347 131.620579
128 1235 66.551455
1735 1403 29.719624
1511 1462 40.355163
1079 1289 90.519692
1247 1301 9.998835
292 1575 69.234855
314 1348 142.066767
1294 1293 6.399766
292 1182 49.521001
1069 1295 16.860174
247 1178 57.871963
259 1189 70.348713
1125 1407 21.063187
203 1349 64.307214
311 1405 130.034665
2345 1582 64.374250
1511 1404 31.680095
202 1177 57.052017
1622 1573 39.016095
585 1460 135.213127
1791 1233 31.297926
1062 1459 34.562151
1359 1413 9.901413
2025 1636 23.060954
2139 1346 101.592167
358 1516 117.790490
203 1292 61.593220
1583 1637 9.466087
1456 1461 31.194747
1363 1188 42.439460
1247 1133 13.964251
2143 1574 86.917597
2157 1580 42.049725
696 1236 125.669187
1134 1358 10.942603
1639 1470 12.573262
202 1517 73.496443
2093 1402 111.764721
1821 1478 48.151013
507 1294 44.220936
1639 1525 13.423207
1623 1406 44.407497
1522 1463 21.885175
563 1351 46.781867
1407 1350 9.901433
1363 1581 38.997702
563 1239 42.126525
1696 1524 22.722469
2138 1519 106.791110
1182 1238 4.216406
1511 1518 43.028233
1586 1469 31.272779
751 1234 134.972925
292 1291 55.377092
1303 1245 16.260854
1511 1290 21.930255
1456 1347 19.720742
1291 1235 4.214085
1680 1403 25.699027
1406 1462 4.202356
1097 1289 157.394403
1417 1301 26.025935
1350 1575 12.866761
1456 1348 25.828873
1239 1293 9.998876
1125 1182 10.018305
1238 1295 9.998856
751 1178 130.827764
1250 1189 29.045380
1181 1407 16.847833
1565 1349 50.992926
1621 1405 50.320509
1069 1582 59.246221
1456 1404 28.377018
449 1177 38.360789
2138 1573 101.223675
1455 1460 31.194726
1456 1233 12.740858
1344 1459 19.720742
1363 1413 34.952255
1363 1636 42.543583
1569 1346 12.866287
1844 1516 49.186212
507 1292 40.767744
2285 1637 47.523238
1455 1461 37.420894
1417 1188 33.775777
1249 1133 26.278449
1125 1574 23.081587
2323 1580 57.137857
507 1236 37.700271
1191 1358 12.641417
1696 1470 16.751488
1125 1517 19.590320
1511 1402 19.540937
1704 1478 16.751517
1182 1294 5.465001
1303 1525 16.813579
1295 1406 8.418196
1294 1463 8.891660
1182 1351 8.815645
1182 1350 8.816010
1079 1581 29.530122
1675 1239 77.218876
311 1524 106.275423
1407 1519 5.620987
1125 1238 8.431271
1621 1518 54.531454
1137 1469 30.376218
353 1234 95.066900
1511 1291 27.538697
2290 1245 81.953845
1062 1290 27.904511
1622 1347 31.202219
1456 1235 22.022652
292 1403 60.830039
1621 1462 52.384247
1511 1289 16.813587
1304 1301 19.196528
1511 1575 45.789884
1622 1348 36.798108
1407 1293 13.863637
563 1182 38.094561
167 1295 65.257634
1511 1178 25.238705
1305 1189 26.249609
1732 1407 67.924917
1509 1349 47.713406
620 1405 39.905084
1531 1582 33.684318
1511 1404 31.680095
506 1177 35.363891
1456 1573 31.272819
1456 1460 24.962412
1623 1233 21.776910
1054 1459 81.994017
1475 1413 34.617974
1527 1636 19.060749
1181 1346 23.878826
1181 1516 17.770239
1456 1292 29.673316
1248 1637 25.096870
1455 1461 37.420894
2347 1188 88.515232
1304 1133 23.921529
1621 1574 50.844170
172 1580 82.254327
1456 1236 27.698427
1417 1358 22.350766
1248 1470 16.832478
203 1517 72.766447
292 1402 62.006392
584 1478 47.009186
1675 1294 73.154276
767 1525 164.457892
1295 1406 8.418196
339 1463 66.975109
1351 1351 0.000001
1182 1350 8.816010
1583 1581 12.119771
1352 1239 8.425898
1638 1524 13.423207
2058 1519 77.195471
311 1238 121.342511
1350 1518 8.956035
2275 1469 93.976701
292 1234 54.840999
1344 1291 22.504029
1472 1245 22.022615
1511 1290 21.930255
2046 1347 117.199604
292 1235 53.262483
1134 1403 68.519791
313 1462 140.377863
202 1289 62.460217
933 1301 153.973552
1933 1575 110.542559
1622 1348 36.798108
365 1293 137.052892
262 1182 110.894699
1842 1295 81.610951
1956 1178 54.355864
1303 1189 13.952262
1521 1407 13.686449
1511 1349 35.475417
2294 1405 95.556591
1638 1582 4.188829
2174 1404 109.377999
339 1177 45.450328
1344 1573 33.098864
1622 1460 34.605579
1621 1233 29.380135
1456 1459 18.726320
1583 1413 12.587508
2332 1636 73.628220
1071 1346 37.821696
1134 1516 63.292977
472 1292 120.753864
710 1637 162.180623
1456 1461 31.194747
1303 1188 20.016988
1191 1133 16.296074
1621 1574 50.844170
1813 1580 52.994744
292 1236 52.231282
1696 1358 21.085426
2248 1470 98.517843
1790 1517 46.082465
1622 1402 27.083401
311 1478 69.943182
507 1294 44.220936
1527 1525 12.318913
1182 1406 10.981007
2058 1463 77.206996
1675 1351 74.917502
312 1350 132.055257
1415 1581 17.661368
531 1239 124.989914
767 1524 170.394922
1351 1519 8.955691
472 1238 111.706549
2213 1518 98.841806
1143 1469 65.821125
1456 1234 16.832478
1344 1291 22.504029
1303 1245 16.260854
2093 1290 116.985283
1456 1347 19.720742
1511 1235 26.107917
1456 1403 22.144776
1057 1462 81.994006
1456 1289 12.619525
1191 1301 13.952262
1508 1575 63.832507
292 1348 57.680545
1239 1293 9.998876
259 1182 96.895662
1352 1295 4.211913
244 1178 52.709547
1363 1189 36.177005
262 1407 116.432152
2094 1349 116.606265
1622 1405 44.407477
1758 1582 50.321746
1349 1404 4.207294
1134 1177 80.368030
1569 1573 24.220428
1181 1460 16.760334
1511 1233 16.802622
1404 1459 9.822723
1527 1413 13.686449
58 1636 106.569989
339 1346 53.704751
1351 1516 17.780464
1236 1292 4.214851
1363 1637 36.798117
1294 1461 12.619509
472 1188 77.443169
259 1133 69.827125
1623 1574 39.015164
363 1580 110.212477
1511 1236 31.636102
1305 1358 22.504029
1590 1470 49.436808
1181 1517 16.601994
1622 1402 27.083401
1654 1478 49.520720
1295 1294 6.398740
1527 1525 12.318913
1350 1406 4.208027
1512 1463 40.356119
1181 1351 12.641417
1732 1350 60.723527
1696 1581 18.757397
1062 1239 55.190458
1417 1524 31.680105
1349 1519 17.780446
1179 1238 16.295102
1236 1518 21.026006
1134 1469 17.692350
669 1234 41.948570
1677 1291 44.647451
1360 1245 19.957887
1511 1290 21.930255
1512 1347 17.781331
1567 1235 30.191793
1512 1403 19.541864
1344 1462 38.225906
1288 1289 6.399766
1304 1301 19.196528
1679 1575 47.626395
1179 1348 8.815645
1844 1293 60.721738
1295 1182 8.429697
263 1295 116.454888
669 1178 42.534770
1250 1189 29.045380
1350 1407 9.901433
1350 1349 6.361991
1511 1405 37.819117
1642 1582 27.135898
1347 1404 9.901433
1455 1177 21.047832
1846 1573 39.880026
1455 1460 31.194726
1622 1233 25.097484
1079 1459 81.994017
1531 1413 37.819106
1583 1636 15.284553
1079 1346 87.613951
1621 1516 42.660759
1569 1292 25.995375
145 1637 118.349795
215 1461 111.053486
1191 1188 19.286027
2312 1133 96.696263
1734 1574 44.669974
2324 1580 58.422354
1179 1236 4.215637
1416 1358 16.082924
1584 1470 13.565386
1569 1517 27.623374
1569 1402 12.586821
1367 1478 8.408498
1352 1294 9.959914
1582 1525 4.191407
1293 1406 8.418965
1351 1463 5.560799
1294 1351 4.211154
1453 1350 56.944753
1246 1581 17.881909
1295 1239 4.214085
1357 1524 8.955705
1578 1519 15.542372
1349 1238 8.425137
1685 1518 12.562005
1412 1469 4.201651
1511 1234 21.025253
1292 1291 6.399744
1301 1245 4.214834
1515 1290 12.794897
954 1347 19.458553
1625 1235 21.776906
1402 1403 6.311165
1573 1462 8.387533
1511 1289 16.813587
1125 1301 55.190447
1520 1575 9.605326
1406 1348 16.083883
1349 1293 4.211138
1293 1182 8.430480
1351 1295 4.211154
895 1178 26.193221
1190 1189 6.427989
1406 1407 6.310175
1407 1349 16.082883
1293 1405 5.516006
1079 1582 26.681238
1403 1404 6.311165
1399 1177 16.847841
1406 1573 12.587523
1292 1460 8.892013
1287 1233 9.998866
1402 1459 4.202356
1412 1413 6.311186
1468 1636 9.143196
1291 1346 9.959935
1515 1516 6.160725
1293 1292 6.398740
113 1637 118.919276
1461 1461 0.000001
1071 1188 32.555113
964 1133 8.845719
1406 1574 9.037790
1468 1580 5.697001
1292 1236 4.214851
1414 1358 4.207278
113 1470 109.882459
1630 1517 8.379517
1404 1402 12.621604
868 1478 47.091771
365 1294 133.767390
710 1525 160.939350
244 1406 66.149054
2139 1463 107.636287
1294 1351 4.211154
1181 1350 8.815653
1079 1581 29.530122
262 1239 111.466444
1581 1524 4.191436
1511 1519 49.138400
419 1238 125.936677
1181 1518 17.770601
1527 1469 15.760964
113 1234 119.637054
2139 1291 108.278327
1415 1245 17.950868
396 1290 48.709945
247 1347 64.634841
391 1235 48.997497
1790 1403 38.575933
1678 1462 49.520604
1069 1289 27.904482
1415 1301 13.863637
1511 1575 45.789884
265 1348 137.407692
363 1293 127.734785
900 1182 21.047897
1079 1295 52.500222
339 1178 45.722496
1415 1189 16.847833
1071 1407 16.446002
1622 1349 42.543574
419 1405 134.352093
2335 1582 63.613238
1455 1404 34.618933
293 1177 56.057796
203 1573 75.564763
292 1460 63.210346
2047 1233 112.739917
1134 1459 71.995960
1639 1413 16.769499
1750 1636 13.079412
2213 1346 99.624091
203 1516 72.726087
1622 1292 40.898940
1639 1637 11.883859
1622 1461 40.510287
1415 1188 22.089217
259 1133 69.827125
2094 1574 106.835657
1638 1580 15.283630
814 1236 163.198011
113 1358 104.931161
1696 1470 16.751488
472 1517 122.747256
2245 1402 93.004583
1654 1478 49.520720
1621 1294 58.267088
1526 1525 6.159759
1622 1406 50.321449
1463 1463 0.000001
1181 1351 12.641417
1293 1350 4.211170
1527 1581 15.542352
1294 1239 4.214085
1642 1524 36.718445
2058 1519 77.195471
1293 1238 4.214102
1344 1518 41.578821
1696 1469 21.515295
203 1234 60.759815
1344 1291 22.504029
1305 1245 28.980044
1344 1290 16.189268
1512 1347 17.781331
751 1235 129.311321
1402 1403 6.311165
1294 1462 8.892013
1057 1289 52.500211
1418 1301 32.265555
1349 1575 16.791274
507 1348 43.170198
1351 1293 9.959935
1071 1182 8.429694
1675 1295 78.961200
339 1178 45.722496
1305 1189 26.249609
1238 1407 12.632612
1677 1349 51.773701
1569 1405 29.125049
1134 1582 22.200403
1349 1404 4.207294
1511 1177 20.886871
1566 1573 42.298420
1344 1460 25.828873
1622 1233 25.097484
1455 1459 24.963390
1474 1413 28.376040
1527 1636 19.060749
1341 1346 31.804518
1790 1516 40.681269
418 1292 130.059380
1638 1637 5.942818
1181 1461 14.136935
1304 1188 26.249650
1304 1133 23.921529
1079 1574 65.024650
2161 1580 37.154082
1622 1236 39.524880
1305 1358 22.504029
1586 1470 25.260059
1075 1517 44.059678
396 1402 54.100021
640 1478 44.984368
1293 1294 6.399766
1472 1525 15.760008
1182 1406 10.981007
1455 1463 49.847220
1732 1351 66.353960
1407 1350 9.901433
1134 1581 23.081853
1508 1239 67.671264
1255 1524 67.671264
1293 1519 16.813579
1071 1238 12.646089
1622 1518 48.602061
913 1469 37.514367
255 1234 96.780793
292 1291 55.377092
2327 1245 86.228717
1057 1290 58.792541
507 1347 43.170198
203 1235 59.662204
1511 1403 25.574010
1732 1462 58.230366
1455 1289 17.877662
1418 1301 32.265555
1455 1575 49.436828
1512 1348 23.493992
507 1293 42.096339
620 1182 30.985728
311 1295 118.296510
1455 1178 26.193171
1250 1189 29.045380
1623 1407 50.320519
1511 1349 35.475417
292 1405 60.032052
1586 1582 24.220408
1344 1404 28.646484
302 1177 95.956214
391 1573 69.457642
1622 1460 34.605579
1456 1233 12.740858
1057 1459 63.577366
1418 1413 31.538964
1363 1636 42.543583
1455 1346 19.720722
1294 1516 16.813579
1621 1292 46.599374
1526 1637 8.378816
292 1461 62.824435
2324 1188 77.498661
1138 1133 32.105521
1732 1574 55.960625
308 1580 96.230288
507 1236 37.700271
1474 1358 25.828873
1359 1470 8.409209
391 1517 68.409389
1511 1402 19.540937
527 1478 49.478054
1788 1294 68.013501
160 1525 110.212550
1293 1406 8.418965
1621 1463 58.325676
1294 1351 4.211154
1282 1350 73.359512
1917 1581 18.775989
1463 1239 11.044596
1527 1524 18.474846
2318 1519 72.001834
363 1238 123.672917
1349 1518 12.604556
2047 1469 112.702283
202 1234 59.347025
292 1291 55.377092
1191 1245 16.296075
396 1290 48.709945
476 1347 149.555669
202 1235 58.879884
113 1403 127.806417
423 1462 150.152978
293 1289 61.059298
710 1301 154.826259
696 1575 115.100250
244 1348 60.960642
531 1293 133.877640
531 1182 125.470837
365 1295 130.059914
2139 1178 110.353879
1302 1189 8.429697
1408 1407 6.311186
563 1349 41.657524
2177 1405 107.699963
1806 1582 12.116997
2177 1404 106.402079
244 1177 53.355587
664 1573 92.721919
1512 1460 21.885175
1569 1233 16.741598
1622 1459 28.758711
1359 1413 9.901413
2276 1636 81.896228
1097 1346 160.042160
1057 1516 73.270756
1181 1292 8.429697
1966 1637 42.159814
203 1461 69.867884
1472 1188 26.193171
1302 1133 12.646073
1623 1574 39.015164
2160 1580 36.624175
585 1236 128.799633
1143 1358 58.722910
2298 1470 91.242923
1624 1517 30.785930
1456 1402 15.939895
1878 1478 51.466466
956 1294 20.838268
1638 1525 8.378816
1293 1406 8.418965
2139 1463 107.636287
1238 1351 8.425898
56 1350 94.560437
1638 1581 9.466087
259 1239 97.134505
710 1524 166.576935
1294 1519 12.794410
1294 1238 4.214851
2094 1518 110.114950
472 1469 84.000078
1236 1234 12.842361
1455 1291 29.673316
1191 1245 16.296075
2294 1290 99.216326
1622 1347 31.202219
1455 1235 27.699340
1512 1403 19.541864
1071 1462 21.488417
244 1289 58.768672
1248 1301 16.259863
1401 1575 35.081446
1181 1348 12.641400
1351 1293 9.959935
1620 1182 66.349194
1351 1295 4.211154
1456 1178 21.047077
339 1189 80.505062
259 1407 101.709093
2139 1349 109.374550
1621 1405 50.320509
1363 1582 33.098864
1293 1404 8.418196
1097 1177 157.343711
1621 1573 44.939577
419 1460 142.403330
696 1233 141.680130
1402 1459 4.202356
1415 1413 12.620636
160 1636 111.851323
244 1346 61.140617
1463 1516 15.760028
1569 1292 25.995375
1853 1637 46.308927
1511 1461 34.196401
1255 1188 67.526921
1417 1133 31.880691
1456 1574 37.317470
1472 1580 25.260039
472 1236 121.237668
1248 1358 13.918925
1255 1470 58.164254
1511 1517 36.903646
1512 1402 13.686449
640 1478 44.984368
1350 1294 4.211913
1474 1525 28.036243
1182 1406 10.981007
1623 1463 46.442035
675 1351 41.887170
1349 1350 6.361991
1639 1581 15.284553
1097 1239 167.157551
1415 1524 19.541884
1622 1519 54.531445
954 1238 26.250913
1407 1518 8.398044
1472 1469 18.726278
1236 1234 12.842361
1565 1291 42.983828
1416 1245 23.793504
1455 1290 23.665034
1622 1347 31.202219
1455 1235 27.699340
1569 1403 17.660535
1351 1462 8.409225
1234 1289 4.214069
1418 1301 32.265555
1733 1575 55.960625
1229 1348 45.100682
1508 1293 57.673093
1183 1182 6.427989
339 1295 61.068711
261 1178 119.228027
1361 1189 23.878826
1237 1407 17.949980
1182 1349 12.641400
1287 1405 38.539978
1472 1582 13.565386
1292 1404 5.516006
1287 1177 13.952271
1623 1573 33.078612
1511 1460 28.036254
1512 1233 14.228145
1071 1459 34.561311
1416 1413 18.928639
1582 1636 9.466125
1071 1346 37.821696
1236 1516 14.228145
1621 1292 46.599374
1638 1637 5.942818
1456 1461 31.194747
1303 1188 20.016988
2137 1133 120.072617
1568 1574 36.285699
2336 1580 60.498568
1288 1236 22.605710
1360 1358 12.724569
1474 1470 24.962412
218 1517 126.076868
1623 1402 21.674287
1703 1478 13.081781
1185 1294 20.015999
1414 1525 8.398044
1295 1406 8.418196
1518 1463 4.197111
1463 1351 5.560799
1292 1350 9.958972
1525 1581 4.192091
1407 1239 8.846079
1691 1524 12.562005
1685 1519 17.358352
1182 1238 4.216406
1578 1518 21.569674
1470 1469 6.243908
1179 1234 10.018327
1179 1291 5.465001
1469 1245 11.044596
1293 1290 19.197489
1179 1347 8.815645
1846 1235 41.871296
1181 1403 16.847817
1460 1462 12.485779
954 1289 17.646404
1246 1301 4.214085
1629 1575 9.466125
1405 1348 9.901433
1350 1293 4.211170
1295 1182 8.429697
1181 1295 13.952262
785 1178 21.644457
1302 1189 8.429697
1463 1407 4.201620
1349 1349 0.000001
1236 1405 12.632612
1075 1582 29.529602
1516 1404 5.620987
842 1177 17.769779
1463 1573 13.565386
1402 1460 9.822723
1175 1233 10.018317
1627 1459 9.143203
1470 1413 4.201620
1524 1636 5.791007
1513 1346 8.955683
1628 1516 5.791007
1350 1292 9.958972
1134 1637 25.317733
1404 1461 4.201636
1079 1188 20.016987
1243 1133 13.963402
1630 1574 4.189504
1522 1580 9.605326
1406 1236 17.950887
1302 1358 4.211154
1075 1470 24.991823
1575 1517 9.605326
1181 1402 22.089180
1260 1478 41.962095
1842 1294 76.337537
1359 1525 12.604541
1407 1406 6.310175
2211 1463 103.082164
1344 1351 44.513590
1239 1350 8.425898
1102 1581 154.792107
203 1239 59.846786
2336 1524 63.406766
1508 1519 67.358904
1294 1238 4.214851
1455 1518 46.510294
1415 1469 15.940843
1069 1234 23.921529
2046 1291 120.891445
1527 1245 21.025990
392 1290 48.709728
244 1347 60.802819
531 1235 141.677625
1680 1403 25.699027
1344 1462 38.225906
113 1289 122.202491
1527 1301 16.813579
202 1575 77.919702
1344 1348 25.445808
419 1293 130.060003
1294 1182 5.465001
1075 1295 27.905428
751 1178 130.827764
1527 1189 20.886864
1075 1407 30.423544
1512 1349 29.430919
363 1405 132.249022
2334 1582 68.237518
202 1404 67.286889
449 1177 38.360789
1512 1573 27.624345
419 1460 142.403330
1959 1233 40.027087
1075 1459 57.534057
1583 1413 12.587508
2157 1636 40.627993
2047 1346 111.324394
258 1516 112.837768
1621 1292 46.599374
1582 1637 4.188829
339 1461 62.405965
1638 1188 25.655760
262 1133 84.282740
2047 1574 109.708087
2323 1580 57.137857
585 1236 128.799633
1102 1358 153.833840
1590 1470 49.436808
311 1517 134.690150
2138 1402 104.249034
1881 1478 66.464220
1282 1294 76.728220
1360 1525 17.780446
1456 1406 40.861871
1352 1463 8.409225
1239 1351 5.483798
1350 1350 0.000001
1415 1581 17.661368
311 1239 117.887606
1531 1524 43.028223
2177 1519 103.627450
1350 1238 5.483798
1401 1518 31.680085
1639 1469 17.520762
339 1234 48.225125
1455 1291 29.673316
1360 1245 19.957887
1455 1290 23.665034
1291 1347 4.211154
1456 1235 22.022652
1734 1403 34.751446
1181 1462 14.136945
1071 1289 40.032944
1475 1301 35.788270
1293 1575 16.861333
1182 1348 17.999589
1181 1293 5.465001
1134 1182 48.272055
1181 1295 13.952262
1456 1178 21.047077
1191 1189 12.857008
619 1407 46.603018
1789 1349 53.095102
507 1405 47.423028
1102 1582 149.808780
507 1404 46.234217
1508 1177 35.764597
2093 1573 107.085032
1181 1460 16.760334
339 1233 48.303259
696 1459 136.264905
1418 1413 31.538964
1584 1636 21.196724
1621 1346 31.201348
1734 1516 37.355137
261 1292 117.995540
1415 1637 16.769499
1294 1461 12.619509
1418 1188 39.869147
1415 1133 21.063949
1071 1574 26.681230
2162 1580 38.862929
1343 1236 32.446752
1137 1358 22.129000
1303 1470 12.619525
1071 1517 25.467672
506 1402 45.830905
1590 1478 5.697001
1407 1294 8.418196
1531 1525 36.903636
1520 1406 13.686449
449 1463 63.322413
339 1351 61.986675
1293 1350 4.211170
1071 1581 42.804232
1279 1239 99.324340
363 1524 106.021113
1350 1519 12.604556
563 1238 38.905613
1512 1518 36.904618
1248 1469 22.022615
306 1234 114.827418
1509 1291 39.371495
2312 1245 91.372909
1071 1290 33.904058
1343 1347 25.446806
507 1235 37.700271
1455 1403 28.377018
1456 1462 37.419918
292 1289 58.412937
1417 1301 26.025935
1465 1575 13.565386
1623 1348 31.201358
1295 1293 12.798322
1294 1182 5.465001
421 1295 129.932925
1344 1178 17.998695
1192 1189 19.285018
1396 1407 69.232059
1508 1349 53.866020
565 1405 42.680393
1698 1582 24.448225
1509 1404 43.974613
354 1177 100.177947
301 1573 91.791588
507 1460 48.719555
1566 1233 25.208384
1097 1459 163.167589
1417 1413 25.235343
1638 1636 11.883859
696 1346 139.497235
1406 1516 13.686449
1569 1292 25.995375
1191 1637 25.655760
1509 1461 46.509349
2094 1188 122.722085
1247 1133 13.964251
1733 1574 50.320860
141 1580 100.626596
203 1236 59.011133
1475 1358 32.010446
1137 1470 25.262752
1182 1517 17.770601
449 1402 50.046580
752 1478 39.447355
2094 1294 121.152224
1696 1525 17.358352
1182 1406 10.981007
1456 1463 43.638329
1352 1351 6.362989
339 1350 59.319453
1526 1581 9.605287
311 1239 117.887606
1471 1524 15.760964
2139 1519 105.514004
421 1238 133.924128
1407 1518 8.398044
2058 1469 100.592014
449 1234 41.405064
1455 1291 29.673316
1248 1245 19.263875
392 1290 48.709728
699 1347 150.100731
1344 1235 19.957928
1057 1403 66.055101
1407 1462 9.822723
1455 1289 17.877662
1696 1301 25.167587
1508 1575 63.832507
1789 1348 47.856390
203 1293 61.638729
1407 1182 12.704093
1182 1295 8.429697
2046 1178 123.492896
1191 1189 12.857008
1351 1407 4.207278
1344 1349 31.804549
2174 1405 108.957475
1695 1582 8.375303
2137 1404 110.771300
751 1177 136.292069
500 1573 75.092863
1733 1460 41.392003
337 1233 48.970971
751 1459 133.557074
1526 1413 8.398044
1777 1636 125.931271
1134 1346 77.691025
113 1516 132.829535
202 1292 61.784118
2119 1637 30.977172
244 1461 67.118571
1191 1188 19.286027
1248 1133 20.036591
1789 1574 52.994753
2284 1580 50.716561
202 1236 58.879884
1639 1358 16.941692
2098 1470 113.550991
1792 1517 35.370309
1733 1402 34.750642
419 1478 64.426130
1295 1294 6.398740
1415 1525 13.686449
1407 1406 6.310175
2046 1463 117.104217
1181 1351 12.641417
477 1350 142.421863
1584 1581 18.173371
1407 1239 8.846079
1143 1524 69.346928
1408 1519 8.398787
1239 1238 6.421697
2046 1518 114.072807
1255 1469 64.388789
502 1234 43.104173
1288 1291 19.197511
1305 1245 28.980044
2245 1290 98.216154
507 1347 43.170198
1344 1235 19.957928
1291 1403 5.516006
1097 1462 167.259581
247 1289 65.312350
1302 1301 6.398740
1511 1575 45.789884
1455 1348 32.010426
1181 1293 5.465001
1295 1182 8.429697
363 1295 120.062634
339 1178 45.722496
1417 1189 27.813061
531 1407 127.672975
2095 1349 114.293885
507 1405 47.423028
1584 1582 12.118861
1182 1404 16.847833
1075 1177 64.411335
502 1573 67.266790
215 1460 114.590444
1455 1233 16.833230
1347 1459 5.560799
1638 1413 12.960834
308 1636 96.569905
1456 1346 13.785840
814 1516 167.680512
701 1292 154.826165
1758 1637 52.122893
1351 1461 13.785840
215 1188 73.373791
1249 1133 26.278449
1621 1574 50.844170
1255 1580 70.918367
1181 1236 10.018307
1303 1358 9.959935
1143 1470 59.681231
1294 1517 12.794907
1343 1402 22.350766
1259 1478 33.613940
1407 1294 8.418196
1417 1525 25.573999
1407 1406 6.310175
1456 1463 43.638329
1294 1351 4.211154
1620 1350 60.192730
1531 1581 39.742110
113 1239 116.238383
1638 1524 13.423207
1621 1519 60.442291
1351 1238 8.425898
1578 1518 21.569674
1752 1469 25.521923
502 1234 43.104173
1566 1291 37.139199
1531 1245 43.335246
1233 1290 9.997909
1232 1347 19.957928
1790 1235 41.807000
1679 1403 30.915611
336 1462 73.872314
292 1289 58.412937
1415 1301 13.863637
1621 1575 56.725188
955 1348 19.458388
1453 1293 54.398156
1350 1182 8.816010
1350 1295 9.959914
502 1178 42.321072
1416 1189 22.088348
507 1407 51.902756
1237 1349 5.483798
1509 1405 50.134247
1698 1582 24.448225
1405 1404 6.310175
292 1177 53.242613
2095 1573 103.606468
1181 1460 16.760334
1232 1233 6.421697
1075 1459 57.534057
1586 1413 29.125049
1639 1636 17.819383
1075 1346 62.421254
669 1516 62.967764
1236 1292 4.214851
1806 1637 9.629035
1512 1461 28.037230
1137 1188 29.046404
2244 1133 113.785355
1455 1574 43.376267
2261 1580 48.608681
1180 1236 4.216406
1361 1358 19.086336
1527 1470 9.724571
267 1517 146.731173
1291 1402 8.418949
1650 1478 28.757810
1522 1294 27.538687
1470 1525 4.197111
1520 1406 13.686449
1575 1463 5.697001
1239 1351 5.483798
1405 1350 4.207294
1859 1581 17.586339
1349 1239 13.918925
1749 1524 13.234074
1354 1519 17.781331
1237 1238 6.420689
1354 1518 23.493992
1524 1469 4.197141
900 1234 20.855798
1181 1291 13.952242
1299 1245 9.997929
1350 1290 22.504029
1346 1347 6.363010
1736 1235 29.923861
1292 1403 8.418949
1629 1462 9.143210
1234 1289 4.214069
1079 1301 16.860174
1687 1575 5.905999
1294 1348 16.190255
1057 1293 77.793814
1183 1182 6.427989
1238 1295 9.998856
1290 1178 5.465001
1358 1189 8.815645
1352 1407 4.208027
1236 1349 8.425915
1629 1405 11.411995
113 1582 114.911518
1237 1404 8.846086
1456 1177 16.760346
1630 1573 9.466106
1401 1460 15.939874
1288 1233 4.214851
1571 1459 5.697001
1246 1413 8.846079
1412 1636 11.411995
1457 1346 8.408482
1629 1516 8.378816
1291 1292 6.399744
1075 1637 30.567254
1517 1461 4.197095
1105 1188 175.784044
1301 1133 8.801180
1575 1574 6.060971
1079 1580 33.348914
1404 1236 8.846439
1470 1358 5.560799
1079 1470 21.488426
1406 1517 8.398787
1234 1402 8.846086
1148 1478 43.597350
531 1294 129.203185
1525 1525 0.000000
751 1406 111.859865
2274 1463 88.864798
1455 1351 50.701816
363 1350 128.138353
113 1581 117.792491
263 1239 115.803312
2323 1524 60.006782
1509 1519 61.307409
363 1238 123.672917
1344 1518 41.578821
1853 1469 48.151130
1075 1234 61.547505
2058 1291 68.865092
1638 1245 21.776897
99 1290 71.946238
339 1347 54.251382
203 1235 59.662204
1568 1403 23.279402
1508 1462 58.784555
1075 1289 65.110227
1638 1301 18.031731
1344 1575 44.972323
1179 1348 8.815645
421 1293 138.004150
1239 1182 4.215637
1071 1295 10.929996
244 1178 52.709547
1295 1189 38.897422
1134 1407 43.773076
1621 1349 48.378588
472 1405 119.397016
2275 1582 89.265281
1344 1404 28.646484
205 1177 64.643938
1349 1573 11.257800
696 1460 130.479412
2138 1233 107.637810
1097 1459 163.167589
1526 1413 8.398044
2199 1636 38.596167
2180 1346 91.750001
751 1516 125.467630
1733 1292 48.370333
1414 1637 12.960834
507 1461 49.478224
262 1188 88.402277
1415 1133 21.063949
2138 1574 102.580954
2336 1580 60.498568
1511 1236 31.636102
1075 1358 21.071068
1583 1470 8.388227
1181 1517 16.601994
2214 1402 94.156033
1933 1478 50.124900
452 1294 46.189865
1359 1525 12.604541
1621 1406 56.256623
311 1463 126.843047
675 1351 41.887170
1182 1350 8.816010
1584 1581 18.173371
675 1239 37.561158
1416 1524 25.574040
2248 1519 85.603460
1295 1238 9.998856
1181 1518 17.770601
1529 1469 28.037189
391 1234 46.869006
1181 1291 13.952242
1250 1245 32.105521
202 1290 61.784118
1622 1347 31.202219
339 1235 48.820659
1681 1403 20.942850
1352 1462 13.786745
113 1289 122.202491
1474 1301 29.672363
1295 1575 14.351304
452 1348 46.459803
1406 1293 8.418965
1079 1182 58.020504
1508 1295 69.983669
391 1178 45.288909
1192 1189 19.285018
675 1407 45.999757
1900 1349 59.868720
1236 1405 12.632612
1079 1582 26.681238
1291 1404 8.418949
696 1177 137.465223
2137 1573 103.024382
1401 1460 15.939874
247 1233 64.105775
292 1459 64.100943
1527 1413 13.686449
1853 1636 41.042715
949 1346 34.595502
1511 1516 30.769100
313 1292 136.886360
1584 1637 15.283630
1344 1461 32.010446
1194 1188 38.571990
1417 1133 31.880691
1057 1574 82.792357
2199 1580 42.104085
1232 1236 25.684325
1362 1358 25.445808
1531 1470 34.196370
1079 1517 67.251293
392 1402 54.099823
1819 1478 34.386184
1350 1294 4.211913
1248 1525 21.025245
339 1406 63.119386
1406 1463 4.201620
1407 1351 4.207278
339 1350 59.319453
1102 1581 154.792107
1617 1239 85.990617
1143 1524 69.346928
339 1519 70.886385
1181 1238 4.215654
1623 1518 42.660769
633 1469 50.646154
355 1234 104.710824
675 1291 30.999640
2270 1245 101.189075
1097 1290 163.739237
1512 1347 17.781331
339 1235 48.820659
1344 1403 22.350766
1733 1462 52.583504
1344 1289 9.959935
1247 1301 9.998835
449 1575 68.126693
1621 1348 42.542654
203 1293 61.638729
508 1182 36.862560
1351 1295 4.211154
1287 1178 20.016009
1191 1189 12.857008
1565 1407 65.311431
1344 1349 31.804549
563 1405 45.268831
1641 1582 21.196724
1454 1404 40.861860
243 1177 52.627558
353 1573 93.908725
1343 1460 32.010426
1733 1233 33.471565
1071 1459 34.561311
1530 1413 31.680064
1584 1636 21.196724
1404 1346 16.083883
472 1516 127.762528
391 1292 55.615093
1583 1637 9.466087
1181 1461 14.136935
2176 1188 114.397858
1194 1133 35.449452
1456 1574 37.317470
416 1580 95.998725
452 1236 40.976005
1530 1358 29.430878
1305 1470 23.665034
1407 1517 13.686449
1294 1402 26.026909
1202 1478 31.781944
1238 1294 4.214851
1583 1525 9.605287
1350 1406 4.208027
365 1463 138.515125
1406 1351 4.207278
531 1350 133.414850
710 1581 164.716379
421 1239 130.000642
542 1524 159.080816
2299 1519 75.044272
1239 1238 6.421697
1182 1518 16.601994
2138 1469 107.047752
696 1234 136.552293
696 1291 129.801701
1360 1245 19.957887
506 1290 40.314900
364 1347 143.525022
1287 1235 22.605721
1062 1403 35.972382
365 1462 142.403246
1511 1289 16.813587
1436 1301 139.980794
1406 1575 9.037457
1621 1348 42.542654
507 1293 42.096339
264 1182 121.089188
1282 1295 83.106359
1960 1178 43.391852
1359 1189 12.641384
1352 1407 4.208027
1181 1349 8.815637
2137 1405 111.898173
542 1582 153.920738
2093 1404 114.955676
1456 1177 16.760346
1179 1573 21.644712
1291 1460 8.891660
54 1233 88.219559
1512 1459 15.760985
1472 1413 15.939874
1943 1636 115.521582
1054 1346 74.980075
1075 1516 49.658818
1294 1292 12.798322
2160 1637 34.545680
1622 1461 40.510287
1255 1188 67.526921
1190 1133 10.018284
1456 1574 37.317470
767 1580 173.939306
696 1236 125.669187
311 1358 93.751693
2275 1470 94.912442
1735 1517 37.354264
1343 1402 22.350766
363 1478 67.184022
339 1294 58.112970
1584 1525 15.541410
1295 1406 8.418196
2177 1463 106.209566
1294 1351 4.211154
260 1350 110.269984
1862 1581 17.586744
365 1239 129.712812
1590 1524 57.840689
1465 1519 9.724551
563 1238 38.905613
2139 1518 104.154276
363 1469 101.825476
391 1234 46.869006
1401 1291 13.863618
1248 1245 19.263875
2214 1290 99.250321
1621 1347 36.798117
472 1235 125.744899
339 1403 57.475152
1054 1462 100.638446
339 1289 50.914922
1359 1301 9.959894
1455 1575 49.436828
1508 1348 47.713385
1406 1293 8.418965
262 1182 110.894699
1294 1295 6.398740
1622 1178 33.588625
259 1189 70.348713
1350 1407 9.901433
2058 1349 72.942798
1282 1405 70.068035
1527 1582 9.605326
507 1404 46.234217
1071 1177 38.896403
1236 1573 17.881924
363 1460 139.873067
202 1233 60.268677
1401 1459 9.822723
1584 1413 17.660516
57 1636 102.146280
751 1346 137.456541
1179 1516 17.770593
588 1292 146.512602
1527 1637 13.423207
1455 1461 37.420894
585 1188 81.796479
1418 1133 37.754513
1512 1574 33.684338
1590 1580 60.212758
1455 1236 33.614820
1191 1358 12.641417
1191 1470 16.760346
1406 1517 8.398787
1341 1402 34.952244
361 1478 62.266323
1349 1294 9.959914
1530 1525 30.769069
1237 1406 12.632612
1733 1463 58.230366
563 1351 46.781867
1293 1350 4.211170
1586 1581 30.259321
1075 1239 30.035198
1474 1524 34.196390
1350 1519 12.604556
1352 1238 13.919847
1621 1518 54.531454
1075 1469 21.487990
588 1234 152.699171
1623 1291 30.057166
1361 1245 26.166827
1288 1290 12.798322
1343 1347 25.446806
1344 1235 19.957928
1291 1403 5.516006
1511 1462 40.355163
1455 1289 17.877662
1474 1301 29.672363
1512 1575 39.742151
1509 1348 41.577860
1395 1293 63.759468
1407 1182 12.704093
1293 1295 12.798322
313 1178 134.277469
1531 1189 41.475097
1295 1407 5.516006
1236 1349 8.425915
1288 1405 32.265575
1639 1582 9.466125
1294 1404 13.863637
1175 1177 12.857019
2094 1573 105.662105
1401 1460 15.939874
1343 1233 13.919847
1511 1459 21.885185
1641 1413 27.083391
1526 1636 13.423207
1134 1346 77.691025
1341 1516 47.714339
753 1292 133.400681
1862 1637 13.666342
1733 1461 46.962526
1362 1188 36.177005
2240 1133 97.613054
1680 1574 36.016062
2286 1580 51.869163
1511 1236 31.636102
1305 1358 22.504029
1530 1470 28.037189
313 1517 144.398330
1513 1402 8.398044
1595 1478 31.271913
1242 1294 22.605710
1359 1525 12.604541
1519 1406 8.398044
1576 1463 8.388242
1352 1351 6.362989
1395 1350 66.482111
1917 1581 18.775989
1396 1239 67.398399
1803 1524 17.358853
1581 1519 33.684359
1407 1238 12.632612
1236 1518 21.026006
1358 1469 8.409209
675 1234 28.788945
1180 1291 8.430464
1243 1245 12.842383
1459 1290 8.892013
1235 1347 5.483798
1514 1235 14.228145
1179 1403 10.981007
1349 1462 8.408482
1344 1289 9.959935
1358 1301 4.211154
1464 1575 8.388242
1351 1348 19.086336
1182 1293 8.430480
1350 1182 8.816010
1352 1295 4.211913
956 1178 16.848316
965 1189 10.980599
1294 1407 8.418196
1295 1349 16.189247
1685 1405 14.714060
1102 1582 149.808780
1350 1404 9.900499
1457 1177 14.136945
1627 1573 9.466125
1180 1460 14.137165
1455 1233 16.833230
1347 1459 5.560799
1356 1413 9.901433
1916 1636 16.091790
1349 1346 19.086357
1350 1516 12.603838
1407 1292 19.858464
1102 1637 150.619646
1348 1461 8.409240
1188 1188 0.000000
1469 1133 16.503401
1517 1574 4.191421
1580 1580 0.000001
1351 1236 19.957928
1413 1358 4.207278
1102 1470 152.301300
1405 1517 5.620987
1179 1402 12.704597
1318 1478 50.700972
1293 1294 6.399766
1696 1525 17.358352
339 1406 63.119386
2180 1463 99.877219
1238 1351 8.425898
419 1350 130.189131
1075 1581 26.680892
531 1239 124.989914
1749 1524 13.234074
1344 1519 47.713385
311 1238 121.342511
202 1518 74.485814
1471 1469 12.486696
1125 1234 20.036653
2248 1291 86.273313
262 1245 88.625930
134 1290 80.749631
587 1347 146.556644
365 1235 139.972594
1681 1403 20.942850
1181 1462 14.136945
1125 1289 23.921529
262 1301 88.877005
1455 1575 49.436828
416 1348 125.931116
472 1293 115.920628
675 1182 33.411986
1134 1295 42.534333
204 1178 59.474565
1638 1189 23.251630
1079 1407 53.761723
1349 1349 0.000001
1294 1405 8.418965
2284 1582 52.191741
675 1404 37.552304
1455 1177 21.047832
1621 1573 44.939577
449 1460 55.069862
2093 1233 115.894519
113 1459 130.725606
1590 1413 53.195943
1918 1636 17.880079
2140 1346 97.271272
414 1516 120.026095
1456 1292 29.673316
710 1637 162.180623
244 1461 67.118571
1527 1188 25.239461
82 1133 81.953826
2139 1574 100.584553
1581 1580 6.060041
472 1236 121.237668
1105 1358 171.574407
1813 1470 44.786851
1406 1517 8.398787
2244 1402 96.772298
1819 1478 34.386184
339 1294 58.112970
1303 1525 16.813579
1732 1406 62.273662
336 1463 77.442449
449 1351 58.715708
1349 1350 6.361991
1749 1581 9.433604
1181 1239 10.018327
1586 1524 33.684338
2275 1519 82.820596
1349 1238 8.425137
1509 1518 55.233221
1416 1469 22.144776
244 1234 55.681305
563 1291 37.179742
1248 1245 19.263875
563 1290 37.179822
1343 1347 25.446806
1236 1235 6.420689
1624 1403 21.675097
1408 1462 15.940864
1134 1289 80.675649
2176 1301 107.086787
1620 1575 62.575751
1512 1348 23.493992
1352 1293 16.190255
1075 1182 32.555113
1294 1295 6.398740
1291 1178 8.430464
1362 1189 29.974091
1294 1407 8.418196
1622 1349 42.543574
1407 1405 12.620636
1075 1582 29.529602
1237 1404 8.846086
1455 1177 21.047832
2177 1573 98.778226
1509 1460 40.355153
244 1233 56.562370
1181 1459 21.047061
1475 1413 34.617974
1415 1636 21.675114
291 1346 58.441817
1568 1516 27.624324
1569 1292 25.995375
1363 1637 36.798117
1351 1461 13.785840
1193 1188 32.143013
1193 1133 29.046362
1075 1574 42.805004
1695 1580 18.757397
618 1236 32.514199
1359 1358 6.362968
1642 1470 28.758682
1134 1517 57.295187
560 1402 45.268838
1703 1478 13.081781
1282 1294 76.728220
1642 1525 30.785910
1183 1406 12.704093
1405 1463 9.822743
1293 1351 9.959935
1350 1350 0.000001
1105 1581 163.258400
1509 1239 61.533810
1472 1524 21.885175
1520 1519 6.160746
1079 1238 61.547505
1456 1518 40.356119
297 1469 63.749092
466 1234 101.773077
1344 1291 22.504029
2289 1245 77.155072
1134 1290 74.292746
1621 1347 36.798117
751 1235 129.311321
675 1403 36.492527
1512 1462 34.196390
1287 1289 12.798333
1475 1301 35.788270
1294 1575 14.351304
1284 1348 47.923409
339 1293 55.580896
565 1182 32.881013
472 1295 105.985247
202 1178 56.333652
1248 1189 16.295081
1219 1407 130.115400
1287 1349 35.201135
675 1405 39.586223
1696 1582 13.260995
1287 1404 32.265586
392 1177 42.211577
255 1573 98.550437
1621 1460 40.509348
1343 1233 13.919847
1134 1459 71.995960
1249 1413 23.793504
1415 1636 21.675114
1294 1346 28.847056
1239 1516 21.025261
502 1292 54.248674
1698 1637 26.566891
508 1461 48.719556
2314 1188 102.209652
1418 1133 37.754513
1789 1574 52.994753
58 1580 104.637238
1622 1236 39.524880
1587 1358 33.098864
1696 1470 16.751488
1293 1517 11.136993
1406 1402 25.236332
865 1478 37.638418
1509 1294 57.673114
336 1525 106.710122
1407 1406 6.310175
244 1463 69.651308
1408 1351 9.901454
1295 1350 9.959914
1859 1581 17.586339
181 1239 120.973278
1415 1524 19.541884
1777 1519 121.070877
1294 1238 4.214851
1520 1518 12.318913
2137 1469 104.549156
472 1234 130.000925
202 1291 61.556801
1359 1245 13.919808
1788 1290 46.986441
589 1347 157.827622
1455 1235 27.699340
1075 1403 53.761703
1236 1462 16.832494
1344 1289 9.959935
1491 1301 135.940587
1988 1575 104.926588
1733 1348 44.194005
263 1293 122.869154
1354 1182 23.878826
339 1295 61.068711
2178 1178 109.436241
1190 1189 6.427989
1294 1407 8.418196
1509 1349 47.713406
2093 1405 115.899934
1637 1582 4.188829
2138 1404 108.555563
128 1177 63.090575
314 1573 151.275294
1789 1460 44.786842
1900 1233 46.076471
203 1459 70.612482
1696 1413 20.942835
2097 1636 104.990911
1075 1346 62.421254
1097 1516 165.772093
419 1292 133.767470
2114 1637 48.399572
1512 1461 28.037230
1143 1188 67.526920
1359 1133 16.857698
1732 1574 55.960625
2119 1580 33.113114
363 1236 130.226518
1590 1358 50.992895
2139 1470 107.636288
1568 1517 33.684318
1621 1402 32.742048
1881 1478 66.464220
1349 1294 9.959914
262 1525 97.772527
1350 1406 4.208027
1605 1463 140.552228
419 1351 125.931116
359 1350 110.024528
1637 1581 4.189490
264 1239 121.891317
2284 1524 53.834708
1238 1519 16.802616
311 1238 121.342511
2095 1518 108.767002
585 1469 86.595573
669 1234 41.948570
1181 1291 13.952242
1472 1245 22.022615
2138 1290 109.320520
1512 1347 17.781331
696 1235 131.190153
1349 1403 9.901454
1075 1462 40.019723
1622 1289 25.173944
215 1301 75.085717
1509 1575 57.839767
563 1348 40.273387
1238 1293 4.214102
956 1182 16.847572
472 1295 105.985247
1343 1178 23.878826
2045 1189 117.337432
263 1407 121.065993
2143 1349 93.321627
339 1405 60.750256
1853 1582 50.342173
1291 1404 8.418949
113 1177 116.749282
669 1573 67.154282
311 1460 137.238246
449 1233 40.976005
1292 1459 12.619509
1417 1413 25.235343
336 1636 106.252127
1622 1346 25.858582
1352 1516 23.493992
1621 1292 46.599374
1584 1637 15.283630
1344 1461 32.010446
1472 1188 26.193171
1304 1133 23.921529
1789 1574 52.994753
472 1580 92.383350
1344 1236 26.165867
1192 1358 17.998714
472 1470 79.422882
292 1517 65.651837
1621 1402 32.742048
2131 1478 47.500523
1237 1294 9.998856
1473 1525 21.885175
1295 1406 8.418196
1565 1463 61.532150
1238 1351 8.425898
1621 1350 54.268962
1642 1581 33.079474
1134 1239 45.312808
1528 1524 24.624890
1733 1519 59.887813
838 1238 51.373305
1632 1518 13.423207
1751 1469 20.924726
1621 1234 34.263975
1733 1291 43.136469
1362 1245 32.446731
1287 1290 19.196518
1341 1347 38.160986
1400 1235 17.950887
1232 1403 23.793504
1463 1462 6.243929
1179 1289 13.952242
1473 1301 23.665034
1623 1575 44.939567
947 1348 57.653547
1788 1293 62.608478
1184 1182 12.857008
1295 1295 0.000000
1236 1178 10.018307
1472 1189 21.047061
1623 1407 50.320519
1291 1349 9.959935
1181 1405 10.981007
1641 1582 21.196724
1402 1404 12.621604
449 1177 38.360789
1620 1573 50.845094
1287 1460 29.672373
1623 1233 21.776910
1344 1459 19.720742
1698 1413 30.914769
1917 1636 16.091799
113 1346 125.116958
418 1516 138.497470
785 1292 33.349061
418 1637 100.183762
1623 1461 34.605599
1360 1188 23.878826
2243 1133 110.839627
1511 1574 39.741211
2306 1580 53.804747
1347 1236 8.425137
1586 1358 27.333260
1417 1470 22.144776
423 1517 154.168056
1457 1402 9.821799
1311 1478 12.618809
181 1294 124.614989
1302 1525 12.794410
1349 1406 9.901433
1405 1463 9.822743
1408 1351 9.901454
1294 1350 4.211913
1522 1581 15.541450
1182 1239 4.215637
1860 1524 18.248001
1635 1519 24.886209
1295 1238 9.998856
1581 1518 39.741221
1468 1469 6.242971
730 1234 25.317443
1402 1291 8.418949
1357 1245 5.483798
1237 1290 16.260875
1288 1347 16.190255
1284 1235 41.759873
1180 1403 12.704597
1572 1462 13.565405
1401 1289 5.516006
1075 1301 16.860174
1744 1575 12.560484
1292 1348 4.211913
1237 1293 4.214069
1349 1182 12.641400
1408 1295 8.418965
1232 1178 16.295102
1245 1189 4.216389
1239 1407 8.846079
1629 1349 14.512630
1407 1405 12.620636
1071 1582 48.082876
1459 1404 9.822723
1623 1177 25.655765
1405 1573 9.037450
1181 1460 16.760334
1511 1233 16.802622
1405 1459 15.939874
1525 1413 5.620987
1525 1636 8.379517
1290 1346 4.211170
1407 1516 19.540927
1237 1292 4.214102
1071 1637 46.897746
1462 1461 6.242950
113 1188 101.687059
908 1133 12.740465
1351 1574 12.866761
1467 1580 8.388257
1239 1236 19.263918
1359 1358 6.362968
1071 1470 45.714924
1576 1517 15.542372
1235 1402 8.846439
1205 1478 45.786376
1182 1294 5.465001
1917 1525 21.828254
358 1406 104.889492
2046 1463 117.104217
1511 1351 47.713395
472 1350 115.195057
1097 1581 127.088249
507 1239 43.104178
1750 1524 16.741345
1734 1519 54.239734
472 1238 111.706549
1294 1518 11.136993
1581 1469 5.697001
1134 1234 77.305878
2138 1291 111.729595
1581 1245 16.741598
302 1290 95.878433
531 1347 146.308829
701 1235 158.223303
1678 1403 36.388694
292 1462 62.953321
1134 1289 80.675649
1471 1301 12.619493
1181 1575 21.644712
396 1348 50.110261
1181 1293 5.465001
1238 1182 4.216406
113 1295 118.074216
1456 1178 21.047077
1363 1189 36.177005
1057 1407 91.039461
244 1349 61.609918
292 1405 60.032052
2351 1582 68.184018
674 1404 39.586620
1511 1177 20.886871
1569 1573 24.220428
202 1460 69.917801
2063 1233 47.115933
1057 1459 63.577366
1303 1413 13.863637
1862 1636 16.777149
2095 1346 106.558456
259 1516 117.782463
1789 1292 52.054126
2160 1637 34.545680
1182 1461 16.760334
259 1188 73.888225
1363 1133 39.992737
2098 1574 97.093854
1853 1580 39.880035
920 1236 128.040481
1071 1358 43.860319
2284 1470 57.814320
421 1517 146.676489
2294 1402 93.755041
1935 1478 59.408873
1620 1294 64.175280
1696 1525 17.358352
1293 1406 8.418965
500 1463 80.272320
1351 1351 0.000001
1183 1350 12.641400
1581 1581 0.000001
1351 1239 5.483798
1639 1524 19.060749
2241 1519 94.202739
1732 1238 63.413205
1294 1518 11.136993
1526 1469 9.724531
531 1234 144.577149
675 1291 30.999640
1137 1245 26.278449
1181 1290 20.016947
1349 1347 12.724590
1293 1235 16.259863
1347 1403 4.207278
1239 1462 12.740858
1075 1289 65.110227
1530 1301 33.389505
1407 1575 9.037457
1349 1348 6.363010
1405 1293 5.516006
1508 1182 65.430805
363 1295 120.062634
502 1178 42.321072
1248 1189 16.295081
674 1407 50.078336
1791 1349 42.778389
391 1405 63.571059
1071 1582 48.082876
1236 1404 8.846439
419 1177 136.607861
1845 1573 45.086236
1568 1460 25.260059
204 1233 65.035395
1568 1459 19.322109
1473 1413 22.144776
1749 1636 8.377960
337 1346 55.624294
1567 1516 33.685269
588 1292 146.512602
2157 1637 43.402343
1406 1461 9.822723
1247 1188 16.296075
1138 1133 32.105521
1105 1574 132.982851
2261 1580 48.608681
504 1236 43.104178
1696 1358 21.085426
1416 1470 15.939915
1351 1517 12.604572
561 1402 43.560360
1650 1478 28.757810
1183 1294 8.429697
1360 1525 17.780446
1297 1406 19.858464
1181 1463 16.760346
1282 1351 79.709305
1183 1350 12.641400
1075 1581 26.680892
1391 1239 98.927497
419 1524 105.691707
1620 1519 66.328303
1294 1238 4.214851
339 1518 68.267833
1305 1469 29.673295
408 1234 94.214344
674 1291 32.233960
2263 1245 69.160629
1075 1290 58.793520
1341 1347 38.160986
244 1235 55.319608
674 1403 37.552310
1623 1462 40.509358
1181 1289 26.249588
1474 1301 29.672363
1351 1575 11.257800
1343 1348 31.804528
1183 1293 13.952262
1181 1182 6.429019
174 1295 88.101230
449 1178 39.262067
1362 1189 29.974091
1677 1407 65.098295
1564 1349 57.038134
564 1405 43.560561
1529 1582 21.569674
1568 1404 29.125977
560 1177 32.881019
502 1573 67.266790
1512 1460 21.885175
1510 1233 21.025998
1075 1459 57.534057
1363 1413 34.952255
1247 1636 25.097478
292 1346 60.109386
1351 1516 17.780464
255 1292 89.226768
1359 1637 16.941669
1344 1461 32.010446
2268 1188 95.828575
1417 1133 31.880691
1512 1574 33.684338
144 1580 115.711591
244 1236 55.488645
1418 1358 28.646463
1362 1470 25.828873
1295 1517 16.813579
1181 1402 22.089180
1647 1478 12.572595
1181 1294 8.430480
1639 1525 13.423207
1349 1406 9.901433
1295 1463 8.891660
1238 1351 8.425898
1456 1350 38.225906
2116 1581 40.631391
361 1239 111.075794
1750 1524 16.741345
2298 1519 80.006785
1181 1238 4.215654
1295 1518 12.794410
2345 1469 69.809062
293 1234 57.307489
1287 1291 25.595136
1302 1245 9.998835
560 1290 40.098484
643 1347 150.703683
696 1235 131.190153
1097 1403 167.367456
1569 1462 31.271873
1287 1289 12.798333
2116 1301 54.589481
1351 1575 11.257800
507 1348 43.170198
339 1293 55.580896
179 1182 110.292163
531 1295 124.316945
2112 1178 52.709144
1248 1189 16.295081
1239 1407 8.846079
1287 1349 35.201135
2241 1405 101.676423
2162 1582 36.776441
2241 1404 102.249760
391 1177 43.392143
954 1573 34.321982
1349 1460 8.409240
165 1233 66.218521
339 1459 59.765327
311 1413 97.921351
2302 1636 63.254451
113 1346 125.116958
1062 1516 44.059669
585 1292 127.945832
767 1637 164.715760
1182 1461 16.760334
363 1188 94.332233
1472 1133 25.262720
339 1574 69.787678
2198 1580 40.496130
419 1236 133.106990
1255 1358 57.806326
1942 1470 120.669958
1680 1517 34.044692
203 1402 68.295217
563 1478 124.394474
1282 1294 76.728220
1758 1525 54.239743
339 1406 63.119386
2138 1463 109.223048
1292 1351 16.189268
178 1350 114.888937
1581 1581 0.000001
751 1239 105.890788
1472 1524 21.885175
1405 1519 13.686449
419 1238 125.936677
2274 1518 85.282768
419 1469 101.497657
588 1234 152.699171
1347 1291 4.211154
1359 1245 13.919808
1900 1290 50.066993
1341 1347 38.160986
202 1235 58.879884
587 1403 146.270679
1134 1462 53.592133
204 1289 66.566734
1472 1301 17.876764
1288 1575 42.983837
675 1348 34.167932
1352 1293 16.190255
1182 1182 0.000000
311 1295 118.296510
751 1178 130.827764
1247 1189 10.018286
751 1407 105.934487
2046 1349 120.927233
1623 1405 38.536589
531 1582 98.458631
1512 1404 25.574953
1054 1177 70.805122
423 1573 158.159271
585 1460 135.213127
472 1233 133.923801
814 1459 175.802788
1247 1413 12.632596
541 1636 158.002165
391 1346 52.146606
500 1516 70.909339
669 1292 56.048661
1638 1637 5.942818
1404 1461 4.201636
2105 1188 106.111929
1415 1133 21.063949
1565 1574 54.265556
585 1580 94.857281
585 1236 128.799633
1360 1358 12.724569
1303 1470 12.619525
1292 1517 12.794410
1623 1402 21.674287
416 1478 57.527030
1183 1294 8.429697
1638 1525 8.378816
339 1406 63.119386
1349 1463 13.785840
674 1351 45.897032
1284 1350 60.646721
1529 1581 27.624304
1182 1239 4.215637
1473 1524 28.037230
1679 1519 51.428627
1344 1238 38.763044
391 1518 71.663693
1813 1469 50.167290
313 1234 137.228741
1510 1291 33.389535
1642 1245 39.525682
1400 1290 13.863637
1621 1347 36.798117
1734 1235 37.681626
1621 1403 38.536599
1179 1462 21.047077
954 1289 17.646404
1475 1301 35.788270
1789 1575 58.462403
954 1348 21.458385
1509 1293 51.537571
1240 1182 10.018307
507 1295 47.031104
418 1178 132.186362
1248 1189 16.295081
1293 1407 13.863637
1295 1349 16.189247
1400 1405 31.538985
1753 1582 22.380874
1511 1404 31.680095
1288 1177 8.430480
1736 1573 27.830619
1568 1460 25.260059
1621 1233 29.380135
1134 1459 71.995960
1305 1413 26.025935
710 1636 168.116154
1511 1346 17.780455
261 1516 127.300593
1900 1292 59.246273
218 1637 102.948033
1679 1461 37.990680
1248 1188 22.656404
2270 1133 106.466490
1344 1574 38.996790
2161 1580 37.154082
1235 1236 6.420689
1529 1358 23.493992
1473 1470 18.726320
219 1517 130.354860
1349 1402 16.083883
1533 1478 4.197814
844 1294 25.467253
1358 1525 8.955691
1464 1406 9.822723
1294 1463 8.891660
1465 1351 13.785840
1181 1350 8.815653
1526 1581 9.605287
1237 1239 12.842340
1694 1524 12.562020
1747 1519 26.454840
1236 1238 12.842361
1635 1518 30.785930
1414 1469 9.822703
783 1234 29.188752
1235 1291 4.214085
1298 1245 16.259905
1513 1290 12.794410
1234 1347 8.425915
1396 1235 42.249271
1235 1403 8.846079
1519 1462 9.724551
1179 1289 13.952242
1302 1301 6.398740
1628 1575 15.283650
1181 1348 12.641400
1407 1293 13.863637
1407 1182 12.704093
1406 1295 8.418196
1457 1178 16.759777
1414 1189 12.704093
1408 1407 6.311186
1237 1349 5.483798
1573 1405 9.037450
1097 1582 121.125193
1572 1404 9.037790
1284 1177 32.555135
1404 1573 9.037464
1405 1460 9.822723
954 1233 16.733239
1406 1459 22.144776
1414 1413 6.310175
1693 1636 4.187751
1516 1346 17.781331
1573 1516 4.191421
1182 1292 13.952262
1638 1637 5.942818
1238 1461 12.740362
1102 1188 163.704625
852 1133 14.227458
1576 1574 12.119811
1134 1580 25.543643
1405 1236 12.632612
1190 1358 8.815645
1097 1470 121.835639
1462 1517 4.197126
1180 1402 16.848577
1368 1478 13.785878
1350 1294 4.211913
1191 1525 20.886864
507 1406 49.340081
2095 1463 112.158061
1180 1351 17.998695
421 1350 138.296356
1071 1581 42.804232
339 1239 57.124927
2261 1524 50.955161
1181 1519 20.886864
1239 1238 6.421697
1351 1518 8.955691
1584 1469 19.322070
1057 1234 55.190437
2213 1291 105.322108
1471 1245 16.833198
210 1290 88.146268
204 1347 66.661366
53 1235 80.636970
1624 1403 21.675097
1568 1462 37.317470
1057 1289 52.500211
1581 1301 14.351514
1406 1575 9.037457
352 1348 85.309581
1239 1293 9.998876
472 1182 107.490151
1181 1295 13.952262
391 1178 45.288909
262 1189 84.509942
113 1407 123.378000
1182 1349 12.641400
1351 1405 9.901454
2322 1582 59.609507
1509 1404 43.974613
1344 1177 12.641417
244 1573 72.766388
363 1460 139.873067
2179 1233 98.266288
1054 1459 81.994017
1302 1413 8.418196
1972 1636 19.416994
1791 1346 29.469701
1456 1516 28.037209
1900 1292 59.246273
160 1637 115.095722
1621 1461 46.442045
1581 1188 19.724329
1638 1133 26.829464
2053 1574 91.833978
2230 1580 43.635356
699 1236 141.680147
1097 1358 122.193565
1303 1470 12.619525
1294 1517 12.794907
2136 1402 109.909145
472 1478 53.397905
618 1294 41.986490
1590 1525 51.824546
1350 1406 4.208027
498 1463 90.145523
674 1351 45.897032
1240 1350 13.919847
1471 1581 13.566225
676 1239 33.754171
1303 1524 21.931115
2337 1519 68.108856
339 1238 54.284765
1405 1518 8.398787
1583 1469 13.566225
502 1234 43.104173
674 1291 32.233960
1192 1245 22.656404
696 1290 135.353434
1569 1347 16.791289
1349 1235 13.918944
1400 1403 18.929607
1405 1462 4.201636
1054 1289 71.444836
1363 1301 35.201124
1284 1575 66.989273
1293 1348 9.959914
1238 1293 4.214102
1181 1182 6.429019
419 1295 121.742815
203 1178 57.468787
1303 1189 13.952262
730 1407 45.894951
1621 1349 48.378588
502 1405 62.560225
1105 1582 162.118220
1293 1404 8.418196
202 1177 57.052017
1791 1573 36.630466
292 1460 63.210346
751 1233 140.474426
1401 1459 9.822723
1415 1413 12.620636
1862 1636 16.777149
894 1346 33.687790
1624 1516 24.886209
423 1292 146.067292
1853 1637 46.308927
1509 1461 46.509349
1138 1188 35.448512
1418 1133 37.754513
1134 1574 55.159947
2306 1580 53.804747
452 1236 40.976005
1526 1358 8.955691
1639 1470 12.573262
1294 1517 12.794907
1179 1402 12.704597
1589 1478 8.388227
1349 1294 9.959914
1586 1525 27.623374
1184 1406 16.847833
1351 1463 5.560799
1350 1351 6.362989
1349 1350 6.361991
1097 1581 127.088249
1238 1239 6.421697
1966 1524 41.501706
1464 1519 4.197830
508 1238 38.654177
1349 1518 12.604556
472 1469 84.000078
301 1234 91.008034
564 1291 37.179742
2137 1245 114.964450
113 1290 122.443085
452 1347 46.844816
1343 1235 26.166848
202 1403 67.072807
1565 1462 55.490301
696 1289 140.744676
1415 1301 13.863637
1521 1575 15.541430
1569 1348 21.813569
1293 1293 0.000000
1675 1182 75.515605
208 1295 65.796589
563 1178 31.734447
1251 1189 35.448512
1621 1407 62.199338
1454 1349 44.459869
1511 1405 37.819117
1753 1582 22.380874
1400 1404 25.236332
1511 1177 20.886871
507 1573 55.088344
1341 1460 44.459848
1621 1233 29.380135
113 1459 130.725606
1304 1413 19.858484
1918 1636 17.880079
1406 1346 28.646505
292 1516 65.776025
306 1292 107.050165
1752 1637 18.410177
675 1461 41.106843
2348 1188 92.725095
1193 1133 29.046362
1623 1574 39.015164
3 1580 107.669205
339 1236 50.064402
1473 1358 19.720742
1526 1470 4.197111
1512 1517 30.769090
1455 1402 22.144776
531 1478 59.069880
1395 1294 70.069035
1472 1525 15.760008
365 1406 138.291786
1732 1463 63.882717
419 1351 125.931116
1293 1350 4.211170
160 1581 111.013016
180 1239 117.596538
600 1524 168.165094
2274 1519 86.969535
472 1238 111.706549
339 1518 68.267833
2241 1469 87.143363
205 1234 65.946803
1179 1291 5.465001
1192 1245 22.656404
390 1290 52.771156
533 1347 153.739200
1511 1235 26.107917
1079 1403 78.503392
391 1462 67.600403
205 1289 69.680498
1752 1301 29.357485
419 1575 133.668419
339 1348 55.396868
587 1293 133.012779
1236 1182 16.296096
1620 1295 70.106588
1790 1178 41.793509
1360 1189 17.998676
419 1407 125.676489
617 1349 42.604293
2214 1405 100.505345
1581 1582 6.060951
2214 1404 98.602262
247 1177 60.293103
1788 1573 52.994771
1290 1460 12.619509
255 1233 100.656472
244 1459 66.363085
1639 1413 16.769499
2321 1636 58.817657
1057 1346 56.184139
1079 1516 73.269838
363 1292 131.117086
1910 1637 43.972013
1293 1461 8.891652
1248 1188 22.656404
1360 1133 22.128963
1733 1574 50.320860
1590 1580 60.212758
311 1236 127.309755
160 1358 104.650536
2318 1470 83.881127
1737 1517 26.453995
1232 1402 17.949999
1821 1478 48.151013
1293 1294 6.399766
1247 1525 16.802604
1349 1406 9.901433
2094 1463 113.269823
363 1351 124.212196
475 1350 129.647947
1806 1581 13.426023
179 1239 111.484922
991 1524 167.395672
1180 1519 25.238697
363 1238 123.672917
2058 1518 73.026804
361 1469 92.352909
701 1234 160.090816
1179 1291 5.465001
1360 1245 19.957887
2244 1290 102.083355
244 1347 60.802819
1287 1235 22.605721
531 1403 146.583938
113 1462 128.433869
751 1289 139.101165
1192 1301 20.016019
1675 1575 70.585173
1344 1348 25.445808
419 1293 130.060003
899 1182 26.193221
215 1295 95.250145
204 1178 59.474565
1249 1189 22.656404
1349 1407 16.082883
2271 1349 100.695331
1284 1405 57.448314
1638 1582 4.188829
1237 1404 8.846086
1057 1177 51.636395
1565 1573 48.293269
563 1460 45.779413
1344 1233 8.425898
1181 1459 21.047061
259 1413 79.697107
710 1636 168.116154
587 1346 150.530236
954 1516 30.372758
502 1292 54.248674
1697 1637 20.762987
1292 1461 8.891667
1248 1188 22.656404
1363 1133 39.992737
1732 1574 55.960625
419 1580 109.872790
620 1236 31.319021
1250 1358 26.165867
1360 1470 13.785840
1351 1517 12.604572
1286 1402 26.025945
1204 1478 39.661515
1236 1294 16.260875
1640 1525 19.059845
1236 1406 17.950887
1732 1463 63.882717
730 1351 41.711744
1350 1350 0.000001
1583 1581 12.119771
1105 1239 141.474080
1530 1524 36.904597
1456 1519 46.509329
783 1238 49.455575
502 1518 70.909346
1639 1469 17.520762
423 1234 143.999170
1789 1291 46.987204
1303 1245 16.260854
1235 1290 4.214851
1291 1347 4.211154
1568 1235 25.208392
1349 1403 9.901454
783 1462 55.380014
1401 1289 5.516006
1363 1301 35.201124
1566 1575 54.265556
893 1348 49.780735
2094 1293 120.013388
1349 1182 12.641400
899 1295 34.561368
588 1178 149.014389
1642 1189 38.475532
1621 1407 62.199338
1456 1349 32.010446
1568 1405 35.081446
1752 1582 17.180089
1406 1404 12.620636
1233 1177 4.215654
1787 1573 58.462421
1347 1460 8.408482
1457 1233 11.044596
1455 1459 24.963390
1529 1413 25.573999
2026 1636 23.598659
1344 1346 12.724569
313 1516 147.249079
1341 1292 47.924396
313 1637 115.086202
1566 1461 43.376277
1192 1188 25.714037
2327 1133 91.539876
1624 1574 33.078602
2162 1580 38.862929
1455 1236 33.614820
1531 1358 35.475386
1640 1470 17.519965
1236 1517 16.802616
1236 1402 12.632612
1871 1478 22.802735
1179 1294 20.016967
1413 1525 5.620987
1182 1406 10.981007
1352 1463 8.409225
1405 1351 9.901454
1404 1350 9.900499
324 1581 153.909614
1464 1239 12.740858
1690 1524 17.358352
1469 1519 34.196411
956 1238 16.733239
1747 1518 31.834180
1582 1469 8.388227
955 1234 16.733815
1346 1291 9.959935
215 1245 74.177895
1290 1290 0.000000
1180 1347 12.641400
1460 1235 12.740362
1401 1403 12.620615
1464 1462 12.486738
1347 1289 9.959914
1414 1301 8.418196
1743 1575 9.433324
1239 1348 19.957928
1236 1293 9.998856
732 1182 25.655503
1296 1295 6.399766
731 1178 23.251606
1413 1189 10.981007
1465 1407 9.822723
1685 1349 17.163799
1237 1405 8.846071
1057 1582 131.081490
1514 1404 13.687323
1791 1177 35.060872
1575 1573 12.118861
1288 1460 23.665034
1400 1233 8.846439
1626 1459 9.143522
1468 1413 9.822723
1522 1636 13.423189
1460 1346 13.785859
1293 1516 12.794410
1295 1292 19.196507
1637 1637 0.000000
1574 1461 8.387533
1300 1188 5.465001
1298 1133 18.023218
1462 1574 5.697001
1412 1580 9.037450
1347 1236 8.425137
1525 1358 8.955691
1057 1470 131.829887
1404 1517 8.398044
1401 1402 6.310175
1262 1478 54.397621
2040 1294 116.238832
160 1525 110.212550
1183 1406 12.704093
2178 1463 104.889660
1351 1351 0.000001
1351 1350 6.362989
1057 1581 125.088516
259 1239 97.134505
1853 1524 43.997751
664 1519 105.514852
421 1238 133.924128
1292 1518 16.813579
1247 1469 16.833198
1105 1234 109.377793
2275 1291 84.870516
1758 1245 63.414053
265 1290 136.239098
365 1347 145.338419
1569 1235 20.932383
1848 1403 29.626921
1401 1462 28.376040
1105 1289 106.248428
264 1301 98.687342
1292 1575 20.998110
210 1348 85.340602
585 1293 122.722928
676 1182 29.750545
1057 1295 90.519681
246 1178 55.373043
2094 1189 120.403806
1105 1407 143.977684
1341 1349 50.863664
202 1405 67.924334
2342 1582 76.724521
563 1404 43.560561
472 1177 129.829472
339 1573 67.863594
421 1460 150.152916
1736 1233 25.889586
1079 1459 81.994017
1414 1413 6.310175
1749 1636 8.377960
2271 1346 97.381009
306 1516 115.390602
1732 1292 53.763857
1359 1637 16.941669
956 1461 24.959019
114 1188 106.133342
1407 1133 37.753657
2095 1574 105.273016
824 1580 175.808190
869 1236 157.977801
1363 1358 31.804549
1526 1470 4.197111
1351 1517 12.604572
2174 1402 109.083273
2038 1478 39.622218
1349 1294 9.959914
1583 1525 9.605287
339 1406 63.119386
361 1463 119.099318
619 1351 42.604293
339 1350 59.319453
1637 1581 4.189490
620 1239 34.780592
1360 1524 23.493992
2174 1519 101.520117
1407 1238 12.632612
1404 1518 13.686449
1642 1469 34.606453
1236 1234 12.842361
1288 1291 19.197511
1362 1245 32.446731
1287 1290 19.196518
1232 1347 19.957928
391 1235 48.997497
1401 1403 12.620615
1463 1462 6.243929
1102 1289 125.445271
1419 1301 38.539967
1396 1575 65.311441
1622 1348 36.798108
1408 1293 19.859443
1294 1182 5.465001
1401 1295 38.539967
244 1178 52.709547
1361 1189 23.878826
1405 1407 12.620636
1510 1349 41.578831
1578 1405 29.125997
113 1582 114.911518
1512 1404 25.574953
1933 1177 138.190008
1789 1573 47.519969
1287 1460 29.672373
1623 1233 21.776910
1288 1459 17.877662
1530 1413 31.680064
1581 1636 4.188858
839 1346 29.471278
1455 1516 34.197336
1621 1292 46.599374
1919 1637 17.880062
1405 1461 4.201604
1474 1188 37.616995
1363 1133 39.992737
113 1574 133.987086
1694 1580 13.260995
1341 1236 45.100682
1583 1358 12.866750
1529 1470 21.885175
1406 1517 8.398787
954 1402 21.961606
1367 1478 8.408498
1732 1294 64.840153
1416 1525 19.540947
1293 1406 8.418965
563 1463 51.633216
1349 1351 12.724569
1282 1350 73.359512
1057 1581 125.088516
1788 1239 72.183360
361 1524 96.541554
1519 1519 0.000000
620 1238 32.513929
1733 1518 54.239743
688 1469 43.427838
173 1234 98.480925
508 1291 40.767744
2244 1245 108.421768
1069 1290 22.142340
339 1347 54.251382
1512 1235 21.026006
506 1403 46.234217
1789 1462 55.605491
449 1289 43.813464
1530 1301 33.389505
1408 1575 12.587538
1732 1348 49.611512
1520 1293 21.931115
1508 1182 65.430805
76 1295 76.449020
506 1178 34.849899
1303 1189 13.952262
1842 1407 78.518268
292 1349 57.264890
1455 1405 40.861850
1416 1582 17.660553
1678 1404 42.013147
256 1177 101.405755
254 1573 94.015172
203 1460 70.034164
1399 1233 12.632620
1079 1459 81.994017
1419 1413 37.837640
1853 1636 41.042715
1508 1346 35.475386
620 1516 45.038897
1341 1292 47.924396
311 1637 106.379074
564 1461 45.779546
2338 1188 84.211149
1475 1133 41.656518
1679 1574 41.824146
176 1580 96.166800
246 1236 56.098835
1768 1358 106.916513
1583 1470 8.388227
1456 1517 34.196370
202 1402 67.286889
1532 1478 9.724531
1676 1294 67.356148
1526 1525 6.159759
339 1406 63.119386
1182 1463 14.136940
1181 1351 12.641417
956 1350 21.457946
144 1581 112.459797
472 1239 106.772594
1695 1524 17.359163
2094 1519 110.682989
478 1238 141.677829
1291 1518 21.931096
2294 1469 89.490159
1511 1234 21.025253
1288 1291 19.197511
1305 1245 28.980044
302 1290 95.878433
757 1347 163.208280
449 1235 42.666029
1069 1403 20.838569
502 1462 66.730114
166 1289 70.787087
1583 1301 16.861310
1987 1575 104.243767
1456 1348 25.828873
262 1293 118.899318
244 1182 55.527721
264 1295 122.526401
2211 1178 114.625293
1472 1189 21.047061
1181 1407 16.847833
675 1349 35.845719
2245 1405 98.357894
1415 1582 12.587538
2245 1404 96.772507
587 1177 144.939049
265 1573 146.013467
1232 1460 27.698427
502 1233 40.494277
1733 1459 35.912693
1191 1413 16.847833
2319 1636 68.618067
1069 1346 26.279889
1105 1516 124.578222
311 1292 128.406456
336 1637 110.636632
1350 1461 8.408482
1302 1188 13.952262
1192 1133 22.656404
1677 1574 53.411629
544 1580 167.882904
421 1236 140.346807
1586 1358 27.333260
2058 1470 103.890066
1734 1517 42.951898
1341 1402 34.952244
696 1478 41.106849
1407 1294 8.418196
1471 1525 9.724531
751 1406 111.859865
2320 1463 65.246029
1239 1351 5.483798
1679 1350 46.088372
1695 1581 13.261793
358 1239 96.799921
2335 1524 65.318386
1352 1519 8.956035
620 1238 32.513929
1842 1518 70.228652
696 1469 79.176827
756 1234 159.067479
1287 1291 25.595136
1250 1245 32.105521
2174 1290 114.579441
1343 1347 25.446806
1181 1235 16.295081
203 1403 67.491615
1105 1462 134.212855
1343 1289 16.190255
1360 1301 16.189247
1181 1575 21.644712
900 1348 21.987306
1408 1293 19.859443
339 1182 53.213636
1408 1295 8.418965
507 1178 35.364051
1304 1189 20.016019
339 1407 65.904278
2180 1349 100.340882
1732 1405 56.634318
1415 1582 12.587538
1350 1404 9.900499
1079 1177 90.000000
588 1573 152.169660
696 1460 130.479412
1287 1233 9.998866
1406 1459 22.144776
1474 1413 28.376040
416 1636 95.775042
1623 1346 20.969864
1344 1516 29.430898
785 1292 33.349061
1530 1637 30.785910
1239 1461 16.832478
1303 1188 20.016988
1527 1133 25.013771
1733 1574 50.320860
1143 1580 72.832312
202 1236 58.879884
1361 1358 19.086336
1696 1470 16.751488
1455 1517 40.356098
1232 1402 17.949999
308 1478 63.749092
956 1294 20.838268
1475 1525 34.196390
215 1406 103.391201
1679 1463 49.521504
619 1351 42.604293
1282 1350 73.359512
2119 1581 33.421004
1293 1239 9.998876
1363 1524 41.578841
1293 1519 16.813579
619 1238 34.780592
669 1518 72.760583
1696 1469 21.515295
1341 1234 32.446742
1679 1291 34.107243
1191 1245 16.296075
1179 1290 8.430464
1286 1347 28.847045
1624 1235 25.097491
1343 1403 28.646484
265 1462 138.202698
1402 1289 8.418196
1527 1301 16.813579
1677 1575 59.172837
1788 1348 53.094271
1455 1293 41.962735
1237 1182 10.018307
1237 1295 16.259863
391 1178 45.288909
1360 1189 17.998676
1622 1407 56.256613
1407 1349 16.082883
1401 1405 25.235322
1531 1582 33.684318
1344 1404 28.646484
616 1177 29.095295
1900 1573 53.109652
1288 1460 23.665034
1733 1233 33.471565
113 1459 130.725606
1361 1413 22.350766
1863 1636 20.952484
1455 1346 19.720722
502 1516 63.154261
669 1292 56.048661
1695 1637 9.305281
1565 1461 49.436838
1361 1188 29.975078
2313 1133 101.282073
1509 1574 51.823641
2199 1580 42.104085
1234 1236 12.842361
1642 1358 31.202192
1587 1470 31.272819
418 1517 134.071565
1622 1402 27.083401
1819 1478 34.386184
498 1294 82.683017
1583 1525 9.605287
1632 1406 16.769499
1462 1463 6.243929
1518 1351 8.955691
1461 1350 8.408482
160 1581 111.013016
1236 1239 19.263918
1410 1524 13.686430
1637 1519 36.718465
1291 1238 16.259884
1637 1518 42.660759
1580 1469 8.387548
619 1234 32.514205
954 1291 17.646768
964 1245 14.078030
1516 1290 16.814303
900 1347 22.894377
1403 1235 8.846079
1294 1403 19.859422
1293 1462 8.891667
1235 1289 9.998856
1190 1301 8.429697
1573 1575 12.118861
1463 1348 19.720742
1062 1293 46.241271
1236 1182 16.296096
1465 1295 12.619509
1236 1178 10.018307
1412 1189 12.704608
1518 1407 8.398044
1519 1349 17.780446
1628 1405 12.960834
1638 1582 4.188829
1515 1404 8.398772
1290 1177 8.429697
1462 1573 8.387533
1179 1460 14.136940
1345 1233 5.483798
1570 1459 8.388257
1189 1413 10.981007
1917 1636 16.091799
1403 1346 9.901454
1686 1516 12.561347
215 1292 105.912277
1749 1637 6.043993
1347 1461 13.785859
1057 1188 121.979485
1299 1133 12.645355
1799 1574 13.426031
1411 1580 9.037464
1180 1236 4.216406
1526 1358 8.955691
1062 1470 100.639414
1574 1517 4.191421
1292 1402 13.864533
867 1478 46.285675
1282 1294 76.728220
541 1525 149.783290
1295 1406 8.418196
2350 1463 72.883998
1239 1351 5.483798
292 1350 57.403765
1062 1581 94.839499
1295 1239 4.214085
1637 1524 8.379517
1788 1519 67.934952
202 1238 60.268677
1406 1518 5.620987
1750 1469 17.183348
1097 1234 160.736175
2294 1291 100.028431
1304 1245 22.605710
506 1290 40.314900
391 1347 54.103822
751 1235 129.311321
1792 1403 29.265755
1509 1462 52.653044
1097 1289 157.394403
1584 1301 20.998094
1405 1575 12.587538
954 1348 21.458385
1351 1293 9.959935
1180 1182 12.857008
292 1295 55.942286
1622 1178 33.588625
1407 1189 39.869167
1102 1407 162.049380
1291 1349 9.959935
1239 1405 12.632628
2344 1582 68.094593
1181 1404 12.704093
421 1177 141.639184
1733 1573 44.669983
215 1460 114.590444
2110 1233 49.889452
1069 1459 24.991810
363 1413 97.628790
2230 1636 40.918779
2177 1346 104.389637
262 1516 131.685792
244 1292 58.491247
2284 1637 48.829227
365 1461 145.847273
1295 1188 32.555114
1581 1133 22.200403
1998 1574 108.062966
1527 1580 21.569674
1401 1236 17.949980
1057 1358 132.076580
767 1470 160.678128
363 1517 136.672248
2179 1402 95.299778
360 1478 60.625350
1350 1294 4.211913
363 1525 101.577350
1512 1406 37.820092
783 1463 60.556980
1408 1351 9.901454
1237 1350 8.425137
1750 1581 12.560457
472 1239 106.772594
1590 1524 57.840689
2346 1519 70.597944
1396 1238 61.092268
1351 1518 8.955691
1303 1469 17.877643
1291 1234 9.998876
696 1291 129.801701
1302 1245 9.998835
449 1290 44.619798
1457 1347 13.785859
203 1235 59.662204
1455 1403 28.377018
1465 1462 18.726299
1069 1289 27.904482
1304 1301 19.196528
1512 1575 39.742151
339 1348 55.396868
1404 1293 8.418196
1238 1182 4.216406
675 1295 41.723488
1236 1178 10.018307
1360 1189 17.998676
1401 1407 37.837640
1623 1349 36.798127
669 1405 64.429329
1097 1582 121.125193
452 1404 49.319348
421 1177 141.639184
1677 1573 47.626405
675 1460 39.648885
1621 1233 29.380135
1734 1459 30.586446
215 1413 79.998473
1918 1636 17.880079
669 1346 45.897011
1735 1516 31.834189
415 1292 117.273181
1471 1637 12.573233
1404 1461 4.201636
1475 1188 43.598014
1474 1133 35.894026
1102 1574 149.808453
1471 1580 19.322070
1286 1236 35.366200
1698 1358 29.898553
1360 1470 13.785840
1408 1517 19.541884
616 1402 41.332268
1878 1478 51.466466
339 1294 58.112970
1696 1525 17.358352
1350 1406 4.208027
1238 1463 12.740858
1520 1351 12.604572
1520 1350 17.781331
1069 1581 53.584236
2094 1239 124.260227
1696 1524 22.722469
1182 1519 17.770239
1239 1238 6.421697
1293 1518 12.794907
255 1469 70.288743
465 1234 96.737257
202 1291 61.556801
2243 1245 105.572144
1079 1290 84.153210
1232 1347 19.957928
1341 1235 38.764026
1287 1403 26.025945
1396 1462 59.564687
1175 1289 13.952271
1363 1301 35.201124
563 1575 56.702503
1396 1348 47.572847
452 1293 44.619982
453 1182 39.262272
1352 1295 4.211913
674 1178 25.566234
1360 1189 17.998676
1787 1407 76.122065
1453 1349 50.701826
396 1405 53.121511
1472 1582 13.565386
1508 1404 50.135214
410 1177 104.251495
1621 1573 44.939577
339 1460 60.823146
1677 1233 33.538789
1105 1459 115.611756
1415 1413 12.620636
1471 1636 17.520762
620 1346 39.800427
585 1516 133.916661
244 1292 58.491247
1917 1637 16.091938
563 1461 47.009181
2341 1188 96.518608
1474 1133 35.894026
1900 1574 58.155222
210 1580 76.975432
1182 1236 16.296096
1588 1358 38.996810
913 1470 33.520762
244 1517 70.379210
620 1402 41.332555
1145 1478 25.262011
292 1294 54.949072
1582 1525 4.191407
531 1406 132.727427
1512 1463 40.356119
363 1351 124.212196
1350 1350 0.000001
485 1581 154.863621
1242 1239 19.263918
1581 1524 4.191436
2317 1519 77.144803
1238 1238 0.000000
1237 1518 16.802616
2351 1469 74.157783
419 1234 138.345034
954 1291 17.646768
1416 1245 23.793504
99 1290 71.946238
586 1347 142.064269
392 1235 46.869294
1105 1403 118.907336
315 1462 146.082335
1175 1289 13.952271
708 1301 144.646442
814 1575 152.375967
1900 1348 55.034912
452 1293 44.619982
1456 1182 43.597994
1293 1295 12.798322
1904 1178 41.004549
1414 1189 12.704093
1466 1407 15.940864
674 1349 38.479267
2340 1405 85.541300
1527 1582 9.605326
2136 1404 112.236350
531 1177 143.137443
336 1573 75.526201
1513 1460 15.760008
391 1233 45.392596
1569 1459 13.565405
181 1413 108.396409
2050 1636 108.558593
1079 1346 87.613951
1102 1516 142.587840
696 1292 124.143818
2198 1637 37.198570
1349 1461 5.560799
1590 1188 62.867675
1416 1133 26.251116
1900 1574 58.155222
2197 1580 40.128703
1181 1236 10.018307
1583 1358 12.866750
2317 1470 87.449216
1682 1517 22.722469
339 1402 56.659328
1590 1478 5.697001
452 1294 46.189865
1695 1525 12.561991
1237 1406 12.632612
1830 1463 126.893233
1296 1351 9.959935
422 1350 142.069722
1407 1581 35.081486
82 1239 100.160137
1144 1524 75.440750
563 1519 55.611103
676 1238 30.745298
1678 1518 51.428637
311 1469 102.095755
128 1234 65.974665
1235 1291 4.214085
1192 1245 22.656404
2295 1290 96.023256
751 1347 131.620579
563 1235 34.317507
244 1403 63.586714
1102 1462 152.300934
246 1289 62.453777
1305 1301 25.595125
664 1575 103.782521
472 1348 124.965226
1292 1293 6.398740
258 1182 91.952286
419 1295 121.742815
1512 1178 20.886864
203 1189 71.476570
358 1407 100.386632
2042 1349 121.558480
1512 1405 31.680085
1750 1582 9.433324
1622 1404 38.537505
1069 1177 26.249587
313 1573 148.414832
1294 1460 17.877662
1175 1233 10.018317
1405 1459 15.939874
1471 1413 9.822703
311 1636 110.481071
1512 1346 12.604556
421 1516 150.715092
756 1292 148.557099
1474 1637 28.757790
675 1461 41.106843
1590 1188 62.867675
203 1133 67.539800
1677 1574 53.411629
311 1580 110.458690
563 1236 34.857410
472 1358 75.592398
585 1470 81.457582
1344 1517 35.475386
1733 1402 34.750642
55 1478 91.212155
1297 1294 19.196507
1415 1525 13.686449
1291 1406 19.859422
1237 1463 16.832478
1344 1351 44.513590
1236 1350 13.918944
767 1581 167.881400
1079 1239 55.190468
1418 1524 37.820071
1569 1519 39.741201
730 1238 33.373296
785 1518 50.086915
1921 1469 33.424209
391 1234 46.869006
1512 1291 21.931096
1250 1245 32.105521
1234 1290 4.214102
1457 1347 13.785859
1288 1235 16.260875
1623 1403 27.083401
954 1462 33.328759
1347 1289 9.959914
1530 1301 33.389505
1565 1575 60.212788
725 1348 51.102326
1567 1293 42.983818
958 1182 10.980599
391 1295 66.476598
423 1178 141.639166
1303 1189 13.952262
1512 1407 43.974613
1515 1349 12.604572
1233 1405 29.853711
1529 1582 21.569674
1401 1404 18.929586
674 1177 25.566229
2047 1573 108.210595
1180 1460 14.137165
1679 1233 25.807663
1568 1459 19.322109
1362 1413 28.645495
544 1636 170.370847
1105 1346 109.470484
507 1516 51.813305
1732 1292 53.763857
1637 1637 0.000000
1349 1461 5.560799
1302 1188 13.952262
2266 1133 87.410676
1453 1574 55.490301
2259 1580 47.158434
954 1236 16.733802
1362 1358 25.445808
1415 1470 9.822743
145 1517 134.541383
1515 1402 8.398772
1479 1478 6.242971
783 1294 53.585155
1917 1525 21.828254
1629 1406 12.961301
1408 1463 9.822743
1576 1351 12.866761
1462 1350 5.560799
273 1581 148.823249
1620 1239 68.187789
1858 1524 21.566302
114 1519 131.525536
732 1238 26.828859
114 1518 132.617899
1356 1469 8.408498
616 1234 32.514199
900 1291 19.501805
1410 1245 17.950017
1628 1290 20.998108
1401 1347 9.901433
1178 1235 4.216406
1346 1403 9.901454
1628 1462 12.572566
1402 1289 8.418196
1189 1301 5.465001
1854 1575 15.639759
1347 1348 6.361991
1295 1293 12.798322
1184 1182 12.857008
1405 1295 13.863637
899 1178 14.137264
1359 1189 12.641384
1576 1407 9.037790
1182 1349 12.641400
1515 1405 13.686430
1062 1582 100.891901
1293 1404 8.418196
1178 1177 6.427989
1351 1573 16.791274
1346 1460 13.785859
1234 1233 6.420689
1517 1459 15.760008
1302 1413 8.418196
1971 1636 20.150394
1514 1346 8.955698
1236 1516 14.228145
1515 1292 12.794897
1806 1637 9.629035
1346 1461 19.720763
1243 1188 10.018307
1357 1133 10.942603
1688 1574 13.261828
1523 1580 4.191421
1463 1236 22.022652
1412 1358 9.901454
1638 1470 9.143203
1627 1517 13.423189
1346 1402 4.207294
924 1478 48.272108
259 1294 101.253800
485 1525 150.671597
246 1406 63.705712
2293 1463 92.207433
1292 1351 16.189268
202 1350 65.669319
1069 1581 53.584236
1184 1239 10.018327
1862 1524 21.566313
1568 1519 45.789874
1292 1238 9.997909
1180 1518 20.886864
1695 1469 16.752142
1102 1234 128.633882
2143 1291 90.448689
82 1245 87.101665
314 1290 140.004901
1456 1347 19.720742
502 1235 46.352078
1849 1403 26.584557
1288 1462 35.788270
1102 1289 125.445271
259 1301 74.981753
1404 1575 17.660535
500 1348 62.638679
1508 1293 57.673093
563 1182 38.094561
1294 1295 6.398740
167 1178 66.795607
1581 1189 19.724477
1351 1407 4.207278
1293 1349 4.211138
1181 1405 10.981007
2346 1582 64.374250
1287 1404 32.265586
696 1177 137.465223
507 1573 55.088344
1181 1460 16.760334
2177 1233 107.079436
1102 1459 134.213532
1191 1413 16.847833
2261 1636 45.228694
2183 1346 76.783810
507 1516 51.813305
507 1292 40.767744
2119 1637 30.977172
452 1461 52.368454
82 1188 85.603152
1527 1133 25.013771
1842 1574 66.129260
2261 1580 48.608681
292 1236 52.231282
1069 1358 56.184170
1191 1470 16.760346
419 1517 138.498163
2295 1402 90.631657
585 1478 48.989323
1295 1294 6.398740
311 1525 102.114825
1182 1406 10.981007
954 1463 37.895105
1465 1351 13.785840
1464 1350 13.786745
1695 1581 13.261793
1408 1239 12.632628
1248 1524 26.107908
2345 1519 67.101075
1621 1238 56.455789
674 1518 50.553975
1590 1469 55.491199
701 1234 160.090816
954 1291 17.646768
1359 1245 13.919808
674 1290 30.999642
507 1347 43.170198
1350 1235 19.956963
1288 1403 19.859422
1404 1462 9.821799
1105 1289 106.248428
1473 1301 23.665034
1515 1575 21.569674
203 1348 64.483727
1463 1293 12.619525
1239 1182 4.215637
619 1295 41.985917
1349 1178 17.999589
1302 1189 8.429697
1351 1407 4.207278
1733 1349 49.611530
785 1405 41.705853
1057 1582 131.081490
1182 1404 16.847833
1960 1177 42.211275
1679 1573 36.016973
1347 1460 8.408482
1512 1233 14.228145
1287 1459 23.665043
1584 1413 17.660516
1750 1636 13.079412
199 1346 65.893227
2094 1516 107.697478
218 1292 119.270691
1965 1637 46.870757
1401 1461 22.144776
1415 1188 22.089217
1194 1133 35.449452
1097 1574 162.118389
1638 1580 15.283630
339 1236 50.064402
1752 1358 25.265899
1641 1470 23.022654
1465 1517 21.885175
390 1402 57.841750
1871 1478 22.802735
1620 1294 64.175280
1305 1525 27.538687
1732 1406 62.273662
1344 1463 44.459859
507 1351 48.027452
203 1350 64.571717
1062 1581 94.839499
1395 1239 73.708632
1639 1524 19.060749
1349 1519 17.780446
675 1238 33.753630
1396 1518 62.444721
414 1469 78.963177
165 1234 64.688201
1287 1291 25.595136
2313 1245 95.911538
1456 1290 17.876782
1733 1347 38.937746
1182 1235 22.656404
1509 1403 37.819127
1284 1462 60.636115
202 1289 62.460217
1193 1301 26.249609
1406 1575 9.037457
1232 1348 26.165867
1297 1293 25.595146
675 1182 33.411986
361 1295 110.930875
675 1178 25.566350
1361 1189 23.878826
1284 1407 70.068045
1181 1349 8.815637
453 1405 49.319289
1305 1582 25.995375
1453 1404 47.103324
397 1177 47.813621
337 1573 72.525792
452 1460 52.020602
1565 1233 30.191784
1069 1459 24.991810
1473 1413 22.144776
1862 1636 16.777149
1401 1346 4.207262
563 1516 49.070707
1407 1292 19.858464
1305 1637 30.057157
202 1461 70.332296
2212 1188 113.201649
1419 1133 43.773036
1565 1574 54.265556
175 1580 91.911287
1512 1236 26.107908
1643 1358 36.798098
1698 1470 26.790014
502 1517 66.869396
1404 1402 12.621604
1655 1478 55.325284
1453 1294 60.637083
2119 1525 36.681455
1520 1406 13.686449
263 1463 125.139489
1296 1351 9.959935
507 1350 45.664426
541 1581 153.921036
1522 1239 26.107908
1853 1524 43.997751
2213 1519 99.663357
1351 1238 8.425898
1464 1518 9.724551
2105 1469 96.283584
363 1234 134.950016
1181 1291 13.952242
1361 1245 26.166827
243 1290 58.136064
1790 1347 37.935687
245 1235 55.870808
1054 1403 84.762702
1578 1462 25.260998
449 1289 43.813464
1144 1301 67.915309
292 1575 69.234855
452 1348 46.459803
1282 1293 70.344831
732 1182 25.655503
263 1295 116.454888
2095 1178 115.306859
1246 1189 4.215637
363 1407 124.251664
730 1349 34.419417
2136 1405 112.789908
1584 1582 12.118861
2295 1404 92.993059
365 1177 138.189702
783 1573 54.278430
1459 1460 6.242950
204 1233 65.035395
1621 1459 34.605589
180 1413 103.391207
2051 1636 108.379485
1102 1346 128.549873
1069 1516 22.964313
361 1292 123.430840
1590 1637 50.845055
365 1461 145.847273
1359 1188 17.999570
1246 1133 8.432023
1565 1574 54.265556
712 1580 175.811318
215 1236 105.323226
1529 1358 23.493992
1886 1470 122.672423
1681 1517 28.325966
1512 1402 13.686449
1652 1478 37.989808
1237 1294 9.998856
259 1525 84.528518
262 1406 120.093115
2349 1463 76.249885
1395 1351 72.771433
424 1350 147.805755
1685 1581 47.625505
732 1239 29.621174
2345 1524 66.885417
1292 1519 21.930246
292 1238 51.932513
2180 1518 96.164080
1472 1469 18.726278
365 1234 140.812790
1402 1291 8.418949
1137 1245 26.278449
2177 1290 108.065146
203 1347 65.097066
1288 1235 16.260875
507 1403 45.830905
1456 1462 37.419918
1621 1289 30.057175
1137 1301 23.921529
1678 1575 53.411629
676 1348 33.590103
363 1293 127.734785
787 1182 29.420037
1296 1295 6.399766
1621 1178 38.474768
1194 1189 32.142971
1407 1407 0.000000
2047 1349 118.974644
1293 1405 5.516006
264 1582 106.985198
956 1404 21.961606
1102 1177 125.311208
391 1573 69.457642
292 1460 63.210346
585 1233 142.330178
1626 1459 9.143522
262 1413 93.288525
141 1636 101.918101
507 1346 44.017654
361 1516 131.962348
391 1292 55.615093
1643 1637 35.560870
696 1461 124.674465
1192 1188 25.714037
1194 1133 35.449452
1900 1574 58.155222
1696 1580 24.448206
311 1236 127.309755
1416 1358 16.082924
215 1470 81.124742
1404 1517 8.398044
1569 1402 12.586821
20 1478 99.599243
339 1294 58.112970
1418 1525 31.680064
391 1406 67.020157
1350 1463 8.409225
673 1351 50.362683
1623 1350 42.542664
311 1581 106.295333
1295 1239 4.214085
1695 1524 17.359163
1515 1519 24.624848
563 1238 38.905613
1685 1518 12.562005
1590 1469 55.491199
418 1234 136.020160
1456 1291 23.665034
1248 1245 19.263875
1568 1290 20.998110
1289 1347 9.959914
1956 1235 54.063768
1457 1403 15.939895
1352 1462 13.786745
696 1289 140.744676
1247 1301 9.998835
1456 1575 43.376267
784 1348 37.522675
1734 1293 48.370324
1297 1182 20.015999
1349 1295 16.189247
219 1178 121.486196
1192 1189 19.285018
899 1407 37.894675
502 1349 58.398982
1345 1405 28.645495
1864 1582 20.939993
1455 1404 34.618933
673 1177 25.566234
2039 1573 107.473883
1402 1460 9.822723
1399 1233 12.632620
1734 1459 30.586446
1585 1413 23.279402
1751 1636 18.411034
1057 1346 56.184139
588 1516 153.545440
756 1292 148.557099
179 1637 108.293418
1343 1461 38.226883
1416 1188 27.813100
2289 1133 82.362456
1735 1574 39.021300
2291 1580 73.584799
1292 1236 4.214851
1585 1358 21.814406
1643 1470 34.605569
307 1517 116.091610
1237 1402 17.950887
1478 1478 0.000001
677 1294 32.233954
1412 1525 8.398787
1183 1406 12.704093
1517 1463 9.724571
1181 1351 12.641417
1348 1350 12.724590
498 1581 124.383553
1284 1239 67.353345
1300 1524 11.136993
1638 1519 42.660759
1183 1238 10.018307
1469 1518 40.355174
1526 1469 9.724531
508 1234 40.494281
1405 1291 13.863618
1581 1245 16.741598
1457 1290 12.618777
1292 1347 9.959914
1457 1235 16.832494
1234 1403 12.632628
1403 1462 15.939895
1233 1289 4.214102
1413 1301 5.516006
1853 1575 17.586762
1517 1348 12.604556
1291 1293 12.798301
789 1182 21.644880
1463 1295 8.891660
1513 1178 17.770239
910 1189 14.137039
1405 1407 12.620636
1686 1349 18.223617
1516 1405 8.398044
1637 1582 4.188829
1573 1404 9.037464
1289 1177 5.465001
1796 1573 13.426040
1235 1460 12.740362
955 1233 21.062946
1463 1459 24.962412
1524 1413 8.398787
1467 1636 12.573248
1237 1346 19.957949
1516 1516 0.000000
1629 1292 18.031731
1581 1637 4.189490
1406 1461 9.822723
1097 1188 131.727858
1247 1133 13.964251
1574 1574 0.000001
1521 1580 15.542372
1179 1236 4.215637
1189 1358 8.815645
1581 1470 8.388227
1799 1517 17.358863
1288 1402 13.863637
923 1478 42.094250
2039 1294 115.076646
1246 1525 14.227924
587 1406 131.071050
2094 1463 113.269823
1465 1351 13.785840
1406 1350 4.208027
1054 1581 142.859921
244 1239 59.050786
1806 1524 17.358863
1238 1519 16.802616
1238 1238 0.000000
1404 1518 13.686449
1637 1469 9.143516
1062 1234 23.921519
2180 1291 98.666757
259 1245 74.382493
560 1290 40.098484
128 1347 71.999106
206 1235 66.907520
1844 1403 47.272605
1734 1462 46.962516
1062 1289 22.142368
82 1301 88.632300
1351 1575 11.257800
302 1348 91.673126
1987 1293 121.105069
620 1182 30.985728
1239 1295 4.214085
53 1178 78.637760
203 1189 71.476570
1294 1407 8.418196
956 1349 19.458392
1933 1405 122.158473
2321 1582 63.536895
449 1404 53.532346
363 1177 133.103171
751 1573 123.273863
1294 1460 17.877662
2140 1233 98.650891
1105 1459 115.611756
1360 1413 16.082883
1853 1636 41.042715
2214 1346 95.473843
307 1516 120.272456
1341 1292 47.924396
767 1637 164.715760
1341 1461 50.701826
264 1188 98.734609
1295 1133 36.254437
2142 1574 91.031946
1161 1580 158.355430
1181 1236 10.018307
1062 1358 100.290694
1359 1470 8.409209
1239 1517 16.802628
1900 1402 46.148357
1650 1478 28.757810
731 1294 33.647729
1191 1525 20.886864
1349 1406 9.901433
1511 1463 46.509339
508 1351 45.664426
1520 1350 17.781331
1862 1581 17.586744
363 1239 119.909952
1641 1524 30.785949
2139 1519 105.514004
956 1238 16.733239
675 1518 47.352743
1641 1469 28.758682
587 1234 145.900326
1287 1291 25.595136
1361 1245 26.166827
675 1290 30.999738
1236 1347 8.425137
244 1235 55.319608
1235 1403 8.846079
1238 1462 11.044596
1079 1289 90.519692
1249 1301 22.605710
1237 1575 20.932370
751 1348 125.730183
1292 1293 6.398740
1351 1182 8.815645
1292 1295 19.196507
587 1178 141.905452
1306 1189 32.555093
1292 1407 19.858464
1732 1349 55.134222
1632 1405 21.675114
1062 1582 100.891901
1350 1404 9.900499
1344 1177 12.641417
1510 1573 39.742161
1402 1460 9.822723
1343 1233 13.919847
202 1459 69.917801
1419 1413 37.837640
1637 1636 5.943770
554 1346 63.202386
1508 1516 49.139347
365 1292 139.802254
2162 1637 34.178019
675 1461 41.106843
1419 1188 46.039688
1473 1133 30.376218
1678 1574 47.625496
2336 1580 60.498568
1512 1236 26.107908
361 1358 83.984976
1585 1470 19.322109
1239 1517 16.802628
896 1402 29.443126
1595 1478 31.271913
1396 1294 63.759489
1529 1525 24.624848
1349 1406 9.901433
616 1463 58.436821
1183 1351 8.815645
1184 1350 17.999589
1125 1581 55.159062
1676 1239 71.428765
1526 1524 12.318913
531 1519 130.814621
1508 1238 61.533810
1350 1518 8.956035
353 1469 62.992723
1456 1234 16.832478
1454 1291 35.788260
2330 1245 97.196289
1105 1290 112.646254
504 1347 45.664743
452 1235 41.405064
1181 1403 16.847817
1677 1462 55.325526
1294 1289 31.992960
1419 1301 38.539967
1509 1575 57.839767
1286 1348 35.201113
1349 1293 4.211138
1351 1182 8.815645
210 1295 72.258460
620 1178 30.986103
1306 1189 32.555093
1622 1407 56.256613
1676 1349 57.520975
202 1405 67.924334
1644 1582 39.016085
1288 1404 26.026909
412 1177 113.362983
173 1573 103.181312
504 1460 53.106683
1232 1233 6.421697
1102 1459 134.213532
1527 1413 13.686449
1474 1636 34.605589
1351 1346 31.804549
449 1516 58.771681
254 1292 84.391436
1525 1637 5.791007
1564 1461 55.490321
2291 1188 90.738181
1415 1133 21.063949
1343 1574 44.972323
38 1580 104.262108
1621 1236 45.026338
1811 1358 37.935695
311 1470 97.940152
507 1517 52.882305
696 1402 137.987756
751 1478 37.380845
1564 1294 66.989283
712 1525 171.620768
587 1406 131.071050
391 1463 71.115783
1465 1351 13.785840
203 1350 64.571717
1359 1581 16.791968
1185 1239 16.295102
1862 1524 21.566313
2183 1519 86.844493
215 1238 98.346971
1236 1518 21.026006
2343 1469 78.160863
1344 1234 13.918925
1235 1291 4.214085
1362 1245 32.446731
561 1290 38.177596
758 1347 167.133115
1175 1235 22.656415
1102 1403 137.751025
507 1462 50.960971
674 1289 30.999638
1842 1301 112.346574
2042 1575 107.618362
1512 1348 23.493992
956 1293 17.646404
785 1182 39.743037
1410 1295 19.859422
1792 1178 35.060458
1192 1189 19.285018
1238 1407 12.632612
954 1349 24.982669
2295 1405 93.928015
179 1582 104.228693
2349 1404 78.111834
502 1177 39.231383
210 1573 91.869102
1457 1460 18.725341
291 1233 54.541745
1789 1459 39.506717
1303 1413 13.863637
2299 1636 77.853978
1105 1346 109.470484
1054 1516 91.559294
1344 1292 28.847035
2197 1637 38.103287
1295 1461 17.876764
419 1188 94.787429
1414 1133 16.734118
507 1574 56.426414
1639 1580 21.196724
1294 1236 16.260875
363 1358 93.432113
2138 1470 105.329803
1844 1517 54.430989
1900 1402 46.148357
1712 1478 63.882392
1732 1294 64.840153
1581 1525 4.192091
531 1406 132.727427
2136 1463 110.032112
472 1351 110.191833
171 1350 81.139799
1528 1581 21.569674
1236 1239 19.263918
712 1524 174.209296
1401 1519 37.819106
585 1238 118.531042
2183 1518 83.904329
1696 1469 21.515295
925 1234 171.154258
1233 1291 16.259884
1190 1245 10.018286
2241 1290 108.053269
339 1347 54.251382
449 1235 42.666029
1293 1403 13.863618
507 1462 50.960971
1733 1289 33.486984
472 1301 76.100528
563 1575 56.702503
620 1348 36.781383
472 1293 115.920628
1293 1182 8.430480
1465 1295 12.619509
246 1178 55.373043
1415 1189 16.847833
1183 1407 10.981007
2246 1349 96.642112
203 1405 67.149951
365 1582 109.872698
1236 1404 8.846439
1105 1177 106.052884
1341 1573 50.992926
449 1460 55.069862
1181 1233 29.045380
1511 1459 21.885185
1473 1413 22.144776
177 1636 101.797789
247 1346 66.686573
311 1516 138.122603
365 1292 139.802254
1640 1637 17.818453
1406 1461 9.822723
1191 1188 19.286027
339 1133 76.311281
1349 1574 12.866287
361 1580 100.730609
363 1236 130.226518
1362 1358 25.445808
363 1470 97.383685
1405 1517 5.620987
1397 1402 31.538017
255 1478 71.524086
acc0 46
acc1 233
acc2 574
acc3 875
acc4 1254
acc5 1593
acc6 1848
acc7 2039
acc8 2211
acc9 2396
acc10 2567
acc11 2717
acc12 2868
acc13 3009
acc14 3138
