418 1294 121.742113
1807 1525 17.358843
1182 1406 10.981007
418 1463 125.284686
1351 1351 0.000001
50 1350 83.594961
1306 1581 37.140058
125 1239 84.887264
1807 1524 20.919566
362 1519 123.635384
1239 1238 6.421697
1406 1518 5.620987
1580 1469 8.387548
1347 1234 8.425915
1348 1291 4.211154
1189 1245 4.216389
1569 1290 16.860787
1403 1347 4.207278
1002 1235 58.722932
334 1403 70.345722
1518 1462 4.197830
1002 1289 49.990666
1187 1301 13.952262
1182 1575 19.724322
1349 1348 6.363010
1181 1293 5.465001
362 1182 115.485802
1182 1295 8.429697
1122 1178 4.215650
1077 1189 5.464996
1182 1407 12.704093
362 1349 127.844918
1462 1405 4.201636
1076 1582 26.681238
41 1404 117.738219
725 1177 33.588447
1939 1573 116.939551
1573 1460 8.388257
1566 1233 25.208384
1571 1459 5.697001
1190 1413 12.704093
1357 1636 14.512643
1123 1346 12.682738
1629 1516 8.378816
1293 1292 6.398740
1748 1637 8.377960
1403 1461 9.822743
1076 1188 5.464996
1077 1133 4.214834
1573 1574 6.060021
1524 1580 4.191392
1462 1236 16.832494
1077 1358 14.048764
1807 1470 18.763942
1629 1517 5.791007
362 1402 138.794253
1817 1478 25.091674
1295 1294 6.398740
5 1525 112.898850
265 1406 134.280886
41 1463 119.633503
41 1351 114.100581
1575 1350 12.866761
119 1581 136.448603
1292 1239 16.259884
230 1524 143.755021
296 1519 67.072149
1292 1238 9.997909
296 1518 68.473804
41 1469 112.478054
1240 1234 38.526526
419 1291 137.052951
168 1245 63.990882
1180 1290 13.953168
422 1347 149.411687
116 1235 115.435897
1462 1403 15.939895
1739 1462 20.924073
615 1289 36.094402
58 1301 88.588256
230 1575 134.242167
217 1348 119.109599
125 1293 83.294064
89 1182 110.474277
142 1295 105.968247
672 1178 29.750037
30 1189 96.760418
217 1407 109.814033
362 1349 127.844918
116 1405 126.828369
125 1582 119.913287
1739 1404 18.464683
1365 1177 124.941087
142 1573 125.280267
422 1460 153.003727
1009 1233 10.942608
142 1459 124.606801
5 1413 107.282583
41 1636 121.597964
1180 1346 17.999589
116 1516 131.193577
265 1292 133.925273
125 1637 121.076607
41 1461 120.466589
125 1188 98.269230
793 1133 30.191112
41 1574 125.846911
58 1580 104.637238
5 1236 97.702055
5 1358 104.380599
125 1470 114.828182
1689 1517 22.722469
246 1402 66.012239
324 1478 124.164334
1994 1294 129.007961
1805 1525 15.268091
203 1406 67.619256
1658 1463 140.350924
1351 1351 0.000001
1462 1350 5.560799
1581 1581 0.000001
362 1239 115.596002
1075 1524 22.964313
1462 1519 9.724551
1238 1238 0.000000
1517 1518 6.160746
1075 1469 21.487990
1178 1234 4.215654
1962 1291 36.793708
1524 1245 14.227934
1178 1290 5.465001
334 1347 66.312170
1345 1235 13.918944
1404 1403 6.311165
1405 1462 4.201636
1178 1289 8.429697
1524 1301 12.794907
1573 1575 12.118861
1179 1348 8.815645
1238 1293 4.214102
1181 1182 6.429019
1351 1295 4.211154
334 1178 57.651905
1524 1189 17.770601
1295 1407 5.516006
1348 1349 6.363010
1238 1405 8.846086
1805 1582 13.426023
1462 1404 9.821799
1002 1177 48.737063
334 1573 82.601361
1236 1460 11.044596
1739 1233 29.923370
830 1459 84.958153
1076 1413 17.647150
231 1636 148.028731
1994 1346 119.088072
1403 1516 8.398772
1403 1292 8.418949
427 1637 141.010662
1348 1461 8.409240
1187 1188 6.427989
1187 1133 10.017376
1936 1574 118.072372
1524 1580 4.191392
1291 1236 4.214085
1414 1358 4.207278
1076 1470 21.488426
1462 1517 4.197126
1402 1402 0.000000
1421 1478 4.202340
418 1294 121.742113
1190 1525 17.770239
1182 1406 10.981007
1520 1463 9.724571
1462 1351 8.409225
362 1350 123.901085
1075 1581 26.680892
1239 1239 0.000000
1190 1524 20.886864
1575 1519 4.191407
418 1238 121.860355
1462 1518 4.197830
1076 1469 19.501706
441 1234 67.177183
615 1291 41.985924
1076 1245 8.800836
615 1290 38.659161
1403 1347 4.207278
1176 1235 16.296096
1404 1403 6.311165
417 1462 125.285400
830 1289 73.269744
1524 1301 12.794907
1519 1575 4.191407
1403 1348 4.207278
417 1293 121.742800
1239 1182 4.215637
1239 1295 4.214085
1176 1178 12.857008
1022 1189 8.815645
1239 1407 8.846079
1293 1349 4.211138
1350 1405 4.207294
877 1582 148.727319
1403 1404 6.311165
1002 1177 48.737063
1403 1573 12.587538
1462 1460 12.485779
334 1233 55.326925
1460 1459 6.242950
1191 1413 16.847833
1075 1636 28.559364
1402 1346 4.207294
1462 1516 9.723640
1124 1292 8.801188
1524 1637 8.379517
1405 1461 4.201604
1075 1188 8.429694
1075 1133 9.997929
877 1574 160.677842
1524 1580 4.191392
362 1236 126.882160
1246 1358 5.483798
1076 1470 21.488426
1405 1517 5.620987
1179 1402 12.704597
204 1478 107.477175
1184 1294 13.952262
1190 1525 17.770239
362 1406 123.927587
1632 1463 12.573262
362 1351 119.752363
1184 1350 17.999589
1582 1581 6.060951
1128 1239 8.432039
1076 1524 22.066990
362 1519 123.635384
1239 1238 6.421697
362 1518 128.021037
251 1469 66.547106
1232 1234 12.842340
1462 1291 17.876782
1076 1245 8.800836
830 1290 79.334261
334 1347 66.312170
1403 1235 8.846079
1573 1403 12.587538
362 1462 128.104757
1291 1289 12.798301
1075 1301 16.860174
1632 1575 9.466125
334 1348 69.814652
362 1293 123.729286
417 1182 113.362969
1238 1295 9.998856
1002 1178 55.057920
1022 1189 8.815645
1407 1407 0.000000
1349 1349 0.000001
633 1405 84.181327
1190 1582 19.724322
1404 1404 0.000000
1178 1177 6.427989
1629 1573 4.188815
1403 1460 4.201620
1823 1233 139.505986
830 1459 84.958153
1078 1413 17.646779
1807 1636 16.987897
615 1346 39.800043
417 1516 134.071550
1350 1292 9.958972
1638 1637 5.942818
1349 1461 5.560799
1075 1188 8.429694
1021 1133 5.483803
334 1574 86.284229
1694 1580 13.260995
1403 1236 8.846079
1524 1358 12.604572
1301 1470 8.891660
203 1517 72.766447
1291 1402 8.418949
343 1478 109.088059
1351 1294 4.211154
1413 1525 5.620987
1182 1406 10.981007
1406 1463 4.201620
1295 1351 4.211154
362 1350 123.901085
1413 1581 9.037783
1295 1239 4.214085
1412 1524 5.620987
1632 1519 8.379517
1127 1238 8.432039
88 1518 129.045437
1301 1469 8.892006
1062 1234 23.921519
1462 1291 17.876782
1076 1245 8.800836
1290 1290 0.000000
1404 1347 9.901433
1569 1235 20.932383
830 1403 87.081472
1406 1462 4.202356
1289 1289 0.000000
1413 1301 5.516006
1462 1575 8.388242
1348 1348 0.000001
1350 1293 4.211170
1184 1182 12.857008
203 1295 63.074863
1959 1178 45.288638
1244 1189 10.018307
1351 1407 4.207278
1349 1349 0.000001
1278 1405 95.236314
1637 1582 4.188829
1348 1404 4.208027
1176 1177 6.429019
1517 1573 4.191392
1572 1460 5.697001
1287 1233 9.998866
1403 1459 4.201620
1357 1413 4.208011
1605 1636 131.435080
830 1346 77.187121
1516 1516 0.000000
1405 1292 8.418196
1357 1637 14.512836
334 1461 78.013408
1244 1188 4.215621
1076 1133 4.214118
1406 1574 9.037790
1580 1580 0.000001
1236 1236 0.000000
1301 1358 4.211154
793 1470 45.894905
1404 1517 8.398044
1403 1402 6.311165
1306 1478 23.665034
1182 1294 5.465001
1412 1525 8.398787
1182 1406 10.981007
1296 1463 12.619525
1295 1351 4.211154
644 1350 139.497222
1468 1581 8.387548
1012 1239 22.129003
1356 1524 8.955683
1462 1519 9.724551
1239 1238 6.421697
1573 1518 9.605307
1018 1469 29.152354
1346 1234 5.483798
1179 1291 5.465001
1246 1245 6.421675
1823 1290 139.232164
1403 1347 4.207278
1002 1235 58.722932
362 1403 135.570602
1406 1462 4.202356
1287 1289 12.798333
1076 1301 12.675633
1463 1575 5.697001
1237 1348 8.425915
1462 1293 8.891667
1182 1182 0.000000
417 1295 112.670304
334 1178 57.651905
1187 1189 12.857008
793 1407 31.899661
1936 1349 129.890079
1406 1405 6.311186
1807 1582 13.426023
1348 1404 4.208027
830 1177 71.547662
1629 1573 4.188815
417 1460 134.308443
725 1233 33.373296
1462 1459 18.725341
1075 1413 20.838583
1635 1636 5.942818
334 1346 63.119922
1574 1516 9.604412
1516 1292 11.136993
1807 1637 12.572344
1462 1461 6.242950
1243 1188 10.018307
1187 1133 10.017376
1406 1574 9.037790
1357 1580 12.866297
615 1236 41.748385
1190 1358 8.815645
1190 1470 14.136940
1573 1517 4.191392
1402 1402 0.000000
1533 1478 4.197814
334 1294 77.525247
1191 1525 20.886864
1068 1406 20.838583
749 1463 98.108556
1239 1351 5.483798
418 1350 125.931101
1190 1581 21.644694
830 1239 106.176264
1858 1524 21.566302
1524 1519 30.769090
1126 1238 5.458805
1350 1518 8.956035
1805 1469 17.813998
1122 1234 5.458805
334 1291 65.742790
1077 1245 8.801180
1573 1290 20.998841
898 1347 22.894662
615 1235 37.925681
116 1403 124.232274
1517 1462 4.197126
615 1289 36.094402
1191 1301 13.952262
1403 1575 23.279402
1461 1348 8.409240
1349 1293 4.211138
361 1182 111.122078
845 1295 25.467253
1347 1178 8.816010
1189 1189 0.000000
1068 1407 25.277242
88 1349 119.165555
419 1405 134.352093
1527 1582 9.605326
254 1404 88.871858
1462 1177 31.781925
2138 1573 101.223675
1569 1460 19.321187
1403 1233 17.949999
1404 1459 9.822723
1189 1413 10.981007
1527 1636 19.060749
1179 1346 12.641417
1348 1516 8.956035
1350 1292 9.958972
1582 1637 4.188829
1182 1461 16.760334
1077 1188 8.430477
1189 1133 4.216386
1632 1574 15.284573
1601 1580 121.533795
419 1236 133.106990
1527 1358 12.604572
1191 1470 16.760346
1686 1517 9.272518
1994 1402 117.843520
1317 1478 44.459470
1575 1294 14.351304
227 1525 138.837198
89 1406 121.197672
92 1463 112.747223
92 1351 107.612325
1295 1350 9.959914
188 1581 142.996691
1744 1239 27.301020
1801 1524 25.331172
228 1519 140.294248
1068 1238 12.645339
148 1518 136.968260
92 1469 124.608778
1405 1234 23.793504
1462 1291 17.876782
89 1245 115.648093
1739 1290 23.767130
1462 1347 19.719794
203 1235 59.662204
422 1403 151.401960
1579 1462 31.272799
562 1289 37.179741
877 1301 150.326753
226 1575 146.282903
262 1348 125.976561
360 1293 114.923251
265 1182 124.380144
275 1295 125.869337
786 1178 19.724521
92 1189 111.668227
45 1407 111.188306
88 1349 119.165555
231 1405 117.443977
58 1582 101.284209
1180 1404 10.981007
1739 1177 30.985802
5 1573 114.872367
1462 1460 12.485779
615 1233 32.514202
5 1459 108.169800
227 1413 133.632657
92 1636 132.269518
1739 1346 22.172414
231 1516 118.133325
183 1292 129.331784
58 1637 104.902784
92 1461 107.735576
58 1188 85.062807
116 1133 109.746958
92 1574 115.467304
877 1580 160.678015
142 1236 112.091131
44 1358 114.758802
58 1470 95.783184
489 1517 130.814033
343 1402 59.812838
685 1478 68.603399
361 1294 115.250917
1523 1525 12.318913
334 1406 81.708262
1623 1463 46.442035
1463 1351 5.560799
419 1350 130.189131
1525 1581 4.192091
1182 1239 4.215637
1524 1524 0.000000
419 1519 129.481995
1294 1238 4.214851
1518 1518 0.000000
1524 1469 4.197141
1289 1234 4.214069
1291 1291 0.000000
1044 1245 151.020809
1234 1290 4.214102
203 1347 65.097066
1346 1235 8.425915
1852 1403 24.576492
1517 1462 4.197126
1121 1289 8.800828
1187 1301 13.952262
1632 1575 9.466125
1459 1348 8.408482
1291 1293 12.798301
1294 1182 5.465001
1463 1295 8.891660
203 1178 57.468787
1434 1189 130.329329
1351 1407 4.207278
334 1349 73.576539
1405 1405 0.000000
1747 1582 17.180072
725 1404 55.301968
615 1177 30.985732
1684 1573 8.375331
1291 1460 8.891660
1180 1233 22.656404
125 1459 85.065044
1301 1413 5.516006
41 1636 121.597964
1881 1346 130.183547
73 1516 86.568079
898 1292 24.992544
429 1637 150.616666
1403 1461 9.822743
1131 1188 10.018305
1074 1133 16.259905
1656 1574 133.442346
1601 1580 121.533795
1573 1236 17.881924
1358 1358 0.000001
1379 1470 131.727371
419 1517 138.498163
1513 1402 8.398044
1590 1478 5.697001
1182 1294 5.465001
1306 1525 33.389505
1068 1406 20.838583
1576 1463 8.388242
1351 1351 0.000001
361 1350 119.426754
966 1581 31.899077
1240 1239 6.421697
1018 1524 29.471682
2178 1519 102.610755
749 1238 99.953124
419 1518 134.071565
1301 1469 8.892006
334 1234 58.325359
254 1291 88.180297
1022 1245 12.682721
1002 1290 56.183196
898 1347 22.894662
503 1235 43.104183
1852 1403 24.576492
470 1462 108.489660
1287 1289 12.798333
1078 1301 12.675112
1407 1575 9.037457
898 1348 25.422601
1238 1293 4.214102
1294 1182 5.465001
1183 1295 5.465001
503 1178 39.230951
1076 1189 8.430477
1183 1407 10.981007
1348 1349 6.363010
1406 1405 6.311186
1638 1582 4.188829
1182 1404 16.847833
1769 1177 141.905581
1566 1573 42.298420
725 1460 54.627057
1823 1233 139.505986
1459 1459 0.000001
1187 1413 16.847833
966 1636 35.674335
1625 1346 14.512630
1902 1516 42.434234
1293 1292 6.398740
1137 1637 33.373508
1462 1461 6.242950
1187 1188 6.427989
1021 1133 5.483803
125 1574 97.344040
986 1580 141.002651
355 1236 95.760465
1301 1358 4.211154
1022 1470 21.987205
1574 1517 4.191421
1571 1402 9.037790
203 1478 112.475197
1182 1294 5.465001
1018 1525 33.335484
400 1406 54.099823
1573 1463 13.565386
400 1351 50.798480
1407 1350 9.901433
1581 1581 0.000001
1297 1239 16.259884
417 1524 96.344923
585 1519 117.519964
1183 1238 10.018307
1946 1518 104.766105
515 1469 49.478050
1625 1234 19.909461
521 1291 93.119666
1022 1245 12.682721
1403 1290 8.418949
1403 1347 4.207278
1176 1235 16.296096
1569 1403 17.660535
1350 1462 5.560799
1062 1289 22.142368
966 1301 17.646404
1573 1575 12.118861
749 1348 113.867297
88 1293 117.055543
472 1182 107.490151
1294 1295 6.398740
254 1178 87.693283
1077 1189 5.464996
1465 1407 9.822723
1462 1349 8.408482
231 1405 117.443977
1306 1582 31.442812
1349 1404 4.207294
1121 1177 4.215650
1686 1573 8.374657
898 1460 30.348003
1232 1233 6.421697
1403 1459 4.201620
1132 1413 16.734130
1858 1636 16.777136
291 1346 58.441817
615 1516 54.727750
1293 1292 6.398740
1695 1637 9.305281
1462 1461 6.242950
1858 1188 36.862643
1187 1133 10.017376
203 1574 75.799351
1635 1580 4.188843
898 1236 20.855798
1414 1358 4.207278
1245 1470 12.740848
334 1517 82.140356
1573 1402 17.661386
246 1478 109.753124
1294 1294 0.000000
1190 1525 17.770239
1406 1406 0.000000
1407 1463 4.201620
1127 1351 10.942603
1406 1350 4.208027
1638 1581 9.466087
1238 1239 6.421697
1075 1524 22.964313
1884 1519 125.068075
1238 1238 0.000000
1406 1518 5.620987
1189 1469 14.137160
1291 1234 9.998876
1179 1291 5.465001
1189 1245 4.216389
1234 1290 4.214102
1689 1347 40.502797
1062 1235 30.035208
1347 1403 4.207278
1350 1462 5.560799
1121 1289 8.800828
1300 1301 6.399766
422 1575 146.438688
1403 1348 4.207278
1406 1293 8.418965
1350 1182 8.816010
793 1295 26.681420
2112 1178 52.709144
1189 1189 0.000000
1463 1407 4.201620
1461 1349 5.560799
1881 1405 130.680317
1525 1582 4.191407
1403 1404 6.311165
334 1177 54.373248
1461 1573 5.697001
1853 1460 22.803060
1122 1233 8.431271
1176 1459 21.047832
1244 1413 12.632612
596 1636 156.053830
1513 1346 8.955683
125 1516 91.040926
1349 1292 4.211170
1527 1637 13.423207
50 1461 88.299429
1357 1188 8.815661
1022 1133 8.425886
1629 1574 4.188843
1635 1580 4.188843
1291 1236 4.214085
1357 1358 6.362968
596 1470 144.087262
1910 1517 21.828144
1566 1402 29.125059
1430 1478 49.846382
418 1294 121.742113
1414 1525 8.398044
1068 1406 20.838583
1239 1463 11.044596
1239 1351 5.483798
1572 1350 16.791289
1693 1581 5.905999
1129 1239 13.963362
1300 1524 11.136993
961 1519 30.372349
1183 1238 10.018307
2178 1518 101.520116
1190 1469 16.760322
1122 1234 5.458805
1459 1291 8.891660
1077 1245 8.801180
334 1290 62.305007
898 1347 22.894662
1235 1235 0.000000
1180 1403 12.704597
1350 1462 5.560799
1402 1289 8.418196
1022 1301 14.048769
470 1575 106.813361
1404 1348 4.208027
1018 1293 31.929447
1125 1182 10.018305
1128 1295 8.801188
1122 1178 4.215650
1026 1189 29.974091
749 1407 94.161338
1656 1349 145.831842
1350 1405 4.207294
1858 1582 25.136697
334 1404 73.905584
1232 1177 10.018327
1686 1573 8.374657
615 1460 50.645632
1177 1233 4.215654
1962 1459 28.174568
966 1413 22.871903
1694 1636 9.305318
203 1346 66.133385
1460 1516 4.197830
1348 1292 4.211913
1919 1637 17.880062
419 1461 138.515204
1076 1188 5.464996
1078 1133 9.998835
1350 1574 11.257800
1527 1580 21.569674
417 1236 125.936664
1189 1358 8.815645
1301 1470 8.891660
1632 1517 19.060749
1403 1402 6.311165
1422 1478 4.201651
203 1294 62.136779
1858 1525 25.098983
265 1406 134.280886
793 1463 35.573078
1183 1351 8.815645
203 1350 64.571717
1098 1581 132.983565
1184 1239 10.018327
1187 1524 17.770239
986 1519 167.395738
1183 1238 10.018307
1407 1518 8.398044
1527 1469 15.760964
1514 1234 14.227929
1124 1291 8.800820
1190 1245 10.018286
1291 1290 6.399744
1176 1347 17.999589
254 1235 87.920591
231 1403 109.856317
1405 1462 4.201636
123 1289 82.003452
1021 1301 14.048994
265 1575 139.963994
1237 1348 8.425915
1351 1293 9.959935
585 1182 114.333141
1068 1295 22.141483
951 1178 22.088144
1076 1189 8.430477
2095 1407 115.441428
324 1349 120.401925
422 1405 146.119926
1301 1582 14.351304
864 1404 129.864782
383 1177 71.131673
2095 1573 103.606468
1291 1460 8.891660
776 1233 60.977647
1461 1459 12.485779
1077 1413 16.446002
1244 1636 19.909461
1571 1346 12.866771
1293 1516 12.794410
1348 1292 4.211913
1583 1637 9.466087
265 1461 140.775123
1022 1188 12.641417
1190 1133 10.018284
1569 1574 30.258415
685 1580 45.281342
725 1236 47.894203
1244 1358 13.918925
1858 1470 29.257458
1685 1517 9.272505
387 1402 67.020151
1198 1478 14.136950
1127 1294 8.800820
142 1525 98.739194
273 1406 134.764732
417 1463 120.591084
122 1351 104.931158
1127 1350 12.682727
277 1581 147.205597
1068 1239 18.023199
1579 1524 9.605307
148 1519 136.968260
1184 1238 16.296096
297 1518 70.654169
122 1469 125.106164
1351 1234 32.446773
422 1291 146.067385
67 1245 110.236807
1572 1290 16.861322
419 1347 140.968000
231 1235 101.355983
419 1403 141.835291
1801 1462 25.092296
1009 1289 14.048774
360 1301 79.478083
1579 1575 24.220408
315 1348 142.745583
830 1293 97.701411
80 1182 88.524560
5 1295 101.770936
503 1178 39.230951
41 1189 98.347551
1128 1407 14.078639
324 1349 120.401925
334 1405 77.706780
360 1582 88.054467
1572 1404 9.037790
954 1177 12.703742
422 1573 154.854900
419 1460 142.403330
839 1233 21.549986
419 1459 145.847345
275 1413 141.944089
122 1636 132.151545
1572 1346 16.791289
334 1516 78.491008
46 1292 95.788421
1131 1637 29.621940
122 1461 104.066873
360 1188 79.822054
12 1133 90.957749
417 1574 128.967352
360 1580 96.146840
44 1236 102.104638
227 1358 129.888584
360 1470 83.684648
1967 1517 27.518800
122 1402 94.401114
362 1478 64.472351
362 1294 119.748679
1747 1525 16.741345
50 1406 86.806509
1792 1463 44.786851
1294 1351 4.211154
1238 1350 5.483798
1636 1581 4.188858
585 1239 113.210965
793 1524 42.311998
383 1519 110.451998
1181 1238 4.215654
1462 1518 4.197830
1412 1469 4.201651
1121 1234 8.431271
1063 1291 27.904511
1187 1245 10.017378
1290 1290 0.000000
30 1347 90.061844
1292 1235 9.998856
952 1403 29.149416
1462 1462 0.000001
1289 1289 0.000000
1044 1301 148.006934
1569 1575 36.285699
1571 1348 12.866287
1236 1293 9.998856
1351 1182 8.815645
1294 1295 6.398740
1122 1178 4.215650
1322 1189 131.262364
1575 1407 9.037457
1403 1349 9.901454
1460 1405 9.822723
2117 1582 39.865708
383 1404 92.583246
123 1177 76.996660
1685 1573 5.905999
1460 1460 0.000001
1905 1233 35.517586
1403 1459 4.201620
1413 1413 0.000000
116 1636 134.728968
422 1346 149.966606
898 1516 34.274833
1176 1292 26.250593
319 1637 143.486998
1124 1461 17.692366
1075 1188 8.429694
1021 1133 5.483803
1994 1574 114.820136
429 1580 154.854900
1569 1236 25.207656
1247 1358 8.425882
596 1470 144.087262
725 1517 63.665932
1625 1402 12.960834
1366 1478 5.560799
749 1294 98.008670
1098 1525 130.650698
1403 1406 18.929607
1463 1463 0.000001
1239 1351 5.483798
585 1350 121.559723
1412 1581 9.037471
1127 1239 5.458805
1946 1524 120.391017
2094 1519 110.682989
1182 1238 4.216406
422 1518 146.676164
1022 1469 22.894552
1345 1234 8.425137
1002 1291 62.420274
1077 1245 8.801180
1235 1290 4.214851
1176 1347 17.999589
1068 1235 12.646089
1910 1403 30.822430
1574 1462 5.697001
1176 1289 8.430480
1187 1301 13.952262
1516 1575 15.541430
1182 1348 17.999589
1295 1293 12.798322
1351 1182 8.815645
1241 1295 9.998856
447 1178 43.483533
1077 1189 5.464996
1353 1407 9.901433
1124 1349 12.682738
1293 1405 5.516006
1413 1582 9.037457
898 1404 29.443668
615 1177 30.985732
1938 1573 118.072333
1461 1460 6.243950
203 1233 62.276186
1571 1459 5.697001
1807 1413 22.451807
1412 1636 11.411995
1682 1346 17.163799
1992 1516 117.919144
1348 1292 4.211913
1601 1637 112.822107
1517 1461 4.197095
1132 1188 4.215617
1132 1133 6.420711
58 1574 115.571929
1137 1580 38.599981
465 1236 86.655146
1189 1358 8.815645
1301 1470 8.891660
1517 1517 0.000000
1401 1402 6.310175
417 1478 59.330322
1407 1294 8.418196
1306 1525 33.389505
361 1406 119.307326
1128 1463 17.692358
585 1351 116.144261
1182 1350 8.816010
58 1581 102.919878
1185 1239 16.295102
1357 1524 8.955705
1524 1519 30.769090
1351 1238 8.425898
585 1518 122.992425
853 1469 30.541077
1402 1234 8.846086
725 1291 46.896799
1189 1245 4.216389
1402 1290 5.516006
469 1347 115.194277
898 1235 17.692465
1291 1403 5.516006
1406 1462 4.202356
1569 1289 14.351309
1078 1301 12.675112
1128 1575 23.081858
418 1348 134.177815
106 1293 88.691760
1239 1182 4.215637
1295 1295 0.000000
470 1178 117.030898
1076 1189 8.430477
1464 1407 4.202356
633 1349 85.540197
56 1405 98.118632
462 1582 57.717603
1461 1404 4.201636
1289 1177 5.465001
1350 1573 12.866287
1176 1460 26.193171
1402 1233 12.631871
125 1459 85.065044
1021 1413 19.458951
1919 1636 21.000070
1291 1346 9.959935
122 1516 105.113000
1406 1292 13.863637
1805 1637 9.629296
1461 1461 0.000001
1187 1188 6.427989
910 1133 12.740940
418 1574 133.668404
1750 1580 17.180056
1182 1236 16.296096
1858 1358 33.691243
1356 1470 13.785840
793 1517 42.311998
1062 1402 30.422709
413 1478 55.663397
1463 1294 8.891660
1357 1525 8.956028
1068 1406 20.838583
203 1463 70.776766
1128 1351 12.682727
1350 1350 0.000001
1523 1581 9.604431
1294 1239 4.214085
1525 1524 6.160746
2178 1519 102.610755
1295 1238 9.998856
184 1518 140.498066
1246 1469 12.740848
1569 1234 17.881570
725 1291 46.896799
1301 1245 4.214834
1289 1290 6.398740
1910 1347 34.702980
1291 1235 4.214085
1515 1403 5.620987
1293 1462 8.891667
1401 1289 5.516006
1302 1301 6.398740
1962 1575 33.147663
1124 1348 10.942603
1293 1293 0.000000
1406 1182 10.981007
334 1295 81.790879
2014 1178 46.791063
1357 1189 8.816002
1353 1407 9.901433
1462 1349 8.408482
1488 1405 151.693798
1582 1582 0.000001
1712 1404 140.582002
1286 1177 20.016978
1518 1573 9.605307
1513 1460 15.760008
1399 1233 12.632620
1566 1459 31.272809
1413 1413 0.000000
2061 1636 78.947039
951 1346 24.982019
830 1516 94.682526
1238 1292 9.997909
1244 1637 21.776906
30 1461 98.030653
1243 1188 10.018307
1189 1133 4.216386
1348 1574 16.791289
1523 1580 4.191421
1009 1236 22.128129
1413 1358 4.207278
116 1470 123.559624
1852 1517 19.132007
898 1402 24.959524
1317 1478 44.459470
1406 1294 5.516006
1358 1525 8.955691
905 1406 29.443115
1353 1463 13.785840
1126 1351 12.682727
2018 1350 37.779547
1414 1581 12.587508
1184 1239 10.018327
1413 1524 8.398787
1018 1519 29.472232
1126 1238 5.458805
1939 1518 121.286435
961 1469 33.328773
1347 1234 8.425915
1235 1291 4.214085
1189 1245 4.216389
1769 1290 139.901285
1176 1347 17.999589
615 1235 37.925681
387 1403 70.778572
1182 1462 14.137165
951 1289 20.838274
1189 1301 5.465001
1351 1575 11.257800
1461 1348 8.409240
961 1293 30.422508
1184 1182 12.857008
1295 1295 0.000000
1402 1178 10.981007
1078 1189 8.429694
1407 1407 0.000000
1460 1349 8.409240
1293 1405 5.516006
169 1582 79.988721
1350 1404 9.900499
951 1177 16.847580
1348 1573 12.866771
472 1460 128.533736
1175 1233 10.018317
725 1459 50.082996
1414 1413 6.310175
1806 1636 12.572370
50 1346 81.483073
1741 1516 13.233650
1293 1292 6.398740
1858 1637 20.952469
1405 1461 4.201604
1189 1188 6.429019
1524 1133 19.590330
1293 1574 14.351309
1243 1580 17.881924
254 1236 84.073050
1246 1358 5.483798
1360 1470 13.785840
1291 1517 16.813563
1347 1402 4.208027
1589 1478 8.388227
793 1294 29.529759
1187 1525 20.886864
905 1406 29.443115
334 1463 85.872994
1463 1351 5.560799
749 1350 101.988228
1527 1581 15.542352
1182 1239 4.215637
1191 1524 25.239461
429 1519 156.759320
1069 1238 8.800828
1519 1518 6.159759
1301 1469 8.892006
1346 1234 5.483798
1293 1291 12.798301
1076 1245 8.800836
1062 1290 27.904511
1566 1347 33.098854
1769 1235 143.571143
203 1403 67.491615
1463 1462 6.243929
122 1289 86.657799
1074 1301 22.142359
1068 1575 29.529602
1181 1348 12.641400
1462 1293 8.891667
400 1182 43.392141
1645 1295 87.920766
1684 1178 27.033441
1243 1189 16.296096
905 1407 26.538537
184 1349 131.670126
275 1405 123.353324
1415 1582 12.587538
84 1404 122.485066
278 1177 84.043780
2210 1573 97.449250
1632 1460 28.758720
898 1233 17.692097
1179 1459 14.136940
462 1413 49.319290
1186 1636 25.655750
1066 1346 14.048769
1686 1516 12.561347
1406 1292 13.863637
1581 1637 4.189490
898 1461 33.520774
1189 1188 6.429019
1076 1133 4.214118
1291 1574 20.998110
684 1580 44.847903
1198 1236 118.893101
1357 1358 6.362968
1811 1470 34.386936
1515 1517 12.318893
381 1402 92.582519
1306 1478 23.665034
1238 1294 4.214851
44 1525 123.273019
183 1406 134.181749
84 1463 121.448202
417 1351 116.877691
1236 1350 13.918944
376 1581 157.494679
1184 1239 10.018327
430 1524 154.168056
28 1519 114.296490
362 1238 119.610306
28 1518 113.001649
30 1469 109.566270
1352 1234 38.764037
142 1291 115.721027
322 1245 136.230532
226 1290 123.918057
5 1347 102.631620
254 1235 87.920591
142 1403 120.933404
1180 1462 16.759777
839 1289 25.467259
125 1301 105.968247
1739 1575 22.380874
1291 1348 4.211154
58 1293 102.969271
186 1182 122.296143
60 1295 110.448473
1068 1178 13.953166
122 1189 112.799314
262 1407 116.432152
361 1349 123.588148
203 1405 67.149951
1131 1582 29.188616
1801 1404 33.728550
2144 1177 82.869236
419 1573 142.687324
5 1460 108.711391
562 1233 34.857410
307 1459 124.240822
44 1413 117.655237
30 1636 117.263795
226 1346 124.887075
793 1516 45.930254
43 1292 109.212432
1409 1637 27.084264
13 1461 113.545981
877 1188 153.806879
204 1133 63.475391
122 1574 111.999821
125 1580 114.185374
419 1236 133.106990
275 1358 139.057282
877 1470 148.805376
534 1517 154.668863
123 1402 89.630455
684 1478 73.817311
400 1294 48.709728
1467 1525 15.760985
1406 1406 0.000000
1237 1463 16.832478
1462 1351 8.409225
422 1350 142.069722
1524 1581 4.191436
1184 1239 10.018327
1636 1524 5.791007
5 1519 112.898849
1351 1238 8.425898
1630 1518 5.791007
966 1469 26.538054
1065 1234 8.800813
1009 1291 21.071071
1322 1245 133.809451
1289 1290 6.398740
50 1347 81.711393
1344 1235 19.957928
726 1403 45.894958
1518 1462 4.197830
1065 1289 10.929996
1078 1301 12.675112
1291 1575 25.995375
1290 1348 9.959914
1575 1293 16.861333
1238 1182 4.216406
1181 1295 13.952262
1823 1178 144.635857
1601 1189 125.202638
1463 1407 4.201620
1124 1349 12.682738
1574 1405 9.037464
1857 1582 29.813536
419 1404 138.291872
1177 1177 0.000000
1403 1573 12.587538
1740 1460 14.964219
1345 1233 5.483798
1625 1459 12.573248
1357 1413 4.208011
1075 1636 28.559364
1962 1346 33.716753
1566 1516 39.742141
1566 1292 42.983828
142 1637 103.911335
1347 1461 13.785859
1132 1188 4.215617
1075 1133 9.997929
1910 1574 18.775989
319 1580 146.713541
445 1236 58.316908
1135 1358 12.682716
1605 1470 134.047170
383 1517 100.980854
1122 1402 14.078416
1476 1478 12.486696
1125 1294 12.646089
427 1525 137.565889
1176 1406 39.869167
1295 1463 8.891660
961 1351 24.982026
1601 1350 149.232213
1525 1581 4.192091
1183 1239 4.215637
1306 1524 39.372420
1295 1519 11.136993
334 1238 73.358923
1463 1518 4.197111
1356 1469 8.408498
1176 1234 10.018307
122 1291 92.327065
627 1245 32.513935
123 1290 84.617791
391 1347 54.103822
786 1235 23.082060
952 1403 29.149416
864 1462 121.215391
1344 1289 9.959935
1021 1301 14.048994
1406 1575 9.037457
1176 1348 23.878826
1127 1293 12.646106
1126 1182 4.216402
1353 1295 9.959914
786 1178 19.724521
1189 1189 0.000000
1296 1407 8.418965
1350 1349 6.361991
1407 1405 12.620636
1805 1582 13.426023
1068 1404 16.446002
123 1177 76.996660
1176 1573 34.394665
1404 1460 4.202356
1287 1233 9.998866
1291 1459 8.891660
1021 1413 19.458951
1524 1636 5.791007
1347 1346 6.363010
725 1516 58.822840
1350 1292 9.958972
1099 1637 134.972788
417 1461 129.874896
1021 1188 8.815661
1187 1133 10.017376
1630 1574 4.189504
1636 1580 4.188815
184 1236 125.331021
1360 1358 12.724569
1189 1470 14.136940
877 1517 158.114736
1290 1402 5.516006
864 1478 34.273858
1068 1294 16.860174
1301 1525 11.136993
585 1406 120.283181
1297 1463 17.876782
1946 1351 113.349333
1068 1350 16.720201
1526 1581 9.605287
2178 1239 115.743371
793 1524 42.311998
400 1519 58.713939
1126 1238 5.458805
361 1518 123.293971
740 1469 36.303618
1682 1234 22.647597
383 1291 84.168121
1077 1245 8.801180
1513 1290 12.794410
92 1347 97.524622
391 1235 48.997497
1062 1403 35.972382
2217 1462 87.175409
1573 1289 25.995375
1021 1301 14.048994
1297 1575 20.998110
30 1348 91.286927
400 1293 50.443540
1183 1182 6.427989
1296 1295 6.399766
615 1178 33.901274
1189 1189 0.000000
1129 1407 16.734130
1461 1349 5.560799
470 1405 109.351260
1018 1582 37.522534
633 1404 89.658958
1120 1177 10.018326
1742 1573 12.560470
1182 1460 21.047832
334 1233 55.326925
1347 1459 5.560799
1187 1413 16.847833
1187 1636 23.251630
1063 1346 21.071059
254 1516 93.441122
1348 1292 4.211913
1415 1637 16.769499
1517 1461 4.197095
1021 1188 8.815661
1074 1133 16.259905
749 1574 105.843037
1470 1580 13.565386
1176 1236 22.656404
1137 1358 22.129000
1413 1470 4.201620
204 1517 72.822915
1569 1402 12.586821
56 1478 88.444809
1239 1294 4.214085
1300 1525 12.794907
1407 1406 6.310175
334 1463 85.872994
1238 1351 8.425898
5 1350 104.049134
1469 1581 5.697001
1127 1239 5.458805
1581 1524 4.191436
2138 1519 106.791110
1405 1238 8.846086
1350 1518 8.956035
1356 1469 8.408498
778 1234 55.159106
1459 1291 8.891660
1246 1245 6.421675
1401 1290 8.418196
1175 1347 23.878836
1058 1235 55.190458
1403 1403 0.000000
1629 1462 9.143210
1234 1289 4.214069
1301 1301 0.000000
419 1575 133.668419
1067 1348 14.048764
1182 1293 8.430480
1125 1182 10.018305
1656 1295 142.197044
2018 1178 47.358292
1077 1189 5.464996
1294 1407 8.418196
1405 1349 4.207262
5 1405 106.617330
1581 1582 6.060951
1347 1404 9.901433
1122 1177 4.215617
1630 1573 9.466106
1180 1460 14.137165
1344 1233 8.425898
898 1459 28.274209
1301 1413 5.516006
1075 1636 28.559364
1402 1346 4.207294
1292 1516 11.136993
1461 1292 8.891667
1632 1637 29.661085
203 1461 69.867884
1186 1188 12.856987
1134 1133 6.421675
1686 1574 5.905999
427 1580 146.438608
1460 1236 11.044596
1302 1358 4.211154
929 1470 126.661835
1966 1517 25.805674
1176 1402 16.847833
1198 1478 14.136950
1125 1294 12.646089
1411 1525 13.686449
265 1406 134.280886
1576 1463 8.388242
1296 1351 9.959935
1795 1350 29.469142
1636 1581 4.188858
1125 1239 13.963362
1467 1524 9.724551
697 1519 116.987487
1351 1238 8.425898
1632 1518 13.423207
1306 1469 35.789173
1514 1234 14.227929
1002 1291 62.420274
1243 1245 12.842383
1449 1290 60.636115
1566 1347 33.098854
254 1235 87.920591
1347 1403 4.207278
1293 1462 8.891667
1122 1289 8.800813
1246 1301 4.214085
472 1575 116.801578
1291 1348 4.211154
697 1293 124.143818
1129 1182 16.295080
678 1295 32.233954
1347 1178 8.816010
1075 1189 13.952259
418 1407 121.083260
1574 1349 12.866287
1348 1405 9.901433
1191 1582 21.644712
1293 1404 8.418196
1229 1177 29.046394
1293 1573 14.351300
254 1460 92.976056
1962 1233 40.026894
422 1459 154.872203
1358 1413 4.207278
1750 1636 13.079412
30 1346 88.935972
1740 1516 11.835001
1350 1292 9.958972
1811 1637 32.660111
422 1461 150.152668
1077 1188 8.430477
1075 1133 9.997929
1686 1574 5.905999
1186 1580 21.644712
1002 1236 65.029296
1360 1358 12.724569
1189 1470 14.136940
1569 1517 27.623374
1513 1402 8.398044
1478 1478 0.000001
749 1294 98.008670
1919 1525 23.240997
345 1406 57.162835
1407 1463 4.201620
1126 1351 12.682727
334 1350 77.550148
1317 1581 99.208710
360 1239 106.405514
1074 1524 25.467661
361 1519 118.827895
1181 1238 4.215654
1464 1518 9.724551
1356 1469 8.408498
1515 1234 16.802628
1656 1291 149.000232
1246 1245 6.421675
1058 1290 52.499227
1182 1347 23.878826
122 1235 88.441413
418 1403 138.291859
1630 1462 9.143522
92 1289 91.183825
1081 1301 27.904501
606 1575 112.844648
1405 1348 9.901433
1463 1293 12.619525
324 1182 119.883283
905 1295 21.488512
1514 1178 16.601994
1246 1189 4.215637
1886 1407 128.529540
361 1349 123.588148
1463 1405 9.822743
1472 1582 13.565386
203 1404 67.107097
1902 1177 43.483863
720 1573 88.909189
445 1460 66.922966
496 1233 63.439897
1459 1459 0.000001
1246 1413 8.846079
1632 1636 23.745496
1401 1346 4.207262
1350 1516 12.603838
1124 1292 8.801188
1637 1637 0.000000
1068 1461 19.501702
1246 1188 10.018327
1246 1133 8.432023
2178 1574 98.059375
1636 1580 4.188815
422 1236 142.586726
1243 1358 19.957928
1919 1470 25.128193
1519 1517 12.318913
361 1402 135.305577
1430 1478 49.846382
1405 1294 8.418965
319 1525 139.048957
46 1406 104.753573
122 1463 109.882457
30 1351 95.407150
1238 1350 5.483798
151 1581 139.429314
1409 1239 17.949999
1354 1524 17.780446
458 1519 56.884897
786 1238 33.632524
458 1518 58.771681
13 1469 111.518283
146 1234 122.388448
5 1291 100.169094
186 1245 122.973507
230 1290 106.506434
44 1347 105.788603
470 1235 116.541066
5 1403 105.665365
1572 1462 13.565405
1063 1289 16.860182
1186 1301 20.016967
1801 1575 16.747171
73 1348 78.091512
1292 1293 6.398740
105 1182 76.628312
419 1295 121.742815
954 1178 10.980599
13 1189 97.467249
315 1407 139.908195
8 1349 91.619629
793 1405 37.664792
877 1582 148.727319
1579 1404 41.094278
2095 1177 112.112770
44 1573 119.875167
142 1460 122.452204
841 1233 19.589846
44 1459 111.146031
319 1413 134.496239
13 1636 120.434577
230 1346 106.784276
203 1516 72.726087
89 1292 112.578377
360 1637 92.224676
30 1461 98.030653
1073 1188 20.016945
254 1133 52.213778
84 1574 128.652614
1353 1580 21.814424
307 1236 111.634237
319 1358 130.421864
830 1470 151.962806
1910 1517 21.828144
92 1402 98.778011
361 1478 62.266323
1601 1294 151.440437
1413 1525 5.620987
231 1406 121.066058
1939 1463 124.336945
1518 1351 8.955691
1405 1350 4.207294
1468 1581 8.387548
361 1239 111.075794
966 1524 30.372349
275 1519 135.283317
417 1238 117.553831
1461 1518 9.724551
1411 1469 9.821819
1234 1234 0.000000
1624 1291 25.173937
1601 1245 126.674180
1123 1290 8.801188
441 1347 75.592398
1122 1235 8.432056
2015 1403 35.988708
1461 1462 6.242950
1120 1289 12.646106
1601 1301 122.518243
268 1575 149.085432
1123 1348 12.682219
1127 1293 12.646106
1239 1182 4.215637
1239 1295 4.214085
1176 1178 12.857008
1044 1189 147.444782
1294 1407 8.418196
1293 1349 4.211138
1575 1405 12.587538
1356 1582 16.791274
521 1404 91.068072
1008 1177 12.641417
203 1573 75.564763
1009 1460 29.152340
1960 1233 39.186967
1347 1459 5.560799
1379 1413 135.821872
13 1636 120.434577
1601 1346 142.281652
1176 1516 30.298968
887 1292 88.193157
227 1637 144.093474
1684 1461 13.082219
1299 1188 8.429697
1858 1133 40.494018
1798 1574 12.116997
324 1580 152.887682
1062 1236 36.254406
1191 1358 12.641417
1301 1470 8.891660
5 1517 112.226163
1849 1402 24.576273
1702 1478 11.603000
1942 1294 127.229107
1302 1525 12.794410
1886 1406 126.467422
1574 1463 8.388242
1183 1351 8.815645
400 1350 52.146870
1358 1581 12.866750
1071 1239 8.800820
961 1524 33.534836
1128 1519 19.590485
1350 1238 5.483798
1351 1518 8.955691
1300 1469 8.891675
777 1234 60.976727
417 1291 130.059977
1189 1245 4.216389
1459 1290 8.892013
1566 1347 33.098854
447 1235 47.367471
1966 1403 35.150935
84 1462 123.155819
1399 1289 13.863647
1132 1301 12.646089
1744 1575 12.560484
1068 1348 14.048993
472 1293 115.920628
1295 1182 8.429697
1185 1295 13.952262
391 1178 45.288909
627 1189 30.985728
1241 1407 12.632612
1406 1349 9.901433
1519 1405 13.686449
1357 1582 12.866750
1176 1404 27.813982
122 1177 81.730771
606 1573 101.841792
1349 1460 8.409240
441 1233 62.637315
1235 1459 11.044596
1081 1413 30.422700
1636 1636 0.000000
1684 1346 21.085438
383 1516 96.344930
1067 1292 12.675622
986 1637 131.620880
470 1461 113.535699
1131 1188 10.018305
966 1133 12.632337
1461 1574 8.387533
684 1580 44.847903
88 1236 112.436675
1134 1358 10.942603
1360 1470 13.785840
58 1517 113.693396
1459 1402 4.202356
258 1478 66.587324
1406 1294 5.516006
1834 1525 128.186680
248 1406 64.312493
2178 1463 104.889660
361 1351 115.118607
1406 1350 4.208027
1358 1581 12.866750
1632 1239 21.776915
1470 1524 9.724571
361 1519 118.827895
1181 1238 4.215654
400 1518 59.609224
851 1469 31.833811
951 1234 21.062938
419 1291 137.052951
627 1245 32.513935
1347 1290 4.211913
122 1347 93.342738
503 1235 43.104183
445 1403 62.809532
1946 1462 105.080891
445 1289 51.297549
1187 1301 13.952262
2178 1575 99.282852
1293 1348 9.959914
184 1293 129.207691
678 1182 25.566350
133 1295 69.268692
123 1178 79.660137
1246 1189 4.215637
1182 1407 12.704093
864 1349 126.133996
209 1405 78.878768
1834 1582 125.593194
1462 1404 9.821799
1401 1177 10.981007
1406 1573 12.587523
1566 1460 37.317460
1513 1233 14.227929
1348 1459 8.408482
1414 1413 6.310175
1191 1636 29.225384
460 1346 75.592414
92 1516 109.030175
1124 1292 8.801188
1413 1637 11.411995
1405 1461 4.201604
1132 1188 4.215617
964 1133 8.845719
92 1574 115.467304
1804 1580 12.116997
1068 1236 8.801188
1411 1358 16.082904
1302 1470 8.891660
418 1517 134.071565
445 1402 59.278928
411 1478 57.527260
1181 1294 8.430480
1638 1525 8.378816
1350 1406 4.208027
1464 1463 6.243929
1575 1351 11.257800
1293 1350 4.211170
1747 1581 12.559854
1351 1239 5.483798
1636 1524 5.791007
2095 1519 109.883944
1240 1238 12.843347
324 1518 132.926968
2000 1469 120.719088
445 1234 50.598985
1235 1291 4.214085
1022 1245 12.682721
1178 1290 5.465001
1852 1347 28.067954
1573 1235 20.932383
125 1403 83.523165
1686 1462 11.603000
1178 1289 8.429697
1245 1301 4.214834
5 1575 115.625676
1347 1348 6.361991
1068 1293 12.675112
1407 1182 12.704093
418 1295 117.273863
1910 1178 43.483858
1301 1189 5.465001
1295 1407 5.516006
1517 1349 8.955683
1842 1405 67.979821
1749 1582 9.433324
1402 1404 12.621604
441 1177 62.969813
1687 1573 13.260995
1799 1460 25.092310
1232 1233 6.421697
391 1459 59.330325
1300 1413 8.418965
2009 1636 88.073948
1232 1346 13.918925
58 1516 115.369505
1462 1292 12.618777
1642 1637 29.661065
92 1461 107.735576
1300 1188 5.465001
1077 1133 4.214834
1350 1574 11.257800
1098 1580 138.777273
1177 1236 16.295081
1190 1358 8.815645
1379 1470 131.727371
1689 1517 22.722469
776 1402 73.100316
1817 1478 25.091674
749 1294 98.008670
1132 1525 21.550416
345 1406 57.162835
1128 1463 17.692358
1128 1351 12.682727
2124 1350 77.454183
1411 1581 12.586836
1073 1239 18.023199
1357 1524 8.955705
422 1519 142.249105
1181 1238 4.215654
1993 1518 117.860704
697 1469 84.650750
1344 1234 13.918925
1404 1291 8.418949
1076 1245 8.800836
92 1290 93.726242
391 1347 54.103822
470 1235 116.541066
1403 1403 0.000000
1407 1462 9.822723
1513 1289 11.136993
1190 1301 8.429697
1576 1575 6.060971
1238 1348 13.918944
422 1293 141.373461
1012 1182 17.999589
1241 1295 9.998856
203 1178 57.468787
1021 1189 8.816002
1075 1407 30.423544
1792 1349 37.935695
1068 1405 17.646779
1811 1582 31.282119
1406 1404 12.620636
125 1177 68.982948
1347 1573 16.791289
291 1460 62.810099
1233 1233 0.000000
1236 1459 12.740362
1412 1413 6.311186
1973 1636 20.150625
441 1346 71.027500
1798 1516 17.358401
1067 1292 12.675622
1191 1637 25.655760
725 1461 59.490318
1246 1188 10.018327
1021 1133 5.483803
1629 1574 4.188843
1244 1580 16.741598
1291 1236 4.214085
1301 1358 4.211154
1246 1470 11.044596
1128 1517 25.013785
1514 1402 5.620987
1644 1478 12.573233
116 1294 122.082676
1414 1525 8.398044
845 1406 28.305867
1406 1463 4.201620
1353 1351 12.724569
30 1350 93.975527
427 1581 141.743728
1129 1239 13.963362
1919 1524 25.832595
400 1519 58.713939
1296 1238 16.260875
1629 1518 8.379517
1357 1469 5.560799
1402 1234 8.846086
418 1291 133.767459
1022 1245 12.682721
500 1290 54.248048
606 1347 85.540215
123 1235 83.498886
749 1403 117.799725
1631 1462 12.573248
254 1289 95.934683
1025 1301 26.279892
2098 1575 99.684656
1517 1348 12.604556
1294 1293 6.399766
640 1182 112.428375
794 1295 29.530302
1625 1178 23.251630
911 1189 16.760405
1407 1407 0.000000
585 1349 126.904864
1351 1405 9.901454
1360 1582 16.791274
92 1404 103.905988
859 1177 114.569242
1884 1573 119.507446
1062 1460 40.018855
607 1233 66.284944
1066 1459 19.501863
1076 1413 17.647150
1243 1636 21.776906
897 1346 22.894377
1684 1516 9.272815
1629 1292 18.031731
1526 1637 8.378816
1176 1461 31.782844
1243 1188 10.018307
1243 1133 13.963402
363 1574 136.788665
986 1580 141.002651
383 1236 84.665740
1136 1358 16.856966
1187 1470 21.047077
1742 1517 13.234074
307 1402 123.991712
427 1478 93.553609
1574 1294 14.351518
81 1525 94.717173
186 1406 133.047246
30 1463 100.819355
84 1351 116.117212
1009 1350 35.997390
118 1581 135.865674
1519 1239 14.227924
488 1524 161.752098
297 1519 68.750612
1129 1238 20.036612
115 1518 133.552661
84 1469 107.735793
1463 1234 33.614840
44 1291 103.959687
273 1245 132.511441
1799 1290 37.623275
60 1347 117.899215
12 1235 102.738308
60 1403 120.365769
1354 1462 25.829838
841 1289 22.066501
1130 1301 23.921529
1354 1575 21.814406
367 1348 146.282948
1184 1293 20.016988
43 1182 105.601260
44 1295 109.427853
729 1178 23.251342
17 1189 92.040190
367 1407 141.835294
32 1349 85.683393
418 1405 130.119611
1074 1582 33.348914
1799 1404 25.399931
1202 1177 160.713973
319 1573 149.312207
60 1460 122.777065
1063 1233 12.646098
422 1459 154.872203
142 1413 93.701586
84 1636 116.840423
1579 1346 57.038123
12 1516 116.325103
186 1292 124.196625
1074 1637 33.647966
123 1461 99.015741
1129 1188 22.656404
203 1133 67.539800
30 1574 104.946824
1297 1580 20.998841
81 1236 101.524863
81 1358 85.786414
1131 1470 25.262752
2140 1517 99.524235
41 1402 117.416565
175 1478 73.528519
585 1294 117.390651
1522 1525 18.474826
1350 1406 4.208027
1741 1463 17.183369
1181 1351 12.641417
5 1350 104.049134
1637 1581 4.189490
400 1239 45.392598
1411 1524 8.398044
422 1519 142.249105
1237 1238 6.420689
1463 1518 4.197111
1636 1469 9.143216
1401 1234 8.846071
1233 1291 16.259884
1156 1245 150.954493
1401 1290 8.418196
1823 1347 136.829708
1286 1235 28.980076
894 1403 42.924471
1573 1462 8.387533
1455 1289 17.877662
1188 1301 8.430480
114 1575 134.941137
1458 1348 13.785859
1295 1293 12.798322
1126 1182 4.216402
1462 1295 12.619509
1287 1178 20.016009
1156 1189 147.856901
1405 1407 12.620636
1350 1349 6.361991
1127 1405 16.734142
1467 1582 19.322109
278 1404 104.926198
122 1177 81.730771
1629 1573 4.188815
1177 1460 21.047061
1679 1233 25.807663
1514 1459 4.197830
1300 1413 8.418965
84 1636 116.840423
1488 1346 150.527982
280 1516 99.377980
606 1292 92.599330
81 1637 100.264154
1685 1461 11.603000
1355 1188 12.641400
905 1133 27.698505
1792 1574 36.629619
5 1580 116.058940
1632 1236 34.264792
1359 1358 6.362968
1022 1470 21.987205
1962 1517 30.153469
1403 1402 6.311165
1478 1478 0.000001
793 1294 29.529759
142 1525 98.739194
265 1406 134.280886
1352 1463 8.409225
422 1351 138.296065
88 1350 120.285447
1636 1581 4.188858
1295 1239 4.214085
1098 1524 136.665107
1353 1519 12.604556
1406 1238 8.846439
319 1518 149.933469
1357 1469 5.560799
1825 1234 136.895690
123 1291 87.350223
460 1245 41.405067
254 1290 92.038638
1068 1347 16.720767
391 1235 48.997497
1175 1403 27.813071
41 1462 120.163513
125 1289 74.208118
1414 1301 8.418196
1292 1575 20.998110
606 1348 91.101115
864 1293 122.326942
1238 1182 4.216406
1069 1295 16.860174
1068 1178 13.953166
853 1189 16.601501
1297 1407 13.863637
1067 1349 16.720779
1629 1405 11.411995
1356 1582 16.791274
265 1404 139.204138
1711 1177 149.014200
720 1573 88.909189
383 1460 92.147106
469 1233 121.236944
1569 1459 13.565405
1414 1413 6.310175
1411 1636 12.960834
1232 1346 13.918925
1962 1516 27.519139
1406 1292 13.863637
1636 1637 5.943770
84 1461 124.608889
966 1188 16.847572
1131 1133 12.842383
1462 1574 5.697001
1601 1580 121.533795
106 1236 89.940336
1245 1358 8.425882
1190 1470 14.136940
1462 1517 4.197126
1570 1402 9.037464
12 1478 97.696486
1350 1294 4.211913
462 1525 54.931506
88 1406 123.477725
1185 1463 21.047077
248 1351 61.195650
1350 1350 0.000001
1471 1581 13.566225
1997 1239 128.412075
1469 1524 4.197141
1601 1519 139.024211
1294 1238 4.214851
2099 1518 97.419559
963 1469 26.537717
1343 1234 19.957908
173 1291 95.975926
1243 1245 12.842383
1625 1290 18.031731
50 1347 81.711393
1068 1235 12.646089
330 1403 87.179113
1293 1462 8.891667
778 1289 53.584297
1132 1301 12.646089
315 1575 148.870848
203 1348 64.483727
361 1293 119.434271
808 1182 111.149178
1239 1295 4.214085
122 1178 84.563242
1190 1189 6.427989
1184 1407 12.704608
1181 1349 8.815637
79 1405 95.944255
1946 1582 118.646802
1237 1404 8.846086
950 1177 22.089013
1293 1573 14.351300
606 1460 93.754395
1399 1233 12.632620
1402 1459 4.202356
1191 1413 16.847833
2001 1636 111.119713
417 1346 137.808453
123 1516 100.124791
1629 1292 18.031731
1523 1637 13.423207
1404 1461 4.201636
1299 1188 8.429697
965 1133 8.846057
30 1574 104.946824
1469 1580 8.387548
914 1236 90.649625
1187 1358 17.998695
1300 1470 12.619525
116 1517 132.381197
1128 1402 37.754552
209 1478 83.918778
1238 1294 4.214851
1301 1525 11.136993
1403 1406 18.929607
116 1463 130.594806
1239 1351 5.483798
585 1350 121.559723
1804 1581 13.425649
1239 1239 0.000000
1411 1524 8.398044
1717 1519 133.274688
1071 1238 12.646089
1629 1518 8.379517
1300 1469 8.891675
1573 1234 25.208408
1290 1291 6.399744
1190 1245 10.018286
1123 1290 8.801188
1967 1347 42.191323
609 1235 66.284944
1514 1403 8.398772
1348 1462 13.785859
1400 1289 8.418965
1356 1301 9.959914
383 1575 109.872798
785 1348 33.575342
1124 1293 12.646089
1293 1182 8.430480
417 1295 112.670304
1175 1178 19.285008
1190 1189 6.427989
1296 1407 8.418965
1181 1349 8.815637
142 1405 116.265834
1358 1582 11.257800
1346 1404 16.083883
1346 1177 8.815637
1460 1573 8.388257
1908 1460 24.472990
1402 1233 12.631871
836 1459 51.245725
1245 1413 8.846432
793 1636 47.283339
1625 1346 14.512630
360 1516 127.352976
1237 1292 4.214102
1694 1637 4.187723
418 1461 134.307764
1245 1188 4.215670
1245 1133 5.458805
1293 1574 14.351309
1190 1580 25.046460
1238 1236 12.842361
1076 1358 16.720779
1942 1470 120.669958
1967 1517 27.518800
836 1402 47.070086
419 1478 64.426130
1350 1294 4.211913
1524 1525 6.160746
1176 1406 39.869167
1241 1463 16.832478
1351 1351 0.000001
1094 1350 153.834227
1917 1581 18.775989
1015 1239 10.942608
1301 1524 12.794907
1576 1519 4.192106
1294 1238 4.214851
2210 1518 99.663357
307 1469 83.542287
1287 1234 16.259873
1290 1291 6.399744
1022 1245 12.682721
469 1290 115.920612
1068 1347 16.720767
1008 1235 22.129003
381 1403 97.295634
1519 1462 9.724551
1625 1289 16.928000
1077 1301 10.929996
596 1575 167.439652
1460 1348 5.560799
419 1293 130.060003
1016 1182 12.641400
1353 1295 9.959914
1287 1178 20.016009
1132 1189 10.018305
403 1407 57.842124
1798 1349 24.128780
1516 1405 8.398044
250 1582 74.215199
1124 1404 14.078639
1287 1177 13.952271
1742 1573 12.560470
122 1460 101.165335
1462 1233 33.613900
419 1459 145.847345
1078 1413 17.646779
1862 1636 16.777149
122 1346 90.519070
1405 1516 8.398044
1292 1292 0.000000
1645 1637 47.301613
1902 1461 46.626771
1022 1188 12.641417
1131 1133 12.842383
1742 1574 9.433610
962 1580 31.899089
864 1236 130.651363
1136 1358 16.856966
1136 1470 20.855701
445 1517 75.010637
1625 1402 12.960834
1366 1478 5.560799
204 1294 61.565916
1074 1525 29.166078
794 1406 37.664792
116 1463 130.594806
1296 1351 9.959935
204 1350 64.324897
2099 1581 107.369001
1407 1239 8.846079
1021 1524 25.018094
1601 1519 139.024211
1351 1238 8.425898
1293 1518 12.794907
1413 1469 4.202340
1684 1234 25.807208
50 1291 79.160654
1301 1245 4.214834
609 1290 65.142542
1068 1347 16.720767
470 1235 116.541066
50 1403 84.663873
1294 1462 8.892013
1235 1289 9.998856
1078 1301 12.675112
1176 1575 45.332135
1518 1348 17.781331
1404 1293 8.418196
88 1182 112.583807
345 1295 51.018500
1007 1178 23.878826
1022 1189 8.815645
794 1407 34.322517
429 1349 142.069619
319 1405 142.739156
1302 1582 14.351304
122 1404 100.136876
1678 1177 33.412066
1886 1573 114.872298
1128 1460 30.376236
280 1233 74.656292
1349 1459 13.785859
970 1413 38.765135
1642 1636 35.561794
1290 1346 4.211170
1406 1516 13.686449
1519 1292 21.930246
1974 1637 20.150394
606 1461 99.280082
1190 1188 12.857008
1022 1133 8.425886
1128 1574 25.544133
1137 1580 38.599981
278 1236 96.624190
1186 1358 23.878826
1645 1470 46.442025
1743 1517 16.741345
585 1402 141.424017
1098 1478 78.197081
1294 1294 0.000000
275 1525 147.564758
43 1406 116.513044
13 1463 113.811505
13 1351 108.250707
422 1350 142.069722
90 1581 133.027507
1407 1239 8.846079
226 1524 138.154830
207 1519 74.485814
1182 1238 4.216406
87 1518 130.113351
1379 1469 137.075812
953 1234 14.078015
307 1291 115.753124
432 1245 143.999259
1579 1290 54.911493
69 1347 86.980490
793 1235 43.911391
307 1403 120.092755
230 1462 126.088301
837 1289 33.666465
1128 1301 36.254416
1572 1575 18.173412
445 1348 62.535565
1068 1293 12.675112
34 1182 77.035439
1462 1295 12.619509
1292 1178 13.953168
123 1189 109.513182
1186 1407 22.089199
106 1349 92.460698
12 1405 110.364004
1075 1582 29.529602
644 1404 149.084434
2217 1177 86.725808
81 1573 115.208816
44 1460 112.801194
1240 1233 44.946159
81 1459 114.004646
60 1413 103.986838
123 1636 127.922835
644 1346 158.914660
418 1516 138.497470
132 1292 70.441562
1354 1637 25.858591
417 1461 129.874896
830 1188 138.524141
231 1133 123.981338
13 1574 119.440496
1242 1580 20.932383
60 1236 111.814319
142 1358 89.825682
1074 1470 29.476576
1690 1517 28.326876
13 1402 109.713645
256 1478 69.207966
324 1294 124.321431
1638 1525 8.378816
116 1406 127.578714
998 1463 110.579623
1238 1351 8.425898
32 1350 86.286619
1412 1581 9.037471
248 1239 55.740196
1412 1524 5.620987
725 1519 74.001837
41 1238 109.141440
1349 1518 12.604556
793 1469 41.784925
1290 1234 4.214102
1792 1291 33.560408
1299 1245 9.997929
1121 1290 12.645338
122 1347 93.342738
1287 1235 22.605721
614 1403 50.191781
1630 1462 9.143522
1231 1289 16.260875
1132 1301 12.646089
998 1575 110.843687
1234 1348 13.918944
955 1293 20.838255
1183 1182 6.427989
1183 1295 5.465001
1007 1178 23.878826
1187 1189 12.857008
1574 1407 12.587523
50 1349 82.774739
1236 1405 12.632612
1915 1582 25.145424
1902 1404 46.149060
1175 1177 12.857019
50 1573 93.959647
1063 1460 34.561320
1513 1233 14.227929
1402 1459 4.202356
1356 1413 9.901433
1636 1636 0.000000
1772 1346 125.755714
391 1516 65.523520
776 1292 82.793319
307 1637 88.835636
1629 1461 9.143196
1074 1188 13.952240
1131 1133 12.842383
1741 1574 9.433330
361 1580 100.730609
1236 1236 0.000000
1412 1358 9.901454
1413 1470 4.201620
422 1517 150.715410
1347 1402 4.208027
1364 1478 13.786707
1406 1294 5.516006
1470 1525 4.197111
2098 1406 106.076479
1408 1463 9.822743
1018 1351 25.282817
324 1350 124.522385
793 1581 46.389341
1128 1239 8.432039
1834 1524 127.117531
1130 1519 25.013785
1656 1238 149.254734
275 1518 131.616712
1189 1469 14.137160
672 1234 30.745290
864 1291 134.568514
1246 1245 6.421675
122 1290 89.458852
836 1347 48.209277
1403 1235 8.846079
726 1403 45.894958
472 1462 118.577842
1122 1289 8.800813
1137 1301 23.921529
1686 1575 8.375317
391 1348 56.603635
615 1293 50.280832
1183 1182 6.427989
1126 1295 12.646089
1403 1178 12.704597
1246 1189 4.215637
1126 1407 16.734130
1403 1349 9.901454
1348 1405 9.901433
1301 1582 14.351304
606 1404 95.204253
30 1177 80.307471
898 1573 38.284365
419 1460 142.403330
777 1233 55.160011
1740 1459 17.183359
1074 1413 25.278004
1525 1636 8.379517
1348 1346 12.724590
419 1516 142.681894
1629 1292 18.031731
361 1637 96.517204
41 1461 120.466589
1078 1188 13.952259
1078 1133 9.998835
1404 1574 12.586821
685 1580 45.281342
1124 1236 5.458805
1300 1358 9.959935
1527 1470 9.724571
1294 1517 12.794907
1066 1402 16.446002
216 1478 70.117081
1125 1294 12.646089
1189 1525 16.601994
106 1406 91.402141
315 1463 143.783585
88 1351 121.103729
1129 1350 22.128982
1637 1581 4.189490
1186 1239 22.656404
1413 1524 8.398787
1994 1519 117.883440
1240 1238 12.843347
248 1518 69.885475
854 1469 31.834091
727 1234 29.621169
859 1291 103.856090
1942 1245 133.131272
898 1290 19.501808
1348 1347 6.361991
836 1235 45.561694
386 1403 74.793112
184 1462 137.656080
1058 1289 46.241292
1131 1301 18.024096
1185 1575 25.046473
1348 1348 0.000001
585 1293 122.722928
1126 1182 4.216402
1127 1295 8.800820
41 1178 106.454752
853 1189 16.601501
1409 1407 12.620636
1351 1349 12.724569
13 1405 110.870194
1189 1582 19.724322
1517 1404 8.398044
1065 1177 5.464996
1684 1573 8.375331
1068 1460 19.501863
469 1233 121.236944
1514 1459 4.197830
1135 1413 16.734118
1074 1636 30.567246
1177 1346 8.815637
203 1516 72.726087
1686 1292 21.949842
1472 1637 17.519929
1518 1461 9.724551
1524 1188 16.601994
909 1133 11.044704
50 1574 94.737693
1973 1580 23.791136
606 1236 88.476648
1132 1358 16.856966
1134 1470 16.503401
749 1517 107.818891
205 1402 72.604672
79 1478 86.023217
1183 1294 8.429697
1356 1525 12.604556
265 1406 134.280886
418 1463 125.284686
1294 1351 4.211154
248 1350 62.063481
1635 1581 9.465249
1296 1239 9.998876
1524 1524 0.000000
1886 1519 123.114810
1128 1238 13.964290
1519 1518 6.159759
1076 1469 19.501706
1058 1234 48.849891
1123 1291 8.800820
1245 1245 0.000000
1121 1290 12.645338
2018 1347 38.616522
500 1235 54.267287
1180 1403 12.704597
1519 1462 9.724551
1065 1289 10.929996
1638 1301 18.031731
1018 1575 33.575744
898 1348 25.422601
1348 1293 9.959914
1464 1182 16.760334
204 1295 61.883765
1852 1178 36.862950
1134 1189 4.215634
1239 1407 8.846079
1463 1349 13.785840
81 1405 106.171579
1526 1582 4.191407
942 1404 92.079300
203 1177 58.817721
1741 1573 9.433318
1795 1460 18.763658
1007 1233 16.857734
1347 1459 5.560799
1527 1413 13.686449
966 1636 35.674335
1287 1346 16.189258
1068 1516 22.066990
1517 1292 12.794410
763 1637 140.983962
79 1461 99.640373
1297 1188 20.016947
1301 1133 8.801180
1684 1574 13.261013
1805 1580 13.425649
1063 1236 30.034239
1300 1358 9.959935
1503 1470 133.714039
2018 1517 29.058022
607 1402 78.789850
1476 1478 12.486696
1407 1294 8.418196
1525 1525 0.000000
845 1406 28.305867
1432 1463 146.479498
1183 1351 8.815645
1853 1350 26.799603
1578 1581 18.172483
1409 1239 17.949999
1523 1524 6.159759
1463 1519 4.197111
1238 1238 0.000000
1487 1518 141.738183
1301 1469 8.892006
1399 1234 17.949989
1066 1291 12.675622
1360 1245 19.957887
122 1290 89.458852
503 1347 48.027457
1459 1235 11.044596
1292 1403 8.418949
1125 1462 17.691998
1347 1289 9.959914
1301 1301 0.000000
1630 1575 4.188829
1349 1348 6.363010
1962 1293 40.197429
1073 1182 20.015997
1185 1295 13.952262
1823 1178 144.635857
1131 1189 16.296095
1465 1407 9.822723
1127 1349 16.856966
1407 1405 12.620636
1187 1582 25.046473
50 1404 85.189311
1343 1177 17.999589
1350 1573 12.866287
470 1460 118.577826
1063 1233 12.646098
1291 1459 8.891660
1132 1413 16.734130
1469 1636 9.143216
1825 1346 131.972418
1237 1516 14.227929
1124 1292 8.801188
2001 1637 111.889196
383 1461 96.784866
1242 1188 16.295081
1132 1133 6.420711
1407 1574 12.587523
1297 1580 20.998841
472 1236 121.237668
1027 1358 35.998284
1300 1470 12.619525
2178 1517 100.106857
1122 1402 14.078416
1590 1478 5.697001
216 1294 103.812791
1358 1525 8.955691
1176 1406 39.869167
203 1463 70.776766
1294 1351 4.211154
116 1350 124.503060
1430 1581 102.889872
1464 1239 12.740858
2126 1524 55.674906
2099 1519 100.281268
1294 1238 4.214851
1686 1518 9.272815
1523 1469 9.723660
1625 1234 19.909461
1825 1291 137.903540
1243 1245 12.842383
336 1290 56.124246
776 1347 74.896332
864 1235 136.664834
30 1403 93.378748
1351 1462 8.409225
246 1289 62.453777
1858 1301 34.360976
898 1575 45.894840
1460 1348 5.560799
1461 1293 8.891652
1184 1182 12.857008
250 1295 60.804227
1287 1178 20.016009
1244 1189 10.018307
1074 1407 25.278004
400 1349 54.103818
44 1405 112.357424
1303 1582 16.861333
417 1404 130.119596
422 1177 141.639209
1990 1573 113.695857
1461 1460 6.243950
836 1233 34.494611
1460 1459 6.242950
1360 1413 16.082883
907 1636 37.381467
952 1346 21.458385
1742 1516 16.741345
1067 1292 12.675622
1752 1637 18.410177
754 1461 139.489729
627 1188 29.095086
1360 1133 22.128963
1297 1574 25.995375
1099 1580 144.416288
521 1236 88.925810
911 1358 22.894650
1074 1470 29.476576
1628 1517 8.378816
1601 1402 141.643096
419 1478 64.426130
1240 1294 9.998856
1603 1525 125.724640
105 1406 86.995013
203 1463 70.776766
123 1351 99.864683
1962 1350 39.031758
152 1581 139.888199
1354 1239 19.957928
1355 1524 12.604556
115 1519 133.176056
672 1238 46.749779
207 1518 75.845549
1605 1469 137.641723
1236 1234 12.842361
60 1291 114.877808
26 1245 104.592119
644 1290 154.832483
275 1347 111.209900
334 1235 61.688855
44 1403 109.290669
1799 1462 18.763948
1236 1289 16.259863
1242 1301 22.605710
430 1575 154.855020
1128 1348 27.882531
1182 1293 8.430480
46 1182 94.222254
422 1295 134.150942
1182 1178 25.715003
84 1189 93.838390
73 1407 82.766884
184 1349 131.670126
254 1405 85.262350
830 1582 152.375587
1354 1404 34.952255
2180 1177 97.356193
1462 1573 8.387533
275 1460 119.537194
896 1233 17.692458
319 1459 138.028637
81 1413 89.329212
417 1636 100.184464
1799 1346 37.935695
254 1516 93.441122
105 1292 86.276339
1187 1637 25.655760
84 1461 124.608889
1184 1188 25.713973
1075 1133 9.997929
203 1574 75.799351
1128 1580 33.632397
319 1236 131.504083
60 1358 100.289367
1187 1470 21.047077
2018 1517 29.058022
30 1402 92.209582
387 1478 150.741498
248 1294 58.848201
1634 1525 19.060729
79 1406 93.848135
1575 1463 5.697001
1349 1351 12.724569
383 1350 97.851045
58 1581 102.919878
184 1239 126.515052
231 1524 142.427226
44 1519 120.397533
1405 1238 8.846086
1573 1518 9.605307
1299 1469 12.618793
1288 1234 9.998856
1177 1291 13.952242
1434 1245 132.427738
1235 1290 4.214851
204 1347 66.661366
954 1235 14.078248
1910 1403 30.822430
1404 1462 9.821799
1511 1289 16.813587
1133 1301 8.801180
713 1575 140.984178
1066 1348 16.720767
1237 1293 4.214069
1463 1182 14.136940
1296 1295 6.399766
469 1178 112.327211
961 1189 27.813832
1238 1407 12.632612
1180 1349 8.815653
1573 1405 9.037450
1523 1582 15.541430
859 1404 99.192206
30 1177 80.307471
1348 1573 12.866771
615 1460 50.645632
1572 1233 25.207656
951 1459 33.328766
596 1413 145.248514
56 1636 98.669770
1992 1346 123.881762
606 1516 97.819805
607 1292 86.982121
275 1637 153.355313
1350 1461 8.408482
1188 1188 0.000000
1191 1133 16.296074
1740 1574 12.559840
227 1580 144.689429
157 1236 82.759366
1078 1358 14.048764
1356 1470 13.785840
8 1517 100.077853
1514 1402 5.620987
1533 1478 4.197814
1407 1294 8.418196
1413 1525 5.620987
2095 1406 114.251570
1577 1463 13.565386
1463 1351 5.560799
1994 1350 126.030812
1411 1581 12.586836
1070 1239 8.800820
307 1524 87.657940
1242 1519 21.026006
203 1238 59.104605
1630 1518 5.791007
1413 1469 4.202340
506 1234 37.700272
470 1291 115.920596
1243 1245 12.842383
470 1290 120.754581
503 1347 48.027457
1118 1235 32.591186
614 1403 50.191781
1405 1462 4.201636
391 1289 48.709731
1191 1301 13.952262
1350 1575 12.866761
1566 1348 38.996780
808 1293 119.060568
1127 1182 4.215634
1297 1295 12.798322
1118 1178 29.045390
911 1189 16.760405
1351 1407 4.207278
1180 1349 8.815653
1124 1405 16.734130
1527 1582 9.605326
1350 1404 9.900499
1177 1177 0.000000
887 1573 94.552018
521 1460 95.242196
1449 1233 51.960478
1573 1459 13.565405
1858 1413 29.626921
1581 1636 4.188858
727 1346 34.418960
381 1516 105.691691
1347 1292 9.959914
685 1637 47.871556
864 1461 127.345951
964 1188 10.980599
1020 1133 8.425156
1517 1574 4.191421
1418 1580 41.095184
1348 1236 5.483798
1079 1358 16.720779
1246 1470 11.044596
125 1517 93.468575
1123 1402 14.078639
254 1478 74.423183
1129 1294 18.023180
307 1525 84.061238
462 1406 66.682841
1186 1463 26.193171
1182 1351 8.815645
1292 1350 9.958972
1414 1581 12.587508
957 1239 16.733815
1356 1524 8.955683
1744 1519 13.234074
1128 1238 13.964290
88 1518 129.045437
404 1469 55.663350
1567 1234 25.208377
32 1291 82.324591
1246 1245 6.421675
951 1290 25.276993
30 1347 90.061844
447 1235 47.367471
337 1403 61.085744
585 1462 124.394492
723 1289 46.897591
1133 1301 8.801180
217 1575 118.549466
122 1348 96.224115
355 1293 90.955687
291 1182 50.827836
346 1295 51.790223
203 1178 57.468787
911 1189 16.760405
1125 1407 21.063187
1517 1349 8.955683
472 1405 119.397016
1301 1582 14.351304
470 1404 114.390733
1234 1177 4.215621
1348 1573 12.866771
887 1460 87.195057
1287 1233 9.998866
1684 1459 13.081771
1133 1413 14.078634
1667 1636 129.751482
1002 1346 53.817072
472 1516 127.762528
1067 1292 12.675622
1301 1637 16.928000
1181 1461 14.136935
1411 1188 12.704093
743 1133 25.097255
793 1574 43.289583
1806 1580 16.747171
1566 1236 41.222176
1299 1358 16.189268
1638 1470 9.143203
30 1517 101.464727
53 1402 89.368627
470 1478 52.020602
1126 1294 8.801188
1470 1525 4.197111
1176 1406 39.869167
50 1463 90.073796
1353 1351 12.724569
400 1350 52.146870
1470 1581 8.388227
1181 1239 10.018327
1749 1524 13.234074
1547 1519 143.788949
1236 1238 12.842361
81 1518 109.245031
1805 1469 17.813998
337 1234 50.310682
1571 1291 14.351304
1300 1245 4.214118
1457 1290 12.618777
1052 1347 93.948557
337 1235 52.240653
1346 1403 9.901454
1742 1462 14.964219
1290 1289 6.398740
1134 1301 8.800820
725 1575 72.861113
728 1348 37.718048
1125 1293 8.800813
1519 1182 17.770239
116 1295 122.418963
1966 1178 47.813823
1245 1189 4.216389
1183 1407 10.981007
1351 1349 12.724569
2217 1405 88.363420
1861 1582 15.639759
1067 1404 17.647143
1345 1177 8.815653
1797 1573 12.116997
1679 1460 32.321601
1343 1233 13.919847
503 1459 53.106687
1356 1413 9.901433
41 1636 121.597964
1567 1346 21.814388
1629 1516 8.378816
1460 1292 8.892013
2098 1637 105.022103
122 1461 104.066873
1077 1188 8.430477
1300 1133 8.800836
1742 1574 9.433610
1356 1580 11.257800
1127 1236 20.036632
1527 1358 12.604572
1076 1470 21.488426
2071 1517 36.609580
496 1402 76.071596
422 1478 70.840898
1184 1294 13.952262
1299 1525 16.813579
1403 1406 18.929607
2178 1463 104.889660
1294 1351 4.211154
2078 1350 70.858787
1358 1581 12.866750
1407 1239 8.846079
1244 1524 14.227920
1351 1519 8.955691
1127 1238 8.432039
1990 1518 114.098170
400 1469 61.649243
1515 1234 16.802628
1291 1291 0.000000
1190 1245 10.018286
30 1290 86.780762
836 1347 48.209277
1458 1235 12.740869
1176 1403 22.089199
1629 1462 9.143210
1007 1289 21.071836
1360 1301 16.189247
2009 1575 66.682705
1405 1348 9.901433
1488 1293 157.035577
1015 1182 8.815645
627 1295 41.986490
1403 1178 12.704597
1025 1189 23.878826
1125 1407 21.063187
1741 1349 20.449475
1067 1405 20.838569
183 1582 123.466854
749 1404 111.859845
1007 1177 17.999589
1684 1573 8.375331
1769 1460 134.220572
1235 1233 12.842361
1902 1459 37.510453
1187 1413 16.847833
1804 1636 9.629030
1344 1346 12.724569
1517 1516 6.159759
1515 1292 12.794897
169 1637 82.533500
1517 1461 4.197095
1244 1188 4.215621
1322 1133 134.899683
1519 1574 9.605307
907 1580 33.842205
41 1236 109.492596
1077 1358 14.048764
1076 1470 21.488426
363 1517 136.672248
1346 1402 4.207294
1701 1478 13.082200
231 1294 116.454951
1081 1525 33.666754
89 1406 121.197672
1464 1463 6.243929
1240 1351 8.425898
793 1350 33.575892
307 1581 88.166177
1016 1239 12.682732
1811 1524 40.681296
184 1519 140.076305
1241 1238 19.263897
1742 1518 11.835001
1467 1469 12.485800
1567 1234 25.208377
30 1291 87.966157
1360 1245 19.957887
445 1290 54.645277
887 1347 79.636698
92 1235 92.501804
469 1403 114.390749
1349 1462 8.408482
30 1289 85.701687
1132 1301 12.646089
2138 1575 103.578840
1294 1348 16.190255
1518 1293 12.794907
248 1182 53.440719
586 1295 117.391512
1685 1178 29.750630
1190 1189 6.427989
845 1407 30.372274
106 1349 92.460698
60 1405 118.544994
1190 1582 19.724322
470 1404 114.390733
419 1177 136.607861
2098 1573 94.237444
363 1460 139.873067
1176 1233 4.216406
1573 1459 13.565405
1018 1413 29.489105
1871 1636 62.076085
1459 1346 8.409240
1685 1516 9.272518
1516 1292 11.136993
1860 1637 13.666712
810 1461 136.623732
1134 1188 10.018326
1301 1133 8.801180
367 1574 153.829578
361 1580 100.730609
307 1236 111.634237
1189 1358 8.815645
169 1470 74.343494
1516 1517 6.159759
977 1402 148.461939
1589 1478 8.388227
1071 1294 12.675112
60 1525 109.245036
80 1406 98.832380
123 1463 104.795455
50 1351 84.593766
1574 1350 11.257800
120 1581 135.673315
362 1239 115.596002
1944 1524 121.588014
87 1519 130.113351
1407 1238 12.632612
228 1518 137.920121
123 1469 121.289419
1181 1234 22.656404
319 1291 132.545845
43 1245 108.383972
1853 1290 34.360965
293 1347 60.401796
204 1235 61.317872
697 1403 137.986866
644 1462 142.010241
784 1289 26.681427
1298 1301 19.197511
1355 1575 27.333260
45 1348 102.644456
1129 1293 23.921529
169 1182 64.928674
227 1295 131.655563
1184 1178 38.572011
79 1189 71.915973
1632 1407 12.961301
142 1349 114.948293
204 1405 67.209900
250 1582 74.215199
230 1404 118.446677
1484 1177 162.229507
60 1573 127.456867
307 1460 120.218958
1239 1233 38.525518
60 1459 123.441340
16 1413 107.552621
17 1636 112.965175
1801 1346 47.856399
204 1516 73.344688
67 1292 97.343008
1075 1637 30.567254
864 1461 127.345951
1016 1188 29.974091
334 1133 100.388360
254 1574 90.626041
1295 1580 31.442849
422 1236 142.586726
110 1358 90.017595
1075 1470 24.991823
1580 1517 39.742171
509 1402 49.340073
1137 1478 35.894026
1292 1294 12.798322
1410 1525 19.541864
204 1406 67.081388
1910 1463 25.128198
41 1351 114.100581
725 1350 61.631664
1749 1581 9.433604
1406 1239 8.846079
116 1524 129.210312
69 1519 104.096360
84 1238 112.436831
1687 1518 9.272511
1468 1469 6.242971
1120 1234 13.963362
839 1291 33.666457
1132 1245 8.431287
1065 1290 12.675112
92 1347 97.524622
1398 1235 29.854682
1175 1403 27.813071
1574 1462 5.697001
1401 1289 5.516006
1299 1301 12.798322
363 1575 132.543716
1235 1348 8.425137
1405 1293 5.516006
1462 1182 14.137165
1238 1295 9.998856
441 1178 67.672790
1436 1189 142.382646
1353 1407 9.901433
203 1349 64.307214
1295 1405 13.863637
1804 1582 16.747171
173 1404 97.479647
1062 1177 20.016976
116 1573 134.646993
1127 1460 25.262752
1795 1233 31.297566
1682 1459 13.082219
1245 1413 8.846432
79 1636 95.043390
585 1346 142.064269
105 1516 96.623606
1068 1292 10.929996
5 1637 118.684564
1293 1461 8.891652
1411 1188 12.704093
1132 1133 6.420711
1939 1574 118.072252
81 1580 100.223075
778 1236 66.874709
1471 1358 8.409209
793 1470 45.894905
32 1517 94.317227
1399 1402 18.928628
1422 1478 4.201651
334 1294 77.525247
1301 1525 11.136993
754 1406 129.678564
1351 1463 5.560799
697 1351 116.693457
248 1350 62.063481
1581 1581 0.000001
1126 1239 8.432039
1611 1524 136.675368
1962 1519 37.317942
30 1238 88.627182
60 1518 122.753419
1245 1469 11.044596
954 1234 14.078025
1291 1291 0.000000
1186 1245 16.295123
1291 1290 6.399744
1182 1347 23.878826
1182 1235 22.656404
1689 1403 36.388685
246 1462 66.372677
1346 1289 4.211138
1135 1301 12.646073
1465 1575 13.565386
265 1348 137.407692
92 1293 101.386919
1128 1182 10.018305
1296 1295 6.399766
836 1178 41.474950
460 1189 39.262272
1069 1407 20.838583
1347 1349 12.724590
1125 1405 14.078407
1300 1582 16.861333
391 1404 60.490644
92 1177 86.161445
607 1573 96.444892
1517 1460 9.724551
1007 1233 16.857734
1458 1459 6.243950
1025 1413 29.489105
793 1636 47.283339
1514 1346 8.955698
521 1516 94.313304
1515 1292 12.794897
1807 1637 12.572344
1461 1461 0.000001
1020 1188 8.815637
964 1133 8.845719
1518 1574 4.192106
1099 1580 144.416288
1278 1236 86.542977
1356 1358 12.724569
1356 1470 13.785840
1463 1517 9.724571
1457 1402 9.821799
676 1478 118.867994
1519 1294 12.794410
1946 1525 121.286435
184 1406 134.878055
363 1463 128.426904
1834 1351 117.361056
1519 1350 12.604556
1247 1581 20.932937
1239 1239 0.000000
1638 1524 13.423207
977 1519 117.556130
1127 1238 8.432039
2217 1518 85.900517
687 1469 41.107123
1347 1234 8.425915
201 1291 62.001380
1360 1245 19.957887
1232 1290 16.259884
203 1347 65.097066
1566 1235 35.583706
998 1403 88.437786
2099 1462 98.337738
337 1289 52.240870
964 1301 17.646776
363 1575 132.543716
1180 1348 8.816010
5 1293 101.112576
460 1182 50.170529
347 1295 53.272750
13 1178 98.774412
1134 1189 4.215634
1354 1407 16.083883
1463 1349 13.785840
41 1405 117.554094
1778 1582 128.941000
1518 1404 13.686449
1455 1177 21.047832
1685 1573 5.905999
664 1460 84.650768
203 1233 62.276186
1625 1459 12.573248
1131 1413 21.063965
1645 1636 53.133734
1233 1346 8.425137
291 1516 65.679478
1519 1292 21.930246
1470 1637 9.143203
1463 1461 12.485758
1131 1188 10.018305
1075 1133 9.997929
204 1574 75.580437
1862 1580 20.939967
744 1236 82.151115
1078 1358 14.048764
1469 1470 6.243908
50 1517 91.481227
247 1402 68.235629
412 1478 56.291728
1462 1294 8.892013
1098 1525 130.650698
1464 1406 9.822723
1350 1463 8.409225
1240 1351 8.425898
1182 1350 8.816010
1805 1581 12.116997
1575 1239 16.741598
1468 1524 4.197095
1883 1519 125.068107
1239 1238 6.421697
362 1518 128.021037
2097 1469 113.453321
500 1234 50.109482
1066 1291 12.675622
1077 1245 8.801180
1400 1290 13.863637
1966 1347 39.031758
336 1235 54.902362
1067 1403 16.446002
1407 1462 9.822723
1120 1289 12.646106
1470 1301 8.891660
1575 1575 0.000001
1176 1348 23.878826
1407 1293 13.863637
1292 1182 13.952262
1825 1295 137.903599
2064 1178 50.170091
1243 1189 16.296096
1576 1407 9.037790
1404 1349 4.207294
809 1405 126.804035
1414 1582 9.037457
1124 1404 14.078639
30 1177 80.307471
1349 1573 11.257800
1739 1460 14.964032
1567 1233 20.932962
1514 1459 4.197830
1243 1413 17.950887
1213 1636 146.626565
1122 1346 10.942603
1686 1516 12.561347
1404 1292 5.516006
1470 1637 9.143203
749 1461 109.833935
1527 1188 25.239461
1244 1133 8.431287
1403 1574 17.660535
1357 1580 12.866297
1235 1236 6.420689
1245 1358 8.425882
1605 1470 134.047170
1856 1517 25.098996
391 1402 55.690580
1364 1478 13.786707
793 1294 29.529759
1133 1525 19.590482
73 1406 81.927854
1351 1463 5.560799
1353 1351 12.724569
1966 1350 33.716826
1412 1581 9.037471
1016 1239 12.682732
1245 1524 14.227934
1296 1519 12.794907
1295 1238 9.998856
1883 1518 125.068106
462 1469 52.368449
1286 1234 22.605700
1011 1291 14.048769
1186 1245 16.295123
1402 1290 5.516006
606 1347 85.540215
1123 1235 5.458805
1067 1403 16.446002
830 1462 102.939386
1232 1289 9.998876
1243 1301 16.260875
1632 1575 9.466125
1573 1348 12.866771
1238 1293 4.214102
1068 1182 13.952259
1239 1295 4.214085
1513 1178 17.770239
1299 1189 13.952262
203 1407 68.504748
1237 1349 5.483798
1124 1405 16.734130
103 1582 87.128294
418 1404 134.351436
947 1177 39.869073
1515 1573 9.605326
864 1460 133.490642
1114 1233 45.312808
1460 1459 6.242950
1411 1413 12.620636
1470 1636 12.573262
92 1346 94.971555
1518 1516 12.318913
1406 1292 13.863637
1320 1637 112.844376
697 1461 130.478483
1190 1188 12.857008
1026 1133 32.446732
1799 1574 13.426031
1871 1580 66.129269
470 1236 111.706533
1076 1358 16.720779
1356 1470 13.785840
998 1517 101.519209
1682 1402 14.714068
1480 1478 12.485800
12 1294 104.398421
1021 1525 25.018212
1403 1406 18.929607
1350 1463 8.409225
1295 1351 4.211154
231 1350 116.995785
1834 1581 124.911521
1125 1239 13.963362
1645 1524 54.531454
1464 1519 4.197830
1295 1238 9.998856
1743 1518 13.233650
1300 1469 8.891675
1348 1234 13.918944
1067 1291 10.929996
1134 1245 8.432023
337 1290 53.818945
720 1347 72.795922
417 1235 129.712870
79 1403 100.301112
1461 1462 6.242950
13 1289 103.608157
1026 1301 31.928519
89 1575 130.168276
1463 1348 19.720742
1517 1293 11.136993
1524 1182 41.475097
265 1295 126.396670
1567 1178 29.419913
1136 1189 16.295080
265 1407 131.153779
1418 1349 85.314461
725 1405 60.438187
1638 1582 4.188829
204 1404 67.763462
521 1177 100.521824
1403 1573 12.587538
1349 1460 8.409240
664 1233 62.630283
1738 1459 14.964219
1301 1413 5.516006
1297 1636 25.173921
504 1346 44.017650
1124 1516 19.590485
1686 1292 21.949842
1975 1637 22.203739
73 1461 83.893414
1301 1188 8.430480
1778 1133 150.512459
268 1574 150.183737
362 1580 105.429646
173 1236 91.991711
968 1358 24.982040
2081 1470 48.812669
1909 1517 21.828140
400 1402 63.571578
307 1478 62.953322
1236 1294 16.260875
427 1525 137.565889
67 1406 106.889717
1379 1463 155.040544
203 1351 65.271140
2094 1350 117.936945
191 1581 140.453165
1739 1239 33.471565
1972 1524 25.208001
65 1519 122.753417
476 1238 134.086758
514 1518 56.955441
417 1469 92.147788
1517 1234 26.107908
293 1291 56.901636
1770 1245 125.219960
1801 1290 46.987196
142 1347 119.330615
343 1235 50.986356
293 1403 62.250120
226 1462 139.479388
953 1289 16.445600
962 1301 25.277748
488 1575 145.234171
1573 1348 12.866771
786 1293 33.349061
53 1182 74.398743
307 1295 99.389691
447 1178 43.483533
56 1189 75.563934
114 1407 126.018244
5 1349 103.643407
470 1405 109.351260
1073 1582 37.845316
1853 1404 24.576273
2097 1177 103.108551
307 1573 120.275690
319 1460 141.353557
784 1233 23.082054
227 1459 128.839160
1018 1413 29.489105
79 1636 95.043390
1853 1346 33.691243
470 1516 117.702977
34 1292 83.554127
1744 1637 29.562024
203 1461 69.867884
849 1188 25.239117
41 1133 96.497253
123 1574 106.920633
1186 1580 21.644712
227 1236 122.074452
293 1358 71.339107
1073 1470 34.562142
492 1517 115.025276
472 1402 133.851816
173 1478 76.395481
387 1294 79.539594
1635 1525 13.423207
30 1406 97.382340
1404 1463 15.939895
1405 1351 9.901454
8 1350 91.784462
1579 1581 12.118902
142 1239 104.836672
1468 1524 4.197095
173 1519 93.155311
615 1238 50.782783
1405 1518 8.398787
1525 1469 4.197814
1400 1234 12.632612
1236 1291 4.214085
1188 1245 4.215670
1400 1290 13.863637
417 1347 134.177802
1399 1235 23.793514
1966 1403 35.150935
1237 1462 12.740362
1234 1289 4.214069
684 1301 32.233954
1062 1575 59.246212
1460 1348 5.560799
1294 1293 6.399766
1405 1182 12.704608
1295 1295 0.000000
417 1178 129.132571
684 1189 27.033346
1296 1407 8.418965
1406 1349 9.901433
1237 1405 8.846071
1859 1582 20.939980
32 1404 88.200187
1235 1177 10.018307
1572 1573 6.060992
1238 1460 16.832494
1908 1233 39.653359
1567 1459 25.260998
1022 1413 19.458790
1605 1636 131.435080
362 1346 137.717414
496 1516 89.328013
720 1292 80.298038
1190 1637 23.251630
1406 1461 9.822723
1412 1188 10.981007
1025 1133 26.166828
1967 1574 23.791136
685 1580 45.281342
367 1236 140.812798
1133 1358 12.682716
1357 1470 8.409209
142 1517 121.393482
1567 1402 23.279402
1589 1478 8.388227
1656 1294 145.429856
1018 1525 33.335484
537 1406 157.548055
1353 1463 13.785840
419 1351 125.931116
1524 1350 41.578800
1414 1581 12.587508
1351 1239 5.483798
1301 1524 12.794907
1241 1519 16.802616
506 1238 43.104178
1405 1518 8.398787
1190 1469 16.760322
1292 1234 16.260875
41 1291 112.177817
963 1245 16.733252
1008 1290 21.071071
447 1347 52.274268
898 1235 17.692465
894 1403 42.924471
808 1462 118.468806
1007 1289 21.071836
1299 1301 12.798322
1743 1575 9.433324
503 1348 51.004585
460 1293 58.400966
1181 1182 6.429019
1070 1295 12.675112
898 1178 14.137044
1190 1189 6.427989
417 1407 116.389668
1346 1349 19.086357
1686 1405 14.714068
1747 1582 17.180072
67 1404 102.514848
13 1177 98.172082
2091 1573 107.883418
173 1460 101.488090
951 1233 16.733809
1404 1459 9.822723
1358 1413 4.207278
1468 1636 9.143196
951 1346 24.982019
1404 1516 5.620987
1685 1292 20.148648
1525 1637 5.791007
1349 1461 5.560799
1133 1188 4.215666
1133 1133 0.000000
1573 1574 6.060021
429 1580 154.854900
5 1236 97.702055
1080 1358 21.071084
1357 1470 8.409209
1518 1517 6.160746
1234 1402 8.846086
460 1478 79.422852
1292 1294 12.798322
1356 1525 12.604556
107 1406 96.251352
114 1463 129.334968
184 1351 131.990062
1125 1350 12.682219
1525 1581 4.192091
959 1239 14.078020
1300 1524 11.136993
248 1519 69.317428
1295 1238 9.998856
184 1518 140.498066
134 1469 77.222343
1229 1234 32.105532
175 1291 105.965773
460 1245 41.405067
125 1290 76.176502
418 1347 137.807917
1182 1235 22.656404
500 1403 62.560232
1278 1462 98.005032
330 1289 74.652420
1299 1301 12.798322
114 1575 134.941137
1656 1348 146.409798
462 1293 66.831439
403 1182 50.867924
1351 1295 4.211154
231 1178 97.245890
1079 1189 13.952259
1406 1407 6.310175
417 1349 125.931086
417 1405 125.676473
1611 1582 137.089189
1002 1404 69.841915
1288 1177 8.430480
1124 1573 23.081864
914 1460 93.249759
1625 1233 19.909467
1513 1459 9.724551
1075 1413 20.838583
169 1636 82.080937
565 1346 43.866573
460 1516 71.056879
1742 1292 26.005824
1356 1637 16.941680
1351 1461 13.785840
966 1188 16.847572
1131 1133 12.842383
122 1574 111.999821
2118 1580 33.633910
690 1236 91.169383
1636 1358 16.941692
1470 1470 0.000001
231 1517 121.947922
132 1402 78.634407
13 1478 102.444508
1240 1294 9.998856
1245 1525 14.228140
1519 1406 8.398044
749 1463 98.108556
1351 1351 0.000001
1278 1350 98.708923
1356 1581 12.866297
1183 1239 4.215637
966 1524 30.372349
1573 1519 15.541410
1294 1238 4.214851
5 1518 112.601350
1413 1469 4.202340
386 1234 62.331257
1291 1291 0.000000
1244 1245 6.420711
1570 1290 14.351309
995 1347 103.791666
386 1235 66.479365
1176 1403 22.089199
1124 1462 20.855714
1288 1289 6.399766
1469 1301 8.892006
275 1575 135.759703
951 1348 34.595511
1184 1293 20.016988
1182 1182 0.000000
1942 1295 129.556746
2070 1178 56.507108
1246 1189 4.215637
1408 1407 6.311186
1294 1349 9.959914
16 1405 99.143461
1636 1582 9.466125
1768 1404 137.319661
1287 1177 13.952271
1571 1573 12.118881
1905 1460 29.847172
1625 1233 19.909467
607 1459 82.931913
1189 1413 10.981007
1379 1636 134.105054
125 1346 77.779069
1180 1516 16.601994
1181 1292 8.429697
1186 1637 29.225371
1406 1461 9.822723
1076 1188 5.464996
1190 1133 10.018284
1799 1574 13.426031
1467 1580 8.388257
615 1236 41.748385
1136 1358 16.856966
789 1470 65.932180
2070 1517 34.214140
887 1402 77.372752
1535 1478 9.723680
1656 1294 145.429856
1188 1525 17.770601
1886 1406 126.467422
1295 1463 8.891660
1127 1351 10.942603
2112 1350 46.760188
1802 1581 21.147338
1465 1239 16.832478
1076 1524 22.066990
419 1519 129.481995
1240 1238 12.843347
1884 1518 124.409269
1076 1469 19.501706
1398 1234 23.793494
615 1291 41.985924
1242 1245 19.262932
417 1290 133.767998
887 1347 79.636698
1291 1235 4.214085
5 1403 105.665365
125 1462 92.169322
1176 1289 8.430480
1136 1301 18.023180
2061 1575 58.326173
1517 1348 12.604556
1295 1293 12.798322
1407 1182 12.704093
1297 1295 12.798322
469 1178 112.327211
1081 1189 26.249608
506 1407 55.019731
1994 1349 125.112076
1180 1405 12.704093
1919 1582 19.587957
203 1404 67.107097
946 1177 46.039622
1067 1573 26.681238
123 1460 96.206186
1009 1233 10.942608
1740 1459 17.183359
1299 1413 13.863637
2076 1636 28.675887
417 1346 137.808453
1575 1516 15.541430
1347 1292 9.959914
1041 1637 127.598983
5 1461 109.190456
1130 1188 16.295080
966 1133 12.632337
1348 1574 16.791289
262 1580 105.698494
1769 1236 145.142540
1080 1358 21.071084
1527 1470 9.724571
53 1517 91.642695
1067 1402 17.647143
1204 1478 39.661515
1182 1294 5.465001
1471 1525 9.724531
754 1406 129.678564
1182 1463 14.136940
1241 1351 13.918925
79 1350 92.276000
1638 1581 9.466087
1073 1239 18.023199
2081 1524 52.262204
88 1519 129.754001
1353 1238 19.957908
1465 1518 15.760008
1638 1469 12.573233
1685 1234 29.279452
1823 1291 139.685007
1136 1245 20.036591
386 1290 66.476598
391 1347 54.103822
1011 1235 10.942608
411 1403 106.846440
1574 1462 5.697001
41 1289 111.425476
1131 1301 18.024096
754 1575 129.154867
1630 1348 20.970586
1237 1293 4.214069
561 1182 45.994689
1919 1295 54.557455
1515 1178 17.770593
968 1189 22.088153
2138 1407 112.380556
5 1349 103.643407
5 1405 106.617330
1695 1582 8.375303
13 1404 110.608639
173 1177 97.708615
1176 1573 34.394665
500 1460 66.730107
1454 1233 22.022643
1517 1459 15.760008
1599 1413 108.738554
962 1636 35.674327
1010 1346 16.426406
1516 1516 0.000000
1407 1292 19.858464
1803 1637 16.987913
720 1461 86.576181
1186 1188 12.856987
1356 1133 12.682230
315 1574 151.447393
1418 1580 41.095184
1902 1236 49.999311
962 1358 29.488844
1081 1470 29.476576
1293 1517 11.136993
2217 1402 79.863119
1478 1478 0.000001
218 1294 113.284015
106 1525 84.725488
132 1406 74.314936
254 1463 82.532462
254 1351 77.779173
1128 1350 16.857731
150 1581 137.737574
1129 1239 13.963362
2025 1524 28.850699
63 1519 126.689094
1409 1238 23.793504
1519 1518 6.159759
17 1469 105.050914
1630 1234 34.264792
81 1291 105.122801
35 1245 79.380440
1354 1290 47.924407
307 1347 119.871291
2009 1235 61.298071
275 1403 115.371960
1692 1462 37.990680
1240 1289 41.759852
1072 1301 33.904058
1799 1575 12.116997
1186 1348 42.439439
1407 1293 13.863637
905 1182 21.047126
319 1295 139.889132
506 1178 34.849899
417 1189 80.453041
268 1407 140.088701
585 1349 126.904864
506 1405 49.340073
296 1582 72.381916
1692 1404 47.726922
1645 1177 125.202530
427 1573 158.159413
1962 1460 29.258456
953 1233 14.078025
427 1459 146.576637
293 1413 72.122421
56 1636 98.669770
1795 1346 24.129018
1656 1516 137.904426
80 1292 98.077963
877 1637 151.241425
343 1461 59.462794
457 1188 43.483533
30 1133 93.433904
1379 1574 148.100440
1130 1580 25.543654
1462 1236 16.832494
16 1358 105.227359
1409 1470 28.377018
674 1517 47.352743
417 1402 138.292437
1524 1478 58.785496
88 1294 118.007684
1804 1525 17.358853
254 1406 81.803586
1573 1463 13.565386
84 1351 116.117212
60 1350 115.225602
1861 1581 15.639918
88 1239 115.648056
1355 1524 12.604556
1902 1519 57.252782
1349 1238 8.425137
1404 1518 13.686449
1414 1469 9.822703
1455 1234 22.022634
2069 1291 46.377025
1436 1245 144.106459
1231 1290 22.605710
17 1347 89.893462
1516 1235 16.802616
1459 1403 4.201620
1460 1462 12.485779
950 1289 25.277756
685 1301 30.999736
445 1575 83.401306
1570 1348 16.791289
1239 1293 9.998876
1349 1182 12.641400
1240 1295 4.214851
777 1178 62.866796
685 1189 25.566348
1240 1407 8.846439
1067 1349 16.720779
1517 1405 5.620987
1300 1582 16.861333
1992 1404 123.537304
254 1177 91.597725
469 1573 111.783981
1233 1460 22.021790
2066 1233 47.488267
1287 1459 23.665043
1189 1413 10.981007
254 1636 77.370285
1278 1346 73.359502
607 1516 92.390824
664 1292 83.694713
88 1637 132.269546
1515 1461 9.724571
1524 1188 16.601994
1026 1133 32.446732
1825 1574 125.593216
88 1580 131.391789
315 1236 137.263983
1524 1358 12.604572
1300 1470 12.619525
173 1517 99.154698
951 1402 29.148764
1592 1478 13.565424
1350 1294 4.211913
307 1525 84.061238
345 1406 57.162835
1294 1463 8.891660
1294 1351 4.211154
5 1350 104.049134
1524 1581 4.191436
1353 1239 13.918925
1189 1524 17.770601
1997 1519 115.939324
231 1238 112.421875
1294 1518 11.136993
1246 1469 12.740848
291 1234 53.051534
203 1291 62.001380
1190 1245 10.018286
953 1290 17.646404
606 1347 85.540215
836 1235 45.561694
1967 1403 38.164489
596 1462 159.075395
1286 1289 19.197521
1075 1301 16.860174
1464 1575 8.388242
73 1348 78.091512
291 1293 55.076222
1463 1182 14.136940
1072 1295 12.675633
1005 1178 36.176994
1134 1189 4.215634
1185 1407 16.847833
1515 1349 12.604572
1464 1405 15.940864
1695 1582 8.375303
744 1404 82.563795
1823 1177 143.137359
664 1573 92.721919
422 1460 153.003727
1399 1233 12.632620
1236 1459 12.740362
1247 1413 12.632596
1358 1636 16.941692
1794 1346 23.374797
278 1516 109.073487
1684 1292 20.148792
1581 1637 4.189490
122 1461 104.066873
1074 1188 13.952240
910 1133 12.740940
830 1574 104.274457
361 1580 100.730609
381 1236 94.214312
1298 1358 22.504029
1413 1470 4.201620
1351 1517 12.604572
1289 1402 8.418196
1590 1478 5.697001
1464 1294 12.619509
2099 1525 110.527584
5 1406 106.988481
1997 1463 117.869732
106 1351 87.669112
1464 1350 13.786745
1359 1581 16.791968
960 1239 16.733815
1301 1524 12.794907
684 1519 50.553975
1071 1238 12.646089
1834 1518 109.091057
1301 1469 8.892006
1122 1234 5.458805
685 1291 66.780989
1379 1245 142.246630
1682 1290 20.148648
1347 1347 0.000001
280 1235 82.668556
336 1403 63.727402
355 1462 94.686170
386 1289 62.538089
1020 1301 16.720771
132 1575 82.608922
1350 1348 12.724590
142 1293 111.191256
338 1182 56.605127
1183 1295 5.465001
1235 1178 4.216406
627 1189 30.985728
1073 1407 20.838583
470 1349 110.191800
254 1405 85.262350
1246 1582 16.741598
231 1404 113.694009
1400 1177 12.704608
1519 1573 15.541410
280 1460 95.207861
1343 1233 13.919847
951 1459 33.328766
1247 1413 12.632596
905 1636 42.358560
1009 1346 17.631290
41 1516 123.358848
1407 1292 19.858464
1747 1637 13.079412
1573 1461 5.697001
1355 1188 12.641400
1132 1133 6.420711
1406 1574 9.037790
1410 1580 12.587538
391 1236 51.693310
1322 1358 126.182354
1415 1470 9.822743
79 1517 101.230719
295 1402 69.641125
509 1478 110.898452
1295 1294 6.398740
1523 1525 12.318913
1886 1406 126.467422
30 1463 100.819355
1296 1351 9.959935
16 1350 96.970294
1634 1581 15.283669
1405 1239 12.632628
1358 1524 12.604572
1128 1519 19.590485
1351 1238 8.425898
106 1518 96.623614
1357 1469 5.560799
609 1234 60.948510
1234 1291 9.998876
1134 1245 8.432023
1288 1290 12.798322
1106 1347 109.470904
778 1235 60.976747
1572 1403 9.037457
1516 1462 9.723640
1002 1289 49.990666
1805 1301 26.296134
107 1575 102.809368
1402 1348 9.901433
1292 1293 6.398740
1016 1182 12.641400
231 1295 119.785380
2015 1178 45.722892
1136 1189 16.295080
1352 1407 4.208027
1237 1349 5.483798
60 1405 118.544994
1359 1582 12.866750
941 1404 98.290486
777 1177 56.936069
1237 1573 16.741598
1348 1460 5.560799
951 1233 16.733809
1454 1459 31.194736
1190 1413 12.704093
470 1636 83.372903
1682 1346 17.163799
1519 1516 18.473860
1573 1292 14.351309
1638 1637 5.942818
1350 1461 8.408482
1356 1188 8.815637
1246 1133 8.432023
1853 1574 15.639763
1747 1580 9.433330
841 1236 25.012770
1189 1358 8.815645
1825 1470 108.976287
1690 1517 28.326876
606 1402 84.180474
307 1478 62.953322
506 1294 47.031592
1187 1525 20.886864
794 1406 37.664792
1520 1463 9.724571
1069 1351 16.720779
1692 1350 40.503682
1409 1581 23.279421
956 1239 21.062946
1189 1524 17.770601
1239 1519 14.227924
615 1238 50.782783
2138 1518 105.955412
1098 1469 134.213605
1737 1234 25.889470
1458 1291 12.619525
1083 1245 42.534291
1391 1290 70.068056
1182 1347 23.878826
1290 1235 4.214851
248 1403 68.794188
1348 1462 13.785859
1567 1289 20.998841
1300 1301 6.399766
246 1575 72.403262
841 1348 29.471272
1127 1293 12.646106
958 1182 10.980599
1242 1295 16.260875
50 1178 73.363654
1074 1189 20.016966
50 1407 87.877155
1236 1349 8.425915
1182 1405 12.704608
1645 1582 44.939557
1403 1404 6.311165
1003 1177 42.439450
1346 1573 21.814424
246 1460 67.044633
1624 1233 19.909617
383 1459 87.611598
1524 1413 8.398787
1920 1636 24.948434
1823 1346 135.982255
1461 1516 4.197126
1346 1292 16.190255
2126 1637 47.395829
1574 1461 8.387533
1300 1188 5.465001
964 1133 8.845719
1516 1574 9.604412
1632 1580 21.196724
123 1236 86.296400
1018 1358 30.438232
1357 1470 8.409209
315 1517 149.689484
1399 1402 18.928628
1536 1478 15.760048
417 1294 117.273848
1359 1525 12.604541
810 1406 126.804035
1656 1463 136.572187
1069 1351 16.720779
17 1350 92.191090
1962 1581 60.584304
1406 1239 8.846079
1636 1524 5.791007
585 1519 117.519964
1240 1238 12.843347
1516 1518 12.318913
1189 1469 14.137160
1067 1234 12.646106
203 1291 62.001380
1244 1245 6.420711
330 1290 78.823794
265 1347 138.623536
472 1235 125.744899
1684 1403 14.714064
1408 1462 15.940864
203 1289 64.127619
1807 1301 27.641256
322 1575 145.408623
1179 1348 8.815645
1405 1293 5.516006
1068 1182 13.952259
2095 1295 120.889104
1348 1178 12.641400
1186 1189 19.286005
1464 1407 4.202356
142 1349 114.948293
1405 1405 0.000000
1022 1582 27.684206
123 1404 95.105942
361 1177 128.710810
1993 1573 114.858995
1517 1460 9.724551
606 1233 71.732605
58 1459 114.935670
1243 1413 17.950887
1580 1636 4.188815
1065 1346 14.048759
1628 1516 5.791007
1515 1292 12.794897
1921 1637 24.948434
2098 1461 99.191819
1136 1188 22.656404
1244 1133 8.431287
445 1574 79.187695
1858 1580 17.586762
809 1236 132.983168
1301 1358 4.211154
2126 1470 52.669907
1627 1517 13.423189
5 1402 105.097322
1532 1478 9.724531
1352 1294 9.959914
1018 1525 33.335484
53 1406 85.317621
472 1463 113.535733
79 1351 90.207244
1740 1350 22.172024
379 1581 153.829192
1516 1239 21.025261
1799 1524 35.370309
117 1519 132.617899
503 1238 54.266616
65 1518 121.230825
596 1469 149.414313
841 1234 19.589839
275 1291 111.134824
6 1245 98.574400
1795 1290 26.296136
453 1347 47.981138
411 1235 103.759530
69 1403 90.556377
2028 1462 60.559850
1127 1289 36.254395
1076 1301 12.675633
1180 1575 25.046473
268 1348 138.623535
362 1293 123.729286
183 1182 123.291466
81 1295 96.605830
785 1178 21.644457
50 1189 86.500835
14 1407 109.895741
429 1349 142.069619
441 1405 89.356745
1409 1582 29.125977
1795 1404 22.451815
786 1177 19.724515
227 1573 139.881941
69 1460 94.169944
837 1233 29.453169
1462 1459 18.725341
110 1413 93.783906
1605 1636 131.435080
1354 1346 50.863675
506 1516 52.882527
273 1292 123.673283
1132 1637 26.829471
470 1461 113.535699
793 1188 29.420037
17 1133 88.799919
1605 1574 132.716656
1298 1580 16.861333
293 1236 53.488873
1018 1358 30.438232
1132 1470 20.855701
1966 1517 25.805674
17 1402 92.350631
400 1478 96.784827
5 1294 101.479980
1916 1525 23.241004
417 1406 121.083244
1680 1463 43.735107
1517 1351 12.604572
142 1350 112.457463
1748 1581 9.433336
1350 1239 8.425898
1578 1524 15.541410
60 1519 121.230827
1462 1238 11.044596
1351 1518 8.955691
1355 1469 13.785878
1123 1234 8.432056
1964 1291 36.793708
1131 1245 13.963402
1626 1290 16.928000
123 1347 88.456889
1007 1235 27.882533
2064 1403 41.124269
1463 1462 6.243929
1119 1289 18.024096
362 1301 88.893146
315 1575 148.870848
1401 1348 16.082883
615 1293 50.280832
1295 1182 8.429697
1126 1295 12.646089
30 1178 81.403067
1018 1189 23.878826
1408 1407 6.311186
469 1349 105.153054
1462 1405 4.201636
1580 1582 12.118861
422 1404 149.177533
246 1177 57.278192
1347 1573 16.791289
1235 1460 12.740362
1853 1233 41.870690
1513 1459 9.724551
1246 1413 8.846079
793 1636 47.283339
1902 1346 37.930607
72 1516 87.758323
391 1292 55.615093
1098 1637 129.311577
1572 1461 8.388257
1354 1188 17.998676
904 1133 33.613950
2244 1574 92.871218
986 1580 141.002651
1128 1236 26.278470
1525 1358 8.955691
1360 1470 13.785840
278 1517 113.285546
1905 1402 28.598170
1758 1478 14.964040
203 1294 62.136779
1357 1525 8.956028
2138 1406 111.495070
1405 1463 9.822743
1296 1351 9.959935
640 1350 119.276484
1468 1581 8.387548
1069 1239 12.646106
1360 1524 23.493992
1185 1519 20.886864
50 1238 78.168517
1518 1518 0.000000
1302 1469 12.619493
1286 1234 22.605700
92 1291 96.292608
853 1245 19.590000
41 1290 111.910571
720 1347 72.795922
1005 1235 39.992748
2018 1403 35.251062
92 1462 110.270227
1398 1289 19.859432
1411 1301 13.863637
1629 1575 9.466125
720 1348 78.526053
122 1293 98.147770
360 1182 106.569051
1128 1295 8.801188
499 1178 54.529163
963 1189 16.847572
1520 1407 8.398787
1053 1349 100.290705
1742 1405 18.464689
1580 1582 12.118861
73 1404 80.951329
254 1177 91.597725
776 1573 90.664340
278 1460 104.891409
50 1233 75.978937
1461 1459 12.485779
1135 1413 16.734118
1414 1636 16.769499
1122 1346 10.942603
324 1516 124.316504
1686 1292 21.949842
684 1637 48.676763
254 1461 89.341644
1299 1188 8.429697
1188 1133 4.215666
1463 1574 8.388242
1525 1580 9.605307
324 1236 112.058824
1302 1358 4.211154
1300 1470 12.619525
1573 1517 4.191392
1738 1402 17.455988
1589 1478 8.388227
1016 1294 16.720771
1300 1525 12.794907
8 1406 94.662775
1291 1463 23.665034
1611 1351 118.367461
1016 1350 20.833145
1636 1581 4.188858
1183 1239 4.215637
1580 1524 4.191392
640 1519 114.480476
1238 1238 0.000000
429 1518 154.168145
136 1469 77.364038
1794 1234 28.858595
1349 1291 9.959935
1605 1245 146.626734
1122 1290 8.800828
749 1347 119.806357
606 1235 82.850749
609 1403 73.510705
400 1462 57.527265
205 1289 69.680498
1188 1301 8.430480
1186 1575 29.419913
92 1348 100.092407
248 1293 59.987037
1071 1182 8.429694
344 1295 50.991644
1008 1178 17.998695
1243 1189 16.296096
2095 1407 115.441428
1294 1349 9.959914
246 1405 63.574815
1098 1582 127.087811
864 1404 129.864782
1231 1177 16.296096
1516 1573 4.191421
391 1460 61.649239
1122 1233 8.431271
1682 1459 13.082219
1358 1413 4.207278
1811 1636 38.111176
123 1346 85.803316
30 1516 100.139142
1685 1292 20.148648
1302 1637 18.031731
1630 1461 12.573248
1078 1188 13.952259
1020 1133 8.425156
1350 1574 11.257800
1920 1580 29.136784
73 1236 72.608808
1412 1358 9.901454
1695 1470 13.082200
216 1517 116.567094
315 1402 144.835643
17 1478 112.929930
1127 1294 8.800820
1805 1525 15.268091
1293 1406 8.418965
1519 1463 4.197111
1071 1351 14.048764
361 1350 119.426754
1467 1581 13.565424
1240 1239 6.421697
1637 1524 8.379517
1606 1519 136.675327
1181 1238 4.215654
142 1518 118.734636
1077 1469 19.501859
285 1234 58.549242
419 1291 137.052951
1356 1245 8.425153
1179 1290 8.430464
952 1347 24.982669
445 1235 54.279318
1627 1403 11.411995
1685 1462 13.081771
1457 1289 8.891667
1804 1301 27.641263
1902 1575 53.109635
1122 1348 16.856982
1180 1293 8.429697
1129 1182 16.295080
12 1295 103.823740
1967 1178 50.867702
1300 1189 8.430480
1241 1407 12.632612
633 1349 85.540197
44 1405 112.357424
1860 1582 17.586762
1399 1404 31.538996
1398 1177 22.089208
1631 1573 15.283630
1403 1460 4.201620
1229 1233 25.685321
280 1459 91.188486
1136 1413 21.063187
929 1636 135.592480
1343 1346 19.086315
1407 1516 19.540927
1294 1292 12.798322
1722 1637 128.793236
1656 1461 140.350907
962 1188 16.847555
1356 1133 12.682230
1685 1574 8.374657
1413 1580 12.587523
955 1236 14.078020
1360 1358 12.724569
12 1470 106.156476
2022 1517 34.892725
664 1402 75.060960
1098 1478 78.197081
1293 1294 6.399766
1468 1525 9.724551
250 1406 67.878411
1183 1463 14.136940
1241 1351 13.918925
1910 1350 30.033789
1525 1581 4.192091
958 1239 14.078020
1747 1524 13.233650
1353 1519 12.604556
417 1238 117.553831
1291 1518 21.931096
142 1469 97.601602
1627 1234 21.776915
1123 1291 8.800820
968 1245 26.250913
50 1290 78.824993
720 1347 72.795922
1179 1235 4.215637
1514 1403 8.398772
1068 1462 21.487980
1399 1289 13.863647
1244 1301 9.998856
417 1575 124.204452
1462 1348 13.785859
1599 1293 149.432754
956 1182 16.847572
472 1295 105.985247
951 1178 22.088144
1020 1189 12.641400
1182 1407 12.704093
1740 1349 20.449481
1292 1405 8.418196
273 1582 146.825508
1180 1404 10.981007
1122 1177 4.215617
1685 1573 5.905999
460 1460 70.841460
1291 1233 16.259884
142 1459 124.606801
1188 1413 12.704608
2160 1636 33.819447
204 1346 68.250064
1238 1516 16.802068
1629 1292 18.031731
1667 1637 131.323214
32 1461 91.225148
1186 1188 12.856987
1133 1133 0.000000
1182 1574 19.724480
1128 1580 33.632397
122 1236 91.339228
1243 1358 19.957928
1244 1470 16.832478
1297 1517 27.538706
1287 1402 19.858474
1426 1478 28.376060
acc0 96
acc1 397
acc2 884
acc3 1370
acc4 1932
acc5 2238
acc6 2433
acc7 2600
acc8 2687
acc9 2800
acc10 2888
acc11 2947
acc12 2999
acc13 3046
acc14 3097
