834 1294 79.335205
1470 1525 4.197111
1462 1406 4.202356
888 1463 99.341172
1406 1351 4.207278
888 1350 91.949204
1469 1581 5.697001
1126 1239 8.432039
1470 1524 9.724571
905 1519 31.834663
1182 1238 4.216406
1517 1518 6.160746
1469 1469 0.000001
1401 1234 8.846071
888 1291 75.819960
1301 1245 4.214834
947 1290 47.711421
1515 1347 8.955691
670 1235 41.948585
889 1403 71.366111
1350 1462 5.560799
670 1289 37.803058
1247 1301 9.998835
1462 1575 8.388242
1292 1348 4.211913
1350 1293 4.211170
1294 1182 5.465001
1351 1295 4.211154
1178 1178 0.000000
1246 1189 4.215637
1351 1407 4.207278
667 1349 70.927271
828 1405 111.416452
1469 1582 8.388227
1238 1404 12.631871
836 1177 35.764393
1628 1573 4.188843
833 1460 73.252239
613 1233 37.925675
1626 1459 9.143522
1301 1413 5.516006
1636 1636 0.000000
1059 1346 43.860298
1403 1516 8.398772
1237 1292 4.214102
1918 1637 16.091793
1462 1461 6.242950
1245 1188 4.215670
1301 1133 8.801180
833 1574 86.783507
1582 1580 12.118861
836 1236 51.373296
1358 1358 0.000001
1470 1470 0.000001
1742 1517 13.234074
667 1402 59.376541
1306 1478 23.665034
1404 1294 13.863637
1604 1525 129.895481
223 1406 137.067172
1238 1463 12.740858
1238 1351 8.425898
1404 1350 9.900499
61 1581 118.037441
1294 1239 4.214085
378 1524 152.480824
315 1519 144.874455
1294 1238 4.214851
315 1518 147.631977
271 1469 138.202688
1180 1234 16.296096
215 1291 109.338866
57 1245 82.295114
1909 1290 35.886421
355 1347 104.158442
20 1235 87.066222
1268 1403 144.027706
1909 1462 25.127995
1180 1289 20.016947
115 1301 112.986129
1909 1575 21.840912
309 1348 124.818127
637 1293 103.894325
1183 1182 6.427989
934 1295 160.140681
898 1178 14.137044
77 1189 69.905695
653 1407 162.953749
905 1349 33.687782
259 1405 109.504634
637 1582 66.814388
1909 1404 27.417263
1270 1177 121.979517
1604 1573 132.716888
1604 1460 134.046981
1254 1233 134.687170
215 1459 118.051310
1604 1413 134.104772
271 1636 147.242039
1909 1346 34.703444
834 1516 71.528963
223 1292 132.882987
637 1637 71.003164
710 1461 145.394474
52 1188 76.391758
38 1133 81.225644
710 1574 152.864087
226 1580 142.022168
215 1236 105.323226
1604 1358 133.781128
637 1470 62.888612
88 1517 128.006465
77 1402 92.497254
1645 1478 9.143516
905 1294 24.991891
1860 1525 19.132283
259 1406 105.613619
1516 1463 15.760028
710 1351 154.141558
828 1350 113.815077
637 1581 71.275429
905 1239 20.855785
1438 1524 145.725593
828 1519 124.766702
1238 1238 0.000000
710 1518 155.114759
1579 1469 13.565424
1063 1234 18.023190
1682 1291 21.950248
1187 1245 10.017378
1233 1290 9.997909
839 1347 33.335134
1175 1235 22.656415
1289 1403 13.863618
1516 1462 9.723640
1063 1289 16.860182
1582 1301 14.351304
833 1575 92.555152
1234 1348 13.918944
1404 1293 8.418196
1238 1182 4.216406
226 1295 132.706186
839 1178 25.238393
1187 1189 12.857008
932 1407 173.688920
888 1349 85.778866
1404 1405 6.310175
2228 1582 51.119134
828 1404 105.294360
670 1177 33.411992
839 1573 50.086438
1180 1460 14.137165
1962 1233 40.026894
1062 1459 34.562151
707 1413 141.462825
1438 1636 140.552274
2178 1346 100.629650
1515 1516 6.160725
503 1292 50.410358
1469 1637 9.143516
1403 1461 9.822743
1188 1188 0.000000
1183 1133 35.448533
1884 1574 121.032307
542 1580 163.252562
1398 1236 36.021916
637 1358 59.208673
707 1470 139.490036
828 1517 112.640978
1847 1402 29.626384
1309 1478 8.892006
888 1294 94.410290
1469 1525 4.197814
1462 1406 4.202356
1406 1463 4.201620
886 1351 110.579630
905 1350 29.153058
1579 1581 12.118902
1182 1239 4.215637
1469 1524 4.197141
1911 1519 21.828142
888 1238 90.649625
828 1518 118.692504
1469 1469 0.000001
1623 1234 25.096877
670 1291 46.155643
1246 1245 6.421675
670 1290 41.723495
1515 1347 8.955691
1571 1235 16.741598
1347 1403 4.207278
1238 1462 11.044596
1064 1289 12.675633
1300 1301 6.399766
1519 1575 4.191407
1685 1348 18.223946
1238 1293 4.214102
1182 1182 0.000000
1182 1295 8.429697
837 1178 35.763513
1245 1189 4.216389
1238 1407 12.632612
1237 1349 5.483798
1405 1405 0.000000
932 1582 144.918327
1685 1404 14.714068
670 1177 33.411992
1685 1573 5.905999
828 1460 102.940315
839 1233 21.549986
1236 1459 12.740362
1470 1413 4.201620
1579 1636 9.466106
1346 1346 0.000001
828 1516 106.618836
1237 1292 4.214102
1582 1637 4.188829
1238 1461 12.740362
1188 1188 0.000000
1188 1133 4.215666
1123 1574 29.187973
1582 1580 12.118861
667 1236 62.629424
1357 1358 6.362968
1413 1470 4.201620
1516 1517 6.159759
1290 1402 5.516006
707 1478 92.312196
1294 1294 0.000000
1469 1525 4.197814
905 1406 29.443115
773 1463 118.467859
1605 1351 145.580597
1294 1350 4.211913
637 1581 71.275429
941 1239 112.601613
707 1524 149.214384
905 1519 31.834663
1182 1238 4.216406
1605 1518 136.675588
965 1469 24.959141
1346 1234 5.483798
828 1291 97.702376
1246 1245 6.421675
1008 1290 21.071071
839 1347 33.335134
1515 1235 14.227924
833 1403 69.282755
382 1462 106.258965
1398 1289 19.859432
1188 1301 8.430480
773 1575 119.787243
888 1348 79.636687
905 1293 29.476644
1238 1182 4.216406
624 1295 34.463282
670 1178 37.741924
1246 1189 4.215637
1351 1407 4.207278
710 1349 143.201990
527 1405 117.283436
1469 1582 8.388227
710 1404 141.463457
1233 1177 4.215654
1461 1573 5.697001
1685 1460 13.082219
839 1233 21.549986
1008 1459 29.152997
1189 1413 10.981007
1524 1636 5.791007
670 1346 41.887163
670 1516 58.455918
1237 1292 4.214102
1693 1637 4.188356
1573 1461 5.697001
1188 1188 0.000000
1188 1133 4.215666
888 1574 94.552008
1581 1580 6.060041
1685 1236 23.477693
1300 1358 9.959935
1525 1470 4.197111
834 1517 77.191867
669 1402 50.078329
1420 1478 9.822703
1182 1294 5.465001
1469 1525 4.197814
1462 1406 4.202356
888 1463 99.341172
1238 1351 8.425898
382 1350 102.638467
1748 1581 9.433336
1404 1239 17.949999
1579 1524 9.605307
1827 1519 128.548014
1238 1238 0.000000
667 1518 83.267285
1360 1469 19.720702
669 1234 41.948570
836 1291 49.658631
1245 1245 0.000000
1400 1290 13.863637
1347 1347 0.000001
559 1235 42.127080
1062 1403 35.972382
1405 1462 4.201636
670 1289 37.803058
1583 1301 16.861310
934 1575 156.720432
1403 1348 4.207278
1293 1293 0.000000
1239 1182 4.215637
1438 1295 155.007729
1958 1178 47.813387
1244 1189 10.018307
1238 1407 12.632612
710 1349 143.201990
2178 1405 105.539007
1750 1582 9.433324
1403 1404 6.311165
839 1177 20.886485
1460 1573 8.388257
1795 1460 18.763658
1232 1233 6.421697
1515 1459 4.197111
1413 1413 0.000000
707 1636 150.339169
1008 1346 20.832527
637 1516 114.479595
1236 1292 4.214851
1636 1637 5.943770
888 1461 87.196014
1244 1188 4.215621
1244 1133 8.431287
1685 1574 8.374657
1469 1580 8.387548
1180 1236 4.216406
707 1358 137.456784
1884 1470 116.677092
1573 1517 4.191392
613 1402 50.191184
1977 1478 37.597042
888 1294 94.410290
1524 1525 6.160746
1462 1406 4.202356
2047 1463 116.406619
1182 1351 8.815645
923 1350 135.540158
1471 1581 13.566225
1295 1239 4.214085
1469 1524 4.197141
988 1519 171.044102
1238 1238 0.000000
1660 1518 136.983502
1469 1469 0.000001
1457 1234 12.740362
670 1291 46.155643
1246 1245 6.421675
839 1290 29.165073
1515 1347 8.955691
670 1235 41.948585
667 1403 64.429346
1462 1462 0.000001
1232 1289 9.998876
1245 1301 4.214834
710 1575 158.803295
1236 1348 5.483798
1238 1293 4.214102
1240 1182 10.018307
1238 1295 9.998856
839 1178 25.238393
1188 1189 6.429019
1184 1407 12.704608
831 1349 89.291756
1462 1405 4.201636
1470 1582 5.697001
888 1404 83.434255
1008 1177 12.641417
1461 1573 5.697001
670 1460 54.264691
836 1233 34.494611
836 1459 51.245725
1579 1413 17.661386
1634 1636 11.883839
839 1346 29.471278
1516 1516 0.000000
1349 1292 4.211170
1919 1637 17.880062
828 1461 109.008098
1245 1188 4.215670
1187 1133 10.017376
1517 1574 4.191421
1636 1580 4.188815
670 1236 46.749771
1301 1358 4.211154
1358 1470 5.560799
833 1517 82.950947
667 1402 59.376541
1592 1478 13.565424
888 1294 94.410290
1524 1525 6.160746
1351 1406 4.207278
834 1463 84.958143
1407 1351 4.207278
834 1350 77.187131
1977 1581 33.147649
1294 1239 4.214085
1524 1524 0.000000
1605 1519 139.024056
1406 1238 8.846439
1405 1518 8.398787
1413 1469 4.202340
1346 1234 5.483798
839 1291 33.666457
1245 1245 0.000000
668 1290 50.962948
1685 1347 21.085438
710 1235 129.312199
888 1403 77.373688
1574 1462 5.697001
194 1289 78.124528
1470 1301 8.891660
1685 1575 13.260995
1460 1348 5.560799
1292 1293 6.398740
1183 1182 6.427989
1353 1295 9.959914
1346 1178 8.815653
1245 1189 4.216389
1462 1407 9.822723
256 1349 94.397257
886 1405 101.833340
1583 1582 6.060951
710 1404 141.463457
549 1177 81.796479
1515 1573 9.605326
1460 1460 0.000001
611 1233 46.079462
1057 1459 63.577366
1469 1413 4.202340
1413 1636 12.961301
1057 1346 56.184139
1461 1516 4.197126
1403 1292 8.418949
1971 1637 22.203739
1685 1461 11.603000
1246 1188 10.018327
1246 1133 8.432023
547 1574 127.004738
1300 1580 14.351300
549 1236 96.903753
1413 1358 4.207278
1524 1470 9.724571
1687 1517 12.562020
1225 1402 61.092268
1478 1478 0.000001
1575 1294 14.351304
1546 1525 120.451284
1183 1406 12.704093
271 1463 143.542973
77 1351 82.159275
1682 1350 29.898570
432 1581 160.412630
1183 1239 4.215637
1743 1524 31.834180
184 1519 140.076305
1183 1238 10.018307
1519 1518 6.159759
77 1469 83.624273
1181 1234 22.656404
166 1291 67.437452
791 1245 43.911428
378 1290 103.214050
215 1347 113.354357
1438 1235 132.427668
934 1403 135.867688
1743 1462 17.183359
1254 1289 131.150055
28 1301 108.419674
419 1575 133.668419
310 1348 128.780443
1126 1293 8.800828
223 1182 126.277824
1604 1295 151.440435
896 1178 21.047142
625 1189 37.603250
149 1407 131.145840
319 1349 139.044411
834 1405 75.149538
52 1582 97.286467
1743 1404 25.108073
1319 1177 167.358832
431 1573 141.743527
1546 1460 144.426962
1180 1233 22.656404
166 1459 76.236387
69 1413 111.675521
77 1636 92.252677
378 1346 102.638971
1438 1516 133.714259
265 1292 133.925273
111 1637 109.176997
707 1461 162.479954
111 1188 91.283935
3 1133 85.190467
707 1574 170.533706
115 1580 129.433624
136 1236 83.498886
431 1358 145.297028
111 1470 100.066367
1768 1517 130.929451
249 1402 74.434069
426 1478 88.719512
847 1294 22.963846
1861 1525 18.248001
888 1406 95.671563
886 1463 111.607676
1238 1351 8.425898
836 1350 65.292210
52 1581 96.113861
382 1239 103.759545
1579 1524 9.605307
886 1519 115.100840
670 1238 57.160475
670 1518 67.753948
1267 1469 139.981387
1059 1234 42.534313
1514 1291 12.794897
1300 1245 4.214118
1345 1290 9.958972
1623 1347 25.858600
1344 1235 19.957928
1179 1403 10.981007
1236 1462 16.832494
1059 1289 40.033934
1300 1301 6.399766
607 1575 107.313636
1570 1348 16.791289
1238 1293 4.214102
710 1182 146.411570
28 1295 103.375523
1623 1178 29.224747
1376 1189 121.485788
226 1407 138.206601
839 1349 42.883991
1516 1405 8.398044
1804 1582 16.747171
836 1404 57.850482
194 1177 73.373791
889 1573 82.854162
1682 1460 16.751503
1680 1233 23.477688
1008 1459 29.152997
1543 1413 106.899480
1267 1636 137.990717
2210 1346 107.811392
1685 1516 9.272518
1515 1292 12.794897
1604 1637 125.359852
663 1461 95.856643
1187 1188 6.427989
848 1133 31.635922
2212 1574 96.965288
905 1580 38.284365
669 1236 51.848428
971 1358 40.074482
1432 1470 110.646414
836 1517 65.985523
1232 1402 17.949999
1591 1478 8.387548
834 1294 79.335205
1306 1525 33.389505
1351 1406 4.207278
1407 1463 4.201620
940 1351 119.815558
847 1350 26.585402
1524 1581 4.191436
1181 1239 10.018327
1301 1524 12.794907
1464 1519 4.197830
834 1238 75.439719
886 1518 109.008200
1413 1469 4.202340
839 1234 25.012777
1238 1291 16.259884
1245 1245 0.000000
194 1290 81.336932
503 1347 48.027457
837 1235 39.908182
1627 1403 11.411995
710 1462 151.241364
1288 1289 6.399766
1187 1301 13.952262
1630 1575 4.188829
1515 1348 8.955691
1432 1293 158.511718
932 1182 163.152514
1407 1295 5.516006
1571 1178 19.724480
1246 1189 4.215637
1407 1407 0.000000
1461 1349 5.560799
1461 1405 4.201604
1321 1582 116.669457
1462 1404 9.821799
194 1177 73.373791
1515 1573 9.605326
1460 1460 0.000001
889 1233 53.592159
1570 1459 8.388257
1524 1413 8.398787
1524 1636 5.791007
1458 1346 5.560799
549 1516 106.642852
1403 1292 8.418949
1300 1637 18.032074
670 1461 58.770694
1187 1188 6.427989
1190 1133 10.018284
1063 1574 48.082037
1300 1580 14.351300
382 1236 89.426558
1302 1358 4.211154
1358 1470 5.560799
226 1517 141.377543
1626 1402 11.411995
1478 1478 0.000001
1351 1294 4.211154
1301 1525 11.136993
1605 1406 141.643437
1521 1463 15.760028
905 1351 25.422590
1349 1350 6.361991
1637 1581 4.189490
773 1239 115.117387
1636 1524 5.791007
847 1519 33.203495
1321 1238 167.317723
905 1518 34.274362
1356 1469 8.408498
1458 1234 11.044596
886 1291 88.193167
1301 1245 4.214834
1062 1290 27.904511
888 1347 73.532829
503 1235 43.104183
784 1403 37.664792
667 1462 79.176003
669 1289 41.724154
1303 1301 12.798322
1521 1575 15.541430
834 1348 65.292201
1605 1293 142.463019
1182 1182 0.000000
1407 1295 5.516006
710 1178 125.202636
1301 1189 5.465001
1295 1407 5.516006
1238 1349 8.425137
710 1405 147.257130
1301 1582 14.351304
670 1404 54.569142
1287 1177 13.952271
1517 1573 4.191392
1515 1460 4.197111
889 1233 53.592159
1062 1459 34.562151
1300 1413 8.418965
1470 1636 12.573262
1238 1346 26.165888
1238 1516 16.802068
1461 1292 8.891667
1525 1637 5.791007
1460 1461 6.243950
1303 1188 20.016988
1247 1133 13.964251
834 1574 81.089274
1634 1580 9.466125
1515 1236 14.227924
1582 1358 11.257800
1583 1470 8.388227
888 1517 90.907912
1398 1402 25.235353
858 1478 37.638418
1350 1294 4.211913
988 1525 144.524224
1351 1406 4.207278
834 1463 84.958143
1464 1351 8.409225
905 1350 29.153058
1580 1581 6.060041
1350 1239 8.425898
1438 1524 145.725593
1659 1519 137.904477
1181 1238 4.215654
382 1518 110.452006
1469 1469 0.000001
782 1234 33.632501
549 1291 95.591069
1244 1245 6.420711
1345 1290 9.958972
1573 1347 16.791289
782 1235 38.600097
637 1403 117.726342
1517 1462 4.197126
50 1289 78.698459
1693 1301 20.148789
836 1575 75.491640
952 1348 29.488844
1237 1293 4.214069
1293 1182 8.430480
834 1295 85.434077
2111 1178 52.677208
1243 1189 16.296096
710 1407 158.325047
1238 1349 8.425137
1225 1405 80.018744
1973 1582 22.505029
1904 1404 37.562615
1623 1177 25.655765
1629 1573 4.188815
1680 1460 26.790014
1176 1233 4.216406
613 1459 54.327112
1636 1413 12.961301
710 1636 168.116154
1062 1346 26.279880
52 1516 90.453446
1180 1292 5.465001
2287 1637 49.861575
834 1461 73.252258
1243 1188 10.018307
1245 1133 5.458805
888 1574 94.552008
1977 1580 37.312529
1514 1236 16.802616
1432 1358 112.524048
707 1470 139.490036
1627 1517 13.423189
503 1402 49.339731
1306 1478 23.665034
834 1294 79.335205
1470 1525 4.197111
1351 1406 4.207278
1492 1463 148.165463
1407 1351 4.207278
781 1350 63.330526
1638 1581 9.466087
1240 1239 6.421697
1356 1524 8.955683
1268 1519 157.035433
1182 1238 4.216406
1996 1518 116.049481
988 1469 147.990129
1344 1234 13.918925
1236 1291 4.214085
1245 1245 0.000000
888 1290 69.676933
503 1347 48.027457
804 1235 109.080671
1225 1403 67.398399
1405 1462 4.201636
1176 1289 8.430480
1301 1301 0.000000
1238 1575 17.881917
1516 1348 8.956035
940 1293 109.931920
1295 1182 8.429697
1432 1295 150.523656
889 1178 61.977749
1247 1189 10.018286
843 1407 37.516154
1562 1349 69.156333
1405 1405 0.000000
1919 1582 19.587957
834 1404 69.282755
1062 1177 20.016976
1403 1573 12.587538
1238 1460 16.832494
1935 1233 133.131276
1514 1459 4.197830
1303 1413 13.863637
1635 1636 5.942818
1623 1346 20.969864
1348 1516 8.956035
1403 1292 8.418949
1810 1637 27.267178
836 1461 61.928467
1246 1188 10.018327
1300 1133 8.800836
1462 1574 5.697001
1409 1580 17.661386
1238 1236 12.842361
1469 1358 8.409209
1301 1470 8.891660
1398 1517 43.974603
1225 1402 61.092268
1481 1478 18.725362
1239 1294 4.214085
1919 1525 23.240997
1183 1406 12.704093
1351 1463 5.560799
1182 1351 8.815645
889 1350 85.777900
1306 1581 37.140058
637 1239 94.124301
1919 1524 25.832595
542 1519 159.080547
1181 1238 4.215654
1630 1518 5.791007
1356 1469 8.408498
895 1234 25.262804
889 1291 69.676933
1246 1245 6.421675
782 1290 37.844704
613 1347 50.075670
1489 1235 154.986785
834 1403 63.506427
1463 1462 6.243929
710 1289 121.732972
1300 1301 6.399766
1351 1575 11.257800
1236 1348 5.483798
886 1293 100.639410
905 1182 21.047126
1462 1295 12.619509
892 1178 43.597084
1358 1189 8.815645
1183 1407 10.981007
382 1349 97.851053
940 1405 110.767865
1525 1582 4.191407
670 1404 54.569142
828 1177 83.841021
1685 1573 5.905999
947 1460 59.576507
503 1233 38.654396
1347 1459 5.560799
1358 1413 4.207278
1521 1636 19.060710
1063 1346 21.071059
1459 1516 9.724551
1461 1292 8.891667
2027 1637 23.688300
1515 1461 9.724571
1301 1188 8.430480
1245 1133 5.458805
1521 1574 21.569674
1187 1580 19.724326
355 1236 95.760465
1360 1358 12.724569
1919 1470 25.128193
1630 1517 8.379517
813 1402 171.602176
1477 1478 6.243908
1180 1294 13.952262
431 1525 154.167856
265 1406 134.280886
710 1463 156.977440
271 1351 138.097835
1324 1350 159.167099
273 1581 148.823249
1519 1239 14.227924
2022 1524 33.992938
86 1519 129.045438
1349 1238 8.425137
184 1518 140.498066
59 1469 102.439049
1236 1234 12.842361
205 1291 65.432803
223 1245 112.737891
419 1290 139.802684
934 1347 132.427145
889 1235 65.821184
205 1403 70.739061
378 1462 125.284477
1320 1289 158.928714
226 1301 125.410141
378 1575 133.668194
536 1348 156.625104
1294 1293 6.399766
265 1182 124.380144
431 1295 141.373258
1349 1178 17.999589
271 1189 124.380144
310 1407 118.088596
847 1349 29.471272
20 1405 93.199568
111 1582 105.269625
378 1404 116.389455
1326 1177 124.941409
934 1573 144.918426
934 1460 139.138070
1324 1233 133.809466
24 1459 117.028485
37 1413 90.204260
710 1636 168.116154
424 1346 147.805554
259 1516 117.782463
1628 1292 16.928000
52 1637 99.547862
77 1461 90.574461
112 1188 96.861749
20 1133 77.347299
77 1574 94.530045
28 1580 121.577379
166 1236 64.121371
37 1358 87.036539
52 1470 91.710109
1757 1517 92.949426
271 1402 129.462152
759 1478 65.931962
1605 1294 146.352366
1748 1525 13.234074
834 1406 81.088152
1960 1463 45.692093
77 1351 82.159275
886 1350 104.354241
115 1581 127.137365
1605 1239 150.378373
1267 1524 141.308972
934 1519 160.458004
710 1238 145.735380
194 1518 104.425917
1438 1469 146.479710
1061 1234 30.034229
1235 1291 4.214085
1582 1245 17.881909
1400 1290 13.863637
889 1347 67.476271
1457 1235 16.832494
1347 1403 4.207278
1181 1462 14.136945
1061 1289 27.904521
1187 1301 13.952262
547 1575 132.480375
1345 1348 19.085338
955 1293 20.838255
1489 1182 162.229444
932 1295 171.581384
387 1178 58.193892
1300 1189 8.430480
115 1407 127.578715
889 1349 79.636708
1180 1405 12.704093
1356 1582 16.791274
549 1404 103.877935
50 1177 73.233488
888 1573 88.673352
1514 1460 9.724551
1909 1233 42.586799
1170 1459 55.803830
1432 1413 114.572831
89 1636 135.520944
1935 1346 129.201821
613 1516 62.625154
721 1292 74.472883
1268 1637 137.990411
1515 1461 9.724571
1247 1188 16.296075
1212 1133 147.895032
1960 1574 37.312544
1605 1580 135.288743
332 1236 74.004058
1470 1358 5.560799
1543 1470 102.889539
549 1517 112.064197
1624 1402 16.769499
1369 1478 19.719814
1351 1294 4.211154
1525 1525 0.000000
1685 1406 17.046280
1631 1463 9.143203
828 1351 119.975056
1605 1350 142.281491
1412 1581 9.037471
1406 1239 8.846079
1977 1524 37.317955
1238 1519 16.802616
889 1238 84.416830
940 1518 117.556151
1356 1469 8.408498
391 1234 46.869006
710 1291 133.400700
1301 1245 4.214834
1238 1290 22.605710
1685 1347 21.085438
1628 1235 21.776906
1179 1403 10.981007
707 1462 167.426742
1062 1289 22.142368
1247 1301 9.998835
1628 1575 15.283650
1462 1348 13.785859
1543 1293 150.470249
1321 1182 167.358518
1296 1295 6.399766
555 1178 55.415508
1301 1189 5.465001
1406 1407 6.310175
1403 1349 9.901454
1517 1405 5.620987
1583 1582 6.060951
1515 1404 8.398772
1489 1177 149.701787
1904 1573 33.561562
836 1460 56.483063
387 1233 54.869461
1291 1459 8.891660
1473 1413 22.144776
858 1636 54.275211
1459 1346 8.409240
836 1516 60.596852
1461 1292 8.891667
1645 1637 47.301613
710 1461 145.394474
1190 1188 12.857008
1187 1133 10.017376
1057 1574 82.792357
1645 1580 56.725169
469 1236 106.772594
1356 1358 12.724569
1469 1470 6.243908
932 1517 160.458089
1570 1402 9.037464
292 1478 111.910380
1183 1294 8.429697
1413 1525 5.620987
847 1406 28.305638
941 1463 114.218951
847 1351 25.017599
1351 1350 6.362989
1524 1581 4.191436
1464 1239 12.740858
1356 1524 8.955683
1605 1519 139.024056
932 1238 162.049393
542 1518 154.668999
1468 1469 6.242971
1178 1234 4.215654
836 1291 49.658631
1245 1245 0.000000
1170 1290 51.635395
889 1347 67.476271
613 1235 46.078765
947 1403 55.626892
1605 1462 137.641326
782 1289 33.349068
1190 1301 8.429697
1494 1575 137.688170
889 1348 73.531874
382 1293 98.427531
1433 1182 163.239606
1350 1295 9.959914
527 1178 125.470853
1245 1189 4.216389
1240 1407 8.846439
1489 1349 154.981903
804 1405 96.625905
1977 1582 29.371380
804 1404 102.621889
1345 1177 8.815653
1405 1573 9.037450
1462 1460 12.485779
387 1233 54.869461
1170 1459 55.803830
1359 1413 9.901413
1919 1636 21.000070
1562 1346 50.991969
710 1516 143.282478
1405 1292 8.418196
1694 1637 4.187723
1516 1461 4.197126
1579 1188 21.644703
741 1133 19.909323
889 1574 88.672434
1635 1580 4.188843
503 1236 46.351526
1187 1358 17.998695
1357 1470 8.409209
259 1517 113.902065
947 1402 49.821697
244 1478 119.526255
1406 1294 5.516006
1977 1525 33.484776
1685 1406 17.046280
387 1463 87.611591
1404 1351 16.082904
1605 1350 142.281491
1693 1581 5.905999
1516 1239 21.025261
625 1524 48.750702
1715 1519 134.961014
1182 1238 4.216406
300 1518 80.132660
1302 1469 12.619493
1398 1234 23.793494
828 1291 97.702376
1301 1245 4.214834
1399 1290 19.858474
1627 1347 14.512634
668 1235 51.848446
1124 1403 14.078411
1461 1462 6.242950
194 1289 78.124528
1525 1301 11.136993
431 1575 150.863213
503 1348 51.004585
1349 1293 4.211138
1294 1182 5.465001
888 1295 100.639410
1289 1178 8.429697
1245 1189 4.216389
271 1407 141.363038
670 1349 55.173065
2210 1405 105.788919
1637 1582 4.188829
1848 1404 33.416764
889 1177 55.803857
1572 1573 6.060992
1794 1460 21.359740
1288 1233 4.214851
1685 1459 16.751503
1244 1413 12.632612
1438 1636 140.552274
1170 1346 48.737031
1062 1516 44.059669
1516 1292 11.136993
1521 1637 24.886209
889 1461 81.186687
1242 1188 16.295081
1301 1133 8.801180
887 1574 100.479309
988 1580 152.666377
1404 1236 8.846439
1543 1358 105.104365
1773 1470 125.156633
1347 1517 17.780446
611 1402 58.688037
203 1478 112.475197
1351 1294 4.211154
1411 1525 13.686449
1183 1406 12.704093
1269 1463 155.007922
1406 1351 4.207278
1794 1350 33.442652
2024 1581 27.489246
1239 1239 0.000000
1636 1524 5.791007
1214 1519 154.986404
1433 1238 162.307960
2012 1518 51.979060
1977 1469 37.597042
1401 1234 8.846071
1347 1291 4.211154
1301 1245 4.214834
889 1290 63.576448
1685 1347 21.085438
710 1235 129.312199
382 1403 92.582519
1351 1462 8.409225
1288 1289 6.399766
1246 1301 4.214085
707 1575 175.811175
1348 1348 0.000001
1655 1293 145.430040
1351 1182 8.815645
1543 1295 142.155206
387 1178 58.193892
1303 1189 13.952262
1267 1407 163.553996
1516 1349 8.955698
1349 1405 4.207262
1584 1582 12.118861
839 1404 42.085401
1170 1177 45.000011
1459 1573 13.565405
1432 1460 152.452000
1173 1233 22.656404
1173 1459 37.616995
1190 1413 12.704093
1862 1636 16.777149
387 1346 62.946110
1291 1516 12.794897
1237 1292 4.214102
1923 1637 34.102536
886 1461 99.341192
1186 1188 12.856987
1188 1133 4.215666
1405 1574 9.037464
1521 1580 15.542372
1489 1236 158.449531
1186 1358 23.878826
1302 1470 8.891660
607 1517 97.819795
382 1402 87.945956
1703 1478 13.081781
1294 1294 0.000000
1473 1525 21.885175
1685 1406 17.046280
1462 1463 6.243929
1350 1351 6.362989
259 1350 105.376825
1636 1581 4.188858
1183 1239 4.215637
1473 1524 28.037230
847 1519 33.203495
1407 1238 12.632612
1461 1518 9.724551
1525 1469 4.197814
1458 1234 11.044596
834 1291 61.293159
1302 1245 9.998835
559 1290 42.816852
503 1347 48.027457
1562 1235 58.874724
839 1403 37.516162
1406 1462 4.202356
271 1289 121.350249
1249 1301 22.605710
1515 1575 21.569674
1348 1348 0.000001
1406 1293 8.418965
847 1182 17.769779
1183 1295 5.465001
1401 1178 12.704093
1301 1189 5.465001
1353 1407 9.901433
542 1349 142.064492
934 1405 148.460972
1413 1582 9.037457
707 1404 158.325618
1173 1177 25.714016
1904 1573 33.561562
784 1460 41.784899
721 1233 53.326633
1059 1459 51.570009
1302 1413 8.418196
1748 1636 6.043993
1061 1346 31.928517
1517 1516 6.159759
1405 1292 8.418196
1637 1637 0.000000
1351 1461 13.785840
1244 1188 4.215621
1302 1133 12.646073
497 1574 93.489718
1645 1580 56.725169
828 1236 100.017518
1245 1358 8.425882
1473 1470 18.726320
1684 1517 12.562005
382 1402 87.945956
1364 1478 13.786707
1350 1294 4.211913
37 1525 95.770235
185 1406 134.489791
707 1463 170.856985
710 1351 154.141558
1327 1350 144.001464
227 1581 142.666977
1349 1239 13.918925
1909 1524 47.282886
792 1519 36.211338
1519 1238 16.802616
538 1518 164.731878
1543 1469 108.538904
447 1234 44.686792
836 1291 49.658631
185 1245 120.072772
424 1290 146.067290
205 1347 68.987417
1211 1235 153.722515
215 1403 113.998718
1855 1462 22.803060
1404 1289 19.859402
52 1301 82.937996
1743 1575 9.433324
477 1348 149.555927
1349 1293 4.211138
258 1182 91.952286
355 1295 82.124208
813 1178 162.230171
59 1189 88.333397
595 1407 162.544106
300 1349 78.423097
889 1405 83.433301
1148 1582 93.030295
1855 1404 29.626378
1382 1177 121.486190
1268 1573 146.651157
1268 1460 145.437930
1181 1233 29.045380
836 1459 51.245725
29 1413 111.532922
59 1636 111.577148
1743 1346 38.937746
20 1516 99.524583
1183 1292 20.015999
1148 1637 95.941733
271 1461 139.552696
637 1188 62.105827
259 1133 69.827125
1238 1574 16.741598
932 1580 156.720337
24 1236 105.689096
215 1358 76.111928
1126 1470 53.592133
381 1517 110.451990
50 1402 84.337440
815 1478 67.529746
1486 1294 146.332791
1749 1525 11.835001
889 1406 89.535731
775 1463 106.446714
670 1351 65.509488
1546 1350 152.315797
113 1581 117.792491
577 1239 69.865129
1211 1524 140.091628
549 1519 122.992425
804 1238 90.909515
271 1518 145.498596
1211 1469 138.344364
1113 1234 58.091763
1562 1291 60.939437
905 1245 30.375487
1343 1290 22.504029
387 1347 66.651268
1288 1235 16.260875
1627 1403 11.411995
1348 1462 13.785859
1121 1289 8.800828
905 1301 34.562217
554 1575 94.857299
1569 1348 21.813569
1682 1293 29.336888
527 1182 105.725848
1350 1295 9.959914
889 1178 61.977749
905 1189 31.782884
1321 1407 155.017609
834 1349 71.206788
1236 1405 12.632612
2257 1582 55.111321
355 1404 99.350588
804 1177 117.132289
387 1573 83.240763
1404 1460 4.202356
1794 1233 29.487347
1124 1459 17.691998
1433 1413 120.423234
1211 1636 137.312858
1934 1346 129.890079
611 1516 71.804120
1685 1292 20.148648
988 1637 143.201538
721 1461 80.915487
1184 1188 25.713973
739 1133 21.776240
887 1574 100.479309
1582 1580 12.118861
947 1236 56.057531
1300 1358 9.959935
710 1470 156.977445
934 1517 148.319797
1793 1402 22.451453
1817 1478 25.091674
1438 1294 150.523651
1977 1525 33.484776
1515 1406 19.541864
1576 1463 8.388242
1406 1351 4.207278
813 1350 150.570017
858 1581 50.087074
1238 1239 6.421697
1186 1524 20.886852
1690 1519 17.359180
1505 1238 79.982473
934 1518 154.425891
1301 1469 8.892006
889 1234 59.681253
804 1291 106.951145
1302 1245 9.998835
527 1290 129.203201
613 1347 50.075670
1515 1235 14.227924
1573 1403 12.587538
670 1462 63.570559
1344 1289 9.959935
1359 1301 9.959894
1349 1575 16.791274
503 1348 51.004585
1433 1293 160.498284
1350 1182 8.816010
1406 1295 8.418196
1515 1178 17.770593
1302 1189 8.429697
1182 1407 12.704093
888 1349 85.778866
1293 1405 5.516006
1525 1582 4.191407
721 1404 76.867299
1433 1177 153.806927
1462 1573 8.387533
886 1460 93.249759
1623 1233 21.776910
1512 1459 15.760985
1305 1413 26.025935
1420 1636 50.321459
1178 1346 8.815653
886 1516 96.905271
1405 1292 8.418196
1187 1637 25.655760
707 1461 162.479954
1303 1188 20.016988
1247 1133 13.964251
1059 1574 70.888208
1524 1580 4.191392
300 1236 77.937583
1304 1358 16.189289
1301 1470 8.891660
1350 1517 8.955698
1345 1402 9.900499
1477 1478 6.243908
1293 1294 6.399766
856 1525 38.260914
577 1406 77.277001
885 1463 117.773130
1351 1351 0.000001
1183 1350 12.641400
1470 1581 8.388227
1241 1239 12.842340
1468 1524 4.197095
566 1519 49.070707
1406 1238 8.846439
382 1518 110.452006
1357 1469 5.560799
1624 1234 21.776906
355 1291 99.959418
1302 1245 9.998835
1124 1290 12.646089
387 1347 66.651268
500 1235 54.267287
559 1403 50.793599
2178 1462 103.604154
947 1289 41.765083
1247 1301 9.998835
711 1575 152.864458
839 1348 37.877472
577 1293 79.347394
527 1182 105.725848
1182 1295 8.429697
194 1178 76.660938
1302 1189 8.429697
1462 1407 9.822723
804 1349 98.747967
77 1405 87.063616
856 1582 39.379308
1489 1404 151.693859
1455 1177 21.047832
1742 1573 12.560470
503 1460 55.836987
888 1233 59.682213
1124 1459 17.691998
1414 1413 6.310175
1473 1636 28.758720
194 1346 82.090380
297 1516 75.594156
1293 1292 6.398740
1583 1637 9.466087
1292 1461 8.891667
1247 1188 16.296075
1191 1133 16.296074
839 1574 54.657328
1580 1580 0.000001
721 1236 70.410120
1359 1358 6.362968
1356 1470 13.785840
1438 1517 138.295696
782 1402 41.705861
259 1478 66.372677
886 1294 106.878141
1268 1525 141.308632
1515 1406 19.541864
889 1463 93.249759
1182 1351 8.815645
577 1350 78.251384
1747 1581 12.559854
1406 1239 8.846079
858 1524 50.478563
2047 1519 113.976558
1404 1238 12.631871
542 1518 154.668999
1301 1469 8.892006
947 1234 43.772946
355 1291 99.959418
1432 1245 120.319023
1287 1290 19.196518
1179 1347 8.815645
947 1235 49.884887
1170 1403 58.513820
1237 1462 12.740362
173 1289 102.453296
1751 1301 26.005824
601 1575 140.978099
1459 1348 8.408482
1405 1293 5.516006
1349 1182 12.641400
259 1295 97.355251
1627 1178 23.251894
1413 1189 10.981007
707 1407 168.588309
1489 1349 154.981903
667 1405 75.060951
1974 1582 22.505029
998 1404 94.686479
391 1177 43.392143
1853 1573 15.639756
1962 1460 29.258456
1456 1233 12.740858
503 1459 53.106687
1243 1413 17.950887
625 1636 54.126420
1124 1346 16.856982
28 1516 110.204685
1291 1292 6.399744
1308 1637 46.599374
839 1461 46.285667
1636 1188 22.393001
1356 1133 12.682230
1462 1574 5.697001
1268 1580 146.651014
449 1236 44.686428
1356 1358 12.724569
1438 1470 142.486170
2019 1517 28.933839
721 1402 65.773557
836 1478 164.240022
843 1294 29.165718
1300 1525 12.794907
1628 1406 16.769499
1548 1463 146.157975
1350 1351 6.362989
462 1350 66.659292
1696 1581 18.757397
1294 1239 4.214085
1413 1524 8.398787
828 1519 124.766702
1489 1238 160.409690
1827 1518 128.186680
1186 1469 21.047093
1402 1234 8.846086
1238 1291 16.259884
1302 1245 9.998835
387 1290 62.538082
613 1347 50.075670
527 1235 124.989178
300 1403 86.385402
1517 1462 4.197126
839 1289 25.467259
1302 1301 6.398740
527 1575 113.869934
1404 1348 4.208027
934 1293 147.734455
1239 1182 4.215637
1433 1295 155.008118
888 1178 68.180845
1187 1189 12.857008
1295 1407 5.516006
941 1349 100.950824
1293 1405 5.516006
1923 1582 33.561562
889 1404 77.373688
1117 1177 29.046394
1683 1573 13.261013
1433 1460 151.725918
549 1233 80.538143
166 1459 76.236387
1188 1413 12.704608
2029 1636 31.821706
889 1346 61.482921
1236 1516 14.228145
1293 1292 6.398740
1470 1637 9.143203
934 1461 145.381987
1301 1188 8.430480
1247 1133 13.964251
1685 1574 8.374657
1413 1580 12.587523
804 1236 103.028046
1302 1358 4.211154
1245 1470 12.740848
653 1517 157.277466
1346 1402 4.207294
1424 1478 15.939915
1351 1294 4.211154
1582 1525 4.191407
1628 1406 16.769499
1405 1463 9.822743
932 1351 170.098761
1293 1350 4.211170
1693 1581 5.905999
1239 1239 0.000000
1305 1524 33.389545
1577 1519 9.605307
1350 1238 5.483798
1742 1518 11.835001
1358 1469 8.409209
1288 1234 9.998856
1505 1291 63.825048
1358 1245 8.425882
1398 1290 26.025945
721 1347 67.155784
707 1235 145.735938
387 1403 70.778572
1629 1462 9.143210
1177 1289 5.465001
1188 1301 8.430480
1628 1575 15.283650
1291 1348 4.211154
1573 1293 14.351300
218 1182 108.523431
1628 1295 25.173216
895 1178 26.193221
1302 1189 8.429697
1685 1407 20.942835
905 1349 33.687782
601 1405 128.971017
1694 1582 5.905999
77 1404 88.738042
355 1177 104.907377
1571 1573 12.118881
1398 1460 34.617964
1515 1233 21.025261
1113 1459 65.821166
1246 1413 8.846079
1693 1636 4.187751
1113 1346 58.722910
1405 1516 8.398044
1293 1292 6.398740
1863 1637 16.777149
1628 1461 9.143210
1302 1188 13.952262
1358 1133 12.682716
947 1574 73.100084
1524 1580 4.191392
166 1236 64.121371
1244 1358 13.918925
1305 1470 23.665034
1740 1517 13.233650
300 1402 90.372261
1309 1478 8.892006
316 1294 138.961790
1380 1525 137.914218
1628 1406 16.769499
77 1463 87.595287
249 1351 62.381652
1381 1350 150.510596
572 1581 51.430066
1628 1239 25.096883
1916 1524 21.828140
269 1519 147.075824
1184 1238 16.296096
269 1518 147.564758
710 1469 162.480176
1291 1234 9.998876
934 1291 135.165488
680 1245 41.947884
462 1290 80.940312
1604 1347 133.781273
259 1235 112.104993
1604 1403 134.104905
462 1462 70.841446
1207 1289 167.354140
932 1301 147.734372
424 1575 154.855023
475 1348 138.296018
111 1293 112.578188
791 1182 19.724518
215 1295 95.250145
1239 1178 29.046383
50 1189 86.500835
475 1407 124.336883
542 1349 142.064492
89 1405 119.642250
1126 1582 55.159947
462 1404 75.225146
2047 1177 116.769614
1546 1573 140.551296
1380 1460 142.104702
666 1233 51.848437
136 1459 96.206186
431 1413 149.177614
249 1636 76.781538
419 1346 143.525272
1211 1516 154.986844
1571 1292 16.861322
1126 1637 53.326751
670 1461 58.770694
113 1188 101.687059
89 1133 110.214826
670 1574 67.153553
52 1580 95.097793
431 1236 125.744690
69 1358 109.980234
1148 1470 93.121768
2046 1517 113.293772
527 1402 132.727444
905 1478 87.195994
1546 1294 154.864059
1693 1525 9.272809
387 1406 83.415381
2010 1463 65.714134
804 1351 86.740059
355 1350 90.696665
1148 1581 99.086959
218 1239 109.309628
89 1524 129.754036
601 1519 142.645134
249 1238 58.551736
77 1518 91.029658
89 1469 126.632523
1121 1234 8.431271
2047 1291 118.081630
1376 1245 123.942946
1286 1290 25.595136
888 1347 73.532829
1176 1235 16.296096
2016 1403 34.750068
784 1462 50.464201
1113 1289 55.190468
847 1301 44.059458
497 1575 98.458622
1290 1348 9.959914
1514 1293 21.931078
271 1182 129.407192
52 1295 78.723793
391 1178 45.288909
1605 1189 146.410945
52 1407 84.239061
387 1349 74.834958
777 1405 84.747628
1806 1582 12.116997
886 1404 95.671563
173 1177 97.708615
834 1573 75.491649
1238 1460 16.832494
1795 1233 31.297566
1117 1459 41.656528
271 1413 134.280886
1579 1636 9.466106
1605 1346 123.735241
721 1516 79.409566
613 1292 54.997574
1977 1637 28.969470
503 1461 59.069874
1299 1188 8.429697
1524 1133 19.590330
2176 1574 100.783794
1604 1580 132.716788
782 1236 43.911400
1299 1358 16.189268
1433 1470 116.435153
886 1517 102.940432
1176 1402 16.847833
1426 1478 28.376060
1773 1294 139.901577
988 1525 144.524224
1628 1406 16.769499
1352 1463 8.409225
1182 1351 8.815645
218 1350 117.255212
1692 1581 8.374671
1407 1239 8.846079
1306 1524 39.372420
1492 1519 146.196568
1561 1238 83.031634
1406 1518 5.620987
1245 1469 11.044596
834 1234 51.373286
249 1291 66.713046
1357 1245 5.483798
710 1290 127.598951
1571 1347 11.257800
390 1235 51.693773
1289 1403 13.863618
527 1462 116.172288
1457 1289 8.891667
1303 1301 12.798322
1740 1575 17.180072
560 1348 46.781867
710 1293 144.646514
226 1182 126.559314
1352 1295 4.211913
500 1178 50.087628
1244 1189 10.018307
1432 1407 146.671149
998 1349 97.475095
1237 1405 8.846071
1636 1582 9.466125
1351 1404 16.082904
1432 1177 158.952711
613 1573 66.814403
549 1460 102.552809
888 1233 59.682213
1569 1459 13.565405
1249 1413 23.793504
1411 1636 12.960834
1624 1346 16.941680
1546 1516 142.702798
1459 1292 12.619509
1419 1637 38.536579
1489 1461 149.458527
1247 1188 16.296075
1303 1133 18.024077
1121 1574 38.599188
905 1580 38.284365
1225 1236 70.621784
965 1358 19.458388
1302 1470 8.891660
52 1517 90.058209
1400 1402 12.620636
1309 1478 8.892006
1240 1294 9.998856
1525 1525 0.000000
218 1406 118.031968
1494 1463 142.361192
577 1351 73.083772
1293 1350 4.211170
1412 1581 9.037471
882 1239 134.213224
1580 1524 4.191392
813 1519 143.096175
1181 1238 4.215654
2178 1518 101.520116
1525 1469 4.197814
949 1234 31.879642
549 1291 95.591069
1357 1245 5.483798
1346 1290 4.211170
834 1347 59.466406
1685 1235 25.807208
1398 1403 31.538996
905 1462 33.520750
559 1289 40.098852
1300 1301 6.399766
1660 1575 134.718481
1623 1348 31.201358
847 1293 25.467253
1432 1182 158.952403
960 1295 17.646776
804 1178 111.149198
1358 1189 8.815645
1577 1407 12.587523
670 1349 55.173065
173 1405 94.292794
1306 1582 31.442812
1562 1404 65.311441
1400 1177 12.704608
1739 1573 12.560484
721 1460 75.347858
1623 1233 21.776910
637 1459 121.768749
1470 1413 4.201620
1810 1636 32.660111
1432 1346 154.577336
1432 1516 149.458465
1403 1292 8.418949
1749 1637 6.043993
1350 1461 8.408482
1300 1188 5.465001
1190 1133 10.018284
387 1574 87.323133
1746 1580 12.560484
1462 1236 16.832494
1414 1358 4.207278
965 1470 24.959016
387 1517 83.140667
666 1402 64.428546
339 1478 128.104757
885 1294 113.120385
1213 1525 145.505212
1628 1406 16.769499
259 1463 105.848092
1350 1351 6.362989
667 1350 76.459719
1861 1581 15.639918
1182 1239 4.215637
1267 1524 141.308972
1996 1519 117.205873
1180 1238 10.017357
153 1518 122.480974
1358 1469 8.409209
559 1234 38.906054
69 1291 85.292146
1246 1245 6.421675
951 1290 25.276993
1289 1347 9.959914
669 1235 46.750550
1008 1403 29.489105
1403 1462 15.939895
77 1289 89.330518
1748 1301 23.767136
988 1575 167.133427
839 1348 37.877472
898 1293 29.476644
1405 1182 12.704608
1269 1295 163.139522
2016 1178 45.459143
1358 1189 8.815645
77 1407 84.224576
707 1349 159.030121
2058 1405 72.967619
1692 1582 13.260995
888 1404 83.434255
834 1177 47.341205
1796 1573 13.426040
2067 1460 35.262763
1344 1233 8.425898
500 1459 62.725127
1358 1413 4.207278
89 1636 135.520944
1117 1346 33.871965
1064 1516 33.667507
1350 1292 9.958972
536 1637 125.487348
387 1461 78.963191
1413 1188 12.704608
1243 1133 13.963402
1405 1574 9.037464
1604 1580 132.716788
1236 1236 0.000000
1244 1358 13.918925
2059 1470 100.019297
1289 1517 27.538668
1515 1402 8.398772
166 1478 105.092374
1773 1294 139.901577
1299 1525 16.813579
1685 1406 17.046280
1407 1463 4.201620
1464 1351 8.409225
419 1350 130.189131
2120 1581 33.159979
956 1239 21.062946
1693 1524 9.272524
934 1519 160.458004
1377 1238 165.921608
1992 1518 117.205874
1268 1469 145.438581
1288 1234 9.998856
1291 1291 0.000000
1357 1245 5.483798
1623 1290 25.173224
721 1347 67.155784
194 1235 80.670337
256 1403 102.418188
1293 1462 8.891667
1457 1289 8.891667
1358 1301 4.211154
1432 1575 141.715887
1180 1348 8.816010
1544 1293 153.318876
1184 1182 12.857008
1464 1295 8.892013
1623 1178 29.224747
1191 1189 12.857008
1211 1407 165.921587
1884 1349 130.183656
1461 1405 4.201604
1810 1582 26.078987
1623 1404 32.742939
1064 1177 8.430477
1740 1573 9.433330
710 1460 139.489749
1544 1233 150.811829
1682 1459 13.082219
1420 1413 44.132280
2164 1636 41.157409
834 1346 53.757226
1798 1516 17.358401
1461 1292 8.891667
1524 1637 8.379517
355 1461 99.084996
1242 1188 16.295081
1190 1133 10.018284
1461 1574 8.387533
1244 1580 16.741598
194 1236 84.105900
1977 1358 39.031758
1469 1470 6.243908
784 1517 50.086900
1458 1402 4.201636
1595 1478 31.271913
1184 1294 13.952262
1810 1525 30.215956
1353 1406 16.082883
889 1463 93.249759
1463 1351 5.560799
1462 1350 5.560799
1749 1581 9.433604
1240 1239 6.421697
1810 1524 35.370327
667 1519 88.705905
1463 1238 12.740858
1687 1518 9.272511
1636 1469 9.143216
1178 1234 4.215654
387 1291 66.477229
1244 1245 6.420711
833 1290 61.293159
611 1347 59.209435
1433 1235 159.144353
1505 1403 62.444711
1575 1462 8.388242
1625 1289 16.928000
1191 1301 13.952262
721 1575 94.479909
1572 1348 11.257800
1516 1293 12.794410
1349 1182 12.641400
1685 1295 25.167587
1458 1178 14.136945
1244 1189 10.018307
1628 1407 21.674278
300 1349 78.423097
1406 1405 6.311186
1639 1582 9.466125
249 1404 69.380040
934 1177 121.486239
1827 1573 123.573423
668 1460 63.570559
388 1233 51.693768
1627 1459 9.143203
1245 1413 8.846432
1409 1636 21.675080
1166 1346 74.097227
1683 1516 12.562005
1517 1292 12.794410
1858 1637 20.952469
721 1461 80.915487
1358 1188 12.641417
1469 1133 16.503401
941 1574 108.645373
1411 1580 9.037464
1236 1236 0.000000
1246 1358 5.483798
1810 1470 29.526937
1797 1517 15.267916
759 1402 170.962127
1531 1478 15.760964
960 1294 20.838268
1268 1525 141.308632
485 1406 150.373483
670 1463 68.602637
707 1351 165.487599
1548 1350 149.555945
272 1581 146.428037
1240 1239 6.421697
1855 1524 33.986754
372 1519 154.194053
1240 1238 12.843347
1294 1518 11.136993
625 1469 47.494141
414 1234 121.860383
1268 1291 146.096027
1659 1245 133.250157
433 1290 110.985233
836 1347 48.209277
3 1235 94.175000
1214 1403 136.227211
433 1462 133.373068
1324 1289 136.140076
113 1301 103.886468
2094 1575 107.597160
595 1348 150.703475
1183 1293 13.952262
139 1182 88.906392
601 1295 136.863009
1183 1178 32.142992
249 1189 56.715489
536 1407 150.734385
133 1349 74.774369
1211 1405 163.265855
113 1582 114.911518
1794 1404 25.400475
1269 1177 128.364222
1380 1573 142.335431
1214 1460 138.343739
1214 1233 121.908520
1604 1459 129.916877
1546 1413 123.589438
707 1636 150.339169
1794 1346 23.374797
89 1516 123.194910
537 1292 153.703884
1093 1637 99.952726
249 1461 70.976229
115 1188 110.029429
458 1133 39.653037
271 1574 147.205590
113 1580 120.609803
836 1236 51.373296
934 1358 157.649277
1093 1470 96.889742
1573 1517 4.191392
1238 1402 23.793504
1419 1478 15.940843
300 1294 70.718710
2198 1525 42.987830
20 1406 92.545875
831 1463 102.940326
271 1351 138.097835
1544 1350 149.556315
1098 1581 132.983565
256 1239 82.346618
1269 1524 150.834193
940 1519 123.706838
1489 1238 160.409690
1238 1518 14.228145
858 1469 46.286363
1057 1234 55.190437
1884 1291 128.702342
847 1245 39.908200
1287 1290 19.196518
834 1347 59.466406
896 1235 25.262820
2019 1403 36.948592
728 1462 50.082996
1057 1289 52.500211
1605 1301 142.462896
494 1575 113.869916
1626 1348 16.941680
1180 1293 8.429697
178 1182 106.107446
1321 1295 158.928863
834 1178 53.308431
847 1189 41.475860
28 1407 108.788087
1505 1349 72.339012
831 1405 93.119781
1860 1582 17.586762
934 1404 142.162312
77 1177 84.171405
1623 1573 33.078612
1625 1460 17.519929
1734 1233 29.923856
1064 1459 24.992462
670 1413 103.309444
1269 1636 146.352264
1214 1346 127.559877
503 1516 59.825975
611 1292 65.143357
1546 1637 116.992675
887 1461 93.249769
1579 1188 21.644703
1353 1133 27.881645
2044 1574 111.360402
319 1580 146.713541
554 1236 69.864305
1359 1358 6.362968
1438 1470 142.486170
1546 1517 143.788913
1680 1402 20.942850
1424 1478 15.939915
1884 1294 135.379714
1301 1525 11.136993
1183 1406 12.704093
1463 1463 0.000001
934 1351 157.649271
382 1350 102.638467
1411 1581 12.586836
1296 1239 9.998876
1356 1524 8.955683
1772 1519 131.711346
843 1238 25.012784
601 1518 137.048370
1525 1469 4.197814
1175 1234 16.295091
707 1291 149.942751
1248 1245 19.263875
1489 1290 150.833858
500 1347 58.398976
500 1235 54.267287
2016 1403 34.750068
1543 1462 141.716081
1232 1289 9.998876
1414 1301 8.418196
1462 1575 8.388242
721 1348 72.795903
1404 1293 8.418196
1406 1182 10.981007
1520 1295 12.794907
390 1178 47.813635
965 1189 10.980599
1543 1407 138.294085
1405 1349 4.207262
1403 1405 12.620615
1693 1582 8.375303
560 1404 50.793599
1543 1177 158.355430
721 1573 83.434840
934 1460 139.138070
1232 1233 6.421697
1516 1459 9.724551
1919 1413 28.598431
1299 1636 18.031731
1683 1346 18.223946
934 1516 142.180782
1293 1292 6.398740
1470 1637 9.143203
1516 1461 4.197126
1300 1188 5.465001
1300 1133 8.800836
1166 1574 99.085767
1419 1580 47.138129
256 1236 93.942755
1301 1358 4.211154
1245 1470 12.740848
1573 1517 4.191392
1234 1402 8.846086
137 1478 81.330331
1239 1294 4.214085
1358 1525 8.955691
745 1406 76.866421
604 1463 121.769636
542 1351 150.530385
1240 1350 13.919847
1750 1581 12.560457
1660 1239 151.211046
1693 1524 9.272524
542 1519 159.080547
1350 1238 5.483798
577 1518 80.634585
688 1469 43.427838
1232 1234 12.842340
521 1291 93.119666
1358 1245 8.425882
952 1290 20.838268
1505 1347 60.025900
721 1235 64.622028
669 1403 54.569142
1405 1462 4.201636
666 1289 56.047871
1359 1301 9.959894
941 1575 114.688443
1505 1348 66.184898
256 1293 90.277800
1543 1182 150.579868
1406 1295 8.418196
173 1178 94.508825
965 1189 10.980599
1519 1407 5.620987
707 1349 159.030121
178 1405 118.781421
1358 1582 11.257800
1460 1404 4.202356
1399 1177 16.847841
1403 1573 12.587538
613 1460 58.436147
834 1233 45.561684
1064 1459 24.992462
1188 1413 12.704608
2324 1636 55.198826
122 1346 90.519070
1433 1516 149.458546
1517 1292 12.794410
1751 1637 13.079412
1629 1461 9.143196
1190 1188 12.857008
1187 1133 10.017376
1505 1574 75.724487
2026 1580 27.112578
613 1236 50.782775
1303 1358 9.959935
1415 1470 9.822743
889 1517 84.958301
332 1402 74.475217
1366 1478 5.560799
941 1294 109.931941
1306 1525 33.389505
1183 1406 12.704093
839 1463 56.483072
1407 1351 4.207278
300 1350 74.772652
1691 1581 13.261030
1180 1239 16.295102
1420 1524 50.135234
1660 1519 137.904433
1350 1238 5.483798
90 1518 123.194880
1413 1469 4.202340
332 1234 65.938548
29 1291 92.731226
1356 1245 8.425153
1568 1290 20.998110
1430 1347 157.105471
553 1235 69.865129
1064 1403 25.278004
1293 1462 8.891667
804 1289 119.059620
1749 1301 22.971994
828 1575 122.160123
890 1348 67.475326
1462 1293 8.891667
1237 1182 10.018307
1884 1295 136.186111
2019 1178 49.423162
1246 1189 4.215637
1433 1407 150.556913
804 1349 98.747967
1605 1405 138.177112
1807 1582 13.426023
1792 1404 33.729284
888 1177 61.978721
1516 1573 4.191421
1855 1460 29.257458
895 1233 20.856397
1904 1459 29.847682
1245 1413 8.846432
1579 1636 9.466106
1064 1346 16.720767
1124 1516 19.590485
1181 1292 8.429697
1409 1637 27.084264
259 1461 113.638620
1409 1188 22.089180
1186 1133 16.295122
942 1574 102.621720
1306 1580 42.983798
1238 1236 12.842361
1469 1358 8.409209
1335 1470 141.253720
1179 1517 20.886852
1685 1402 20.943543
215 1478 69.884538
1184 1294 13.952262
1579 1525 15.542372
1515 1406 19.541864
1324 1463 157.105554
1238 1351 8.425898
1430 1350 146.312341
1637 1581 4.189490
1185 1239 16.295102
1358 1524 12.604572
886 1519 115.100840
1432 1238 159.144472
1492 1518 144.459202
1301 1469 8.892006
1513 1234 14.227920
1512 1291 21.931096
1248 1245 19.263875
834 1290 55.418319
611 1347 59.209435
77 1235 83.662442
813 1403 166.313630
1461 1462 6.242950
503 1289 42.096348
1244 1301 9.998856
1489 1575 142.702675
1291 1348 4.211154
601 1293 126.236408
1294 1182 5.465001
1266 1295 167.324735
834 1178 53.308431
1359 1189 12.641384
1438 1407 150.556583
886 1349 98.143346
1237 1405 8.846071
540 1582 143.370036
387 1404 74.793752
1232 1177 10.018327
1739 1573 12.560484
194 1460 93.400951
240 1233 57.515103
934 1459 132.897582
1300 1413 8.418965
2026 1636 23.598659
888 1346 67.476251
1180 1516 16.601994
1402 1292 13.864533
1473 1637 23.022654
1546 1461 146.158015
1302 1188 13.952262
1303 1133 18.024077
1740 1574 12.559840
1243 1580 17.881924
527 1236 120.103166
1245 1358 8.425882
1356 1470 13.785840
554 1517 85.622235
1624 1402 16.769499
1372 1478 40.861205
259 1294 101.253800
1249 1525 26.107908
1515 1406 19.541864
1517 1463 9.724571
1296 1351 9.959935
1505 1350 78.480781
988 1581 146.901678
1351 1239 5.483798
1249 1524 31.637002
1351 1519 8.955691
1296 1238 16.260875
1293 1518 12.794907
1301 1469 8.892006
1457 1234 12.740362
1623 1291 30.057166
1469 1245 11.044596
669 1290 46.155643
1462 1347 19.719794
1432 1235 162.307890
1623 1403 27.083401
1516 1462 9.723640
1234 1289 4.214069
1189 1301 5.465001
1571 1575 24.220408
1516 1348 8.956035
885 1293 106.877141
319 1182 133.680321
420 1295 125.443418
949 1178 33.774712
1248 1189 16.295081
840 1407 52.352614
133 1349 74.774369
1350 1405 4.207294
1693 1582 8.375303
1348 1404 4.208027
886 1177 74.403143
1462 1573 8.387533
554 1460 76.451810
1685 1233 33.538097
1570 1459 8.388257
1357 1413 4.208011
1580 1636 4.188815
1123 1346 12.682738
1739 1516 13.234065
1349 1292 4.211170
1805 1637 9.629296
1571 1461 13.565405
1356 1188 8.815637
1244 1133 8.431287
554 1574 89.763860
905 1580 38.284365
136 1236 83.498886
1301 1358 4.211154
1249 1470 22.022652
1461 1517 4.197095
1605 1402 124.697562
1758 1478 14.964040
845 1294 22.964128
24 1525 109.475554
482 1406 156.131111
249 1463 67.842401
670 1351 65.509488
1514 1350 23.493992
150 1581 137.737574
1185 1239 16.295102
433 1524 158.172200
1519 1519 0.000000
898 1238 30.375470
86 1518 129.754001
707 1469 145.394720
1406 1234 29.854693
1604 1291 137.990556
1496 1245 160.409686
1743 1290 38.138007
1268 1347 142.178407
834 1235 57.295056
836 1403 52.352614
2022 1462 36.016455
1514 1289 12.794410
112 1301 98.874410
433 1575 141.743439
149 1348 124.083666
1093 1293 151.020517
185 1182 123.560383
1546 1295 153.318908
1365 1178 118.604707
458 1189 43.483533
250 1407 66.149054
426 1349 149.411775
1438 1405 142.104847
115 1582 124.639462
433 1404 124.337312
1773 1177 124.584474
24 1573 121.893238
431 1460 133.373140
1215 1233 115.508104
37 1459 106.727484
24 1413 104.011160
50 1636 106.229920
1855 1346 41.921582
889 1516 79.068797
185 1292 126.795443
1149 1637 101.872633
1238 1461 12.740362
1126 1188 41.858665
1438 1133 157.977933
249 1574 74.727455
1321 1580 127.749475
37 1236 94.512470
29 1358 109.246845
1098 1470 128.039909
1941 1517 116.940843
707 1402 147.256876
1582 1478 49.436808
566 1294 37.179822
1972 1525 25.805674
625 1406 43.606265
1562 1463 79.519799
707 1351 165.487599
934 1350 151.353537
971 1581 51.197763
1486 1239 145.505462
625 1524 48.750702
431 1519 150.715160
77 1238 78.279053
804 1518 92.554493
259 1469 83.716636
1123 1234 8.432056
1996 1291 119.647009
1605 1245 146.626734
893 1290 40.018903
391 1347 54.103822
1401 1235 12.632612
1573 1403 12.587538
1798 1462 17.813998
1123 1289 12.646089
1376 1301 120.117292
332 1575 99.078988
1512 1348 23.493992
1235 1293 16.259863
194 1182 90.717373
1406 1295 8.418196
888 1178 68.180845
1582 1189 19.724322
1123 1407 31.879804
1623 1349 36.798127
1238 1405 8.846086
1636 1582 9.466125
69 1404 92.497250
249 1177 67.887656
259 1573 118.060474
1235 1460 12.740362
2192 1233 58.625664
637 1459 121.768749
710 1413 158.325052
625 1636 54.126420
2058 1346 60.771341
384 1516 91.807390
500 1292 62.940469
1605 1637 128.688203
888 1461 87.196014
1185 1188 19.285984
1470 1133 17.692350
2091 1574 107.431389
847 1580 45.930348
494 1236 88.924985
1414 1358 4.207278
1266 1470 128.430644
355 1517 98.877645
839 1402 33.534222
1592 1478 13.565424
1561 1294 85.160529
1413 1525 5.620987
1571 1406 23.279402
1520 1463 9.724571
601 1351 135.805441
1294 1350 4.211913
1582 1581 6.060951
1350 1239 8.425898
988 1524 150.569678
1324 1519 154.981838
259 1238 101.006758
1350 1518 8.956035
1244 1469 12.740372
1211 1234 147.408803
527 1291 124.316182
1358 1245 8.425882
173 1290 99.228579
611 1347 59.209435
555 1235 59.631467
2019 1403 36.948592
1432 1462 149.652220
1175 1289 13.952271
1188 1301 8.430480
1294 1575 14.351304
613 1348 54.484050
670 1293 56.047845
1072 1182 13.952259
1297 1295 12.798322
503 1178 39.230951
1358 1189 8.815645
710 1407 158.325047
942 1349 94.685465
1630 1405 12.961301
1639 1582 9.466125
503 1404 55.019736
710 1177 119.466600
503 1573 63.861543
355 1460 103.548072
391 1233 45.392596
1347 1459 5.560799
1414 1413 6.310175
1267 1636 137.990717
952 1346 21.458385
940 1516 105.294320
1517 1292 12.794410
905 1637 45.953168
527 1461 121.439317
1189 1188 6.429019
1189 1133 4.216386
1113 1574 84.860806
1187 1580 19.724326
303 1236 92.411923
1415 1358 9.901454
1360 1470 13.785840
1406 1517 8.398787
1568 1402 17.660535
1591 1478 8.387548
1295 1294 6.398740
1245 1525 14.228140
542 1406 150.734381
1464 1463 6.243929
1221 1351 114.969714
1462 1350 5.560799
1582 1581 6.060951
885 1239 115.611163
1749 1524 13.234074
218 1519 119.371218
226 1238 128.692224
847 1518 33.802781
631 1469 44.984691
950 1234 26.250904
940 1291 97.328776
1329 1245 169.057395
503 1290 44.220550
1623 1347 25.858600
611 1235 55.764350
782 1403 46.263205
542 1462 150.472499
332 1289 66.297689
1414 1301 8.418196
1241 1575 20.932370
387 1348 70.630866
79 1293 90.750086
710 1182 146.411570
850 1295 29.165718
77 1178 82.081038
1248 1189 16.295081
1632 1407 12.961301
1562 1349 69.156333
1238 1405 8.846086
1302 1582 14.351304
707 1404 158.325618
1681 1177 25.566335
1683 1573 13.261013
611 1460 67.614431
1232 1233 6.421697
1117 1459 41.656528
1247 1413 12.632596
2123 1636 37.942370
297 1346 76.573307
707 1516 160.939975
1349 1292 4.211170
1748 1637 8.377960
728 1461 45.952861
1187 1188 6.427989
966 1133 12.632337
1773 1574 125.693535
1695 1580 18.757397
560 1236 42.126525
1247 1358 8.425882
1694 1470 11.603000
1184 1517 25.239461
559 1402 47.715916
202 1478 117.367323
996 1294 119.353289
431 1525 154.167856
420 1406 133.851102
1773 1463 132.990896
1296 1351 9.959935
256 1350 90.555729
1749 1581 9.433604
1181 1239 10.018327
259 1524 87.763855
1494 1519 141.738180
1236 1238 12.842361
118 1518 128.753653
1245 1469 11.044596
554 1234 59.630681
1173 1291 38.896425
1302 1245 9.998835
1511 1290 21.930255
1067 1347 14.048764
1398 1235 29.854682
52 1403 85.453650
1742 1462 14.964219
1400 1289 8.418965
1415 1301 13.863637
886 1575 112.445466
721 1348 72.795903
1351 1293 9.959935
1240 1182 10.018307
1773 1295 141.822251
2340 1178 96.644755
1360 1189 17.998676
527 1407 106.745129
249 1349 65.706592
29 1405 101.050778
2075 1582 29.716325
943 1404 85.893541
387 1177 54.356637
1570 1573 18.173432
1909 1460 25.128202
950 1233 21.063700
1571 1459 5.697001
1360 1413 16.082883
20 1636 102.396788
52 1346 83.973823
971 1516 99.192174
1292 1292 0.000000
1413 1637 11.411995
1623 1461 34.605599
1241 1188 22.656404
1246 1133 8.432023
1740 1574 12.559840
431 1580 160.412484
1682 1236 25.807208
1266 1358 130.009070
1211 1470 132.427389
2016 1517 32.557461
500 1402 58.599318
355 1478 61.996271
1884 1294 135.379714
1582 1525 4.191407
1571 1406 23.279402
1662 1463 136.572184
1296 1351 9.959935
1909 1350 30.588542
652 1581 149.783482
958 1239 14.078020
1523 1524 6.159759
940 1519 123.706838
1542 1238 146.367688
1733 1518 54.239743
514 1469 50.960977
1175 1234 16.295091
710 1291 133.400700
1186 1245 16.295123
1505 1290 57.673104
500 1347 58.398976
173 1235 95.245864
905 1403 42.924462
637 1462 104.858867
1344 1289 9.959935
1432 1301 116.422917
271 1575 149.085431
1181 1348 12.641400
1546 1293 154.864082
956 1182 16.847572
1377 1295 159.161489
391 1178 45.288909
1416 1189 22.088348
1351 1407 4.207278
777 1349 80.791854
1351 1405 9.901454
482 1582 134.913552
1505 1404 68.584432
1124 1177 16.295080
1517 1573 4.191392
527 1460 126.675537
1546 1233 141.400490
1546 1459 141.716034
1211 1413 136.226928
2232 1636 41.912128
391 1346 52.146606
1460 1516 4.197830
1740 1292 22.971994
1812 1637 38.110318
1544 1461 146.157955
1244 1188 4.215621
1191 1133 16.296074
1293 1574 14.351309
902 1580 50.464891
1433 1236 162.307673
1246 1358 5.483798
1244 1470 16.832478
947 1517 69.282749
1459 1402 4.202356
1758 1478 14.964040
843 1294 29.165718
1305 1525 27.538687
821 1406 160.458825
1438 1463 146.479494
1321 1351 159.167407
208 1350 71.521234
1748 1581 9.433336
1295 1239 4.214085
1300 1524 11.136993
1688 1519 9.272815
1352 1238 13.919847
1519 1518 6.159759
932 1469 151.623775
1459 1234 12.740869
1773 1291 129.917281
1356 1245 8.425153
497 1290 67.653387
1571 1347 11.257800
1377 1235 158.936723
1403 1403 0.000000
1518 1462 4.197830
1238 1289 28.979064
1359 1301 9.959894
821 1575 164.458088
1629 1348 16.941680
1562 1293 73.047924
1240 1182 10.018307
880 1295 150.326747
946 1178 52.259770
1360 1189 17.998676
1295 1407 5.516006
1349 1349 0.000001
355 1405 94.890838
1636 1582 9.466125
1516 1404 5.620987
1546 1177 145.605847
1659 1573 133.442270
782 1460 50.464193
500 1233 46.352072
1166 1459 80.636850
968 1413 29.148771
1523 1636 8.378816
1290 1346 4.211170
1237 1516 14.227929
1459 1292 12.619509
1807 1637 12.572344
560 1461 54.843511
1248 1188 22.656404
1357 1133 10.942603
773 1574 113.871146
1692 1580 5.905999
934 1236 137.750787
1302 1358 4.211154
1923 1470 37.510460
1689 1517 22.722469
319 1402 133.946116
203 1478 112.475197
1181 1294 8.430480
934 1525 160.458010
420 1406 133.851102
1543 1463 138.215077
137 1351 85.160227
1238 1350 5.483798
460 1581 58.032528
1184 1239 10.018327
2094 1524 106.924182
362 1519 123.635384
1185 1238 22.656404
372 1518 152.480970
1238 1469 45.786779
316 1234 134.370312
136 1291 87.350223
58 1245 86.809448
1794 1290 26.296030
431 1347 124.964999
89 1235 107.010645
166 1403 72.834924
419 1462 134.308458
1268 1289 133.758826
1321 1301 123.815743
462 1575 71.504938
653 1348 144.924743
971 1293 91.039434
75 1182 70.213037
1268 1295 167.324421
1294 1178 26.250593
710 1189 150.774856
430 1407 149.177611
90 1349 112.183687
208 1405 75.266120
1098 1582 127.087811
419 1404 138.291872
1365 1177 124.941087
988 1573 158.185942
836 1460 56.483063
1404 1233 23.793504
431 1459 128.533503
215 1413 79.998473
1543 1636 107.138514
462 1346 85.151123
1267 1516 150.834373
482 1292 148.305620
1098 1637 129.311577
1432 1461 151.725962
28 1188 102.501061
249 1133 53.148457
1432 1574 144.427210
1072 1580 33.348914
205 1236 61.941150
24 1358 100.585759
1062 1470 100.639414
1912 1517 25.832606
1198 1402 127.740179
847 1478 96.905118
1221 1294 112.084691
1747 1525 16.741345
297 1406 65.384414
1798 1463 18.763948
1489 1351 153.414177
521 1350 81.765954
112 1581 112.729268
153 1239 111.484922
858 1524 50.478563
836 1519 77.191877
707 1238 158.223237
527 1518 115.024485
1420 1469 47.103314
1166 1234 73.946714
1222 1291 86.543980
1486 1245 110.653431
1455 1290 23.665034
259 1347 116.670141
446 1235 50.598996
495 1403 85.961951
1460 1462 12.485779
1166 1289 70.805122
218 1301 88.847150
553 1575 100.055447
1400 1348 22.350766
1182 1293 8.430480
1433 1182 163.239606
1182 1295 8.429697
259 1178 111.507472
1486 1189 108.451732
113 1407 123.378000
259 1349 109.230211
1181 1405 10.981007
1527 1582 9.605326
521 1404 91.068072
527 1177 129.911714
3 1573 110.181370
449 1460 55.069862
1065 1233 8.800828
52 1459 88.597429
527 1413 76.071604
20 1636 102.396788
886 1346 79.636687
500 1516 70.909339
606 1292 92.599330
431 1637 159.000368
1459 1461 12.485779
1298 1188 13.952242
1325 1133 153.834206
1995 1574 113.957010
426 1580 141.743288
536 1236 151.141306
1189 1358 8.815645
271 1470 135.171938
69 1517 99.840681
1288 1402 13.863637
1483 1478 31.193811
843 1294 29.165718
856 1525 38.260914
420 1406 133.851102
1350 1463 8.409225
521 1351 76.750247
300 1350 74.772652
1470 1581 8.388227
1241 1239 12.842340
1244 1524 14.227920
1242 1519 21.026006
1773 1238 141.093984
988 1518 167.395734
1358 1469 8.409209
124 1234 76.401165
194 1291 84.688812
1244 1245 6.420711
804 1290 113.010739
1462 1347 19.719794
389 1235 54.868941
495 1403 85.961951
1433 1462 151.726098
637 1289 126.236149
1582 1301 14.351304
1684 1575 18.757434
611 1348 64.176390
271 1293 132.971127
1181 1182 6.429019
897 1295 45.714057
1628 1178 25.656229
1248 1189 16.295081
1296 1407 8.418965
943 1349 88.437734
1349 1405 4.207262
1469 1582 8.388227
1628 1404 11.411995
271 1177 116.769438
500 1573 75.092863
940 1460 101.833240
834 1233 45.561684
1625 1459 12.573248
1359 1413 9.901413
1211 1636 137.312858
950 1346 29.488836
1604 1516 133.587149
1346 1292 16.190255
542 1637 158.001828
77 1461 90.574461
1299 1188 8.429697
1191 1133 16.296074
1061 1574 59.245323
542 1580 163.252562
79 1236 91.456006
1246 1358 5.483798
1415 1470 9.822743
28 1517 111.631439
951 1402 29.148764
670 1478 153.209996
1462 1294 8.892013
1977 1525 33.484776
382 1406 106.846456
1241 1463 16.832478
382 1351 107.425016
1239 1350 8.425898
971 1581 51.197763
604 1239 116.586815
1469 1524 4.197141
248 1519 69.317428
1072 1238 18.024096
319 1518 149.933469
851 1469 31.833811
952 1234 16.733802
934 1291 135.165488
1244 1245 6.420711
637 1290 120.734775
259 1347 116.670141
389 1235 54.868941
668 1403 59.376541
577 1462 81.458379
554 1289 58.992227
1189 1301 5.465001
653 1575 166.738954
1561 1348 69.156313
133 1293 71.382546
1377 1182 167.295454
736 1295 28.559299
249 1178 64.693587
1192 1189 19.285018
1294 1407 8.418196
1433 1349 158.012799
50 1405 85.906595
1246 1582 16.741598
1292 1404 5.516006
951 1177 16.847580
1459 1573 13.565405
384 1460 87.610896
1624 1233 19.909617
1459 1459 0.000001
1303 1413 13.863637
1353 1636 25.858591
1514 1346 8.955698
1543 1516 142.702576
943 1292 84.763629
1806 1637 9.629035
1406 1461 9.822723
1299 1188 8.429697
1300 1133 8.800836
1438 1574 138.214837
1862 1580 20.939967
611 1236 60.948518
1416 1358 16.082924
1468 1470 12.485758
839 1517 50.477822
554 1402 67.409602
173 1478 76.395481
1181 1294 8.430480
1214 1525 150.546299
1571 1406 23.279402
1438 1463 146.479494
1352 1351 6.362989
79 1350 92.276000
1523 1581 9.604431
1407 1239 8.846079
89 1524 129.754036
2012 1519 56.364677
1516 1238 16.802068
79 1518 99.159280
1356 1469 8.408498
666 1234 57.160466
934 1291 135.165488
1186 1245 16.295123
1233 1290 9.997909
884 1347 98.143336
497 1235 68.327768
28 1403 103.277858
1459 1462 18.725341
710 1289 121.732972
1694 1301 20.148644
166 1575 79.040601
888 1348 79.636687
1239 1293 9.998876
1519 1182 17.770239
1267 1295 169.070001
1179 1178 6.428998
1242 1189 22.656404
249 1407 64.559028
77 1349 85.213352
382 1405 102.058310
1412 1582 12.587538
952 1404 33.696148
259 1177 114.744168
1348 1573 12.866771
2020 1460 35.626790
1178 1233 10.017357
555 1459 66.975958
1409 1413 25.236332
271 1636 147.242039
637 1346 124.865813
1126 1516 21.549985
1404 1292 5.516006
1478 1637 52.385140
625 1461 50.645626
1521 1188 25.239430
965 1133 8.846057
1461 1574 8.387533
1605 1580 135.288743
1235 1236 6.420689
1413 1358 4.207278
2044 1470 100.019301
1912 1517 25.832606
388 1402 63.571064
136 1478 84.548361
1438 1294 150.523651
1414 1525 8.398044
1353 1406 16.082883
1996 1463 119.468337
1352 1351 6.362989
1855 1350 28.067954
596 1581 152.170176
1408 1239 12.632628
1583 1524 15.542352
1546 1519 142.702751
1181 1238 4.215654
1936 1518 120.391003
1265 1469 128.430990
895 1234 25.262804
1489 1291 154.532279
1244 1245 6.420711
1773 1290 125.618695
1571 1347 11.257800
1238 1235 19.262911
1486 1403 151.693750
1237 1462 12.740362
1624 1289 18.032074
1356 1301 9.959914
1543 1575 133.610687
1514 1348 12.604556
1268 1293 157.857718
1183 1182 6.427989
707 1295 163.072303
259 1178 111.507472
1190 1189 6.427989
834 1407 87.081462
1492 1349 146.664591
1515 1405 13.686430
1524 1582 9.605326
259 1404 113.347767
1176 1177 6.429019
1405 1573 9.037450
707 1460 156.977171
934 1233 118.907753
1544 1459 146.158031
1267 1413 138.235055
1746 1636 13.079395
259 1346 120.174819
1404 1516 5.620987
1405 1292 8.418196
2123 1637 35.202468
940 1461 108.017784
1248 1188 22.656404
1376 1133 125.205334
1237 1574 17.881570
1464 1580 25.260079
710 1236 134.972887
1358 1358 0.000001
1304 1470 17.876801
547 1517 122.992763
1232 1402 17.949999
1707 1478 32.320777
1293 1294 6.399766
1638 1525 8.378816
1571 1406 23.279402
1561 1463 85.448025
1352 1351 6.362989
843 1350 29.471284
1525 1581 4.192091
1349 1239 13.918925
1923 1524 42.434258
256 1519 91.822389
954 1238 26.250913
1632 1518 13.423207
1245 1469 11.044596
1232 1234 12.842340
1379 1291 149.577042
1357 1245 5.483798
553 1290 68.881671
500 1347 58.398976
249 1235 65.627056
1515 1403 5.620987
1631 1462 12.573248
122 1289 86.657799
1414 1301 8.418196
560 1575 66.840624
1350 1348 12.724590
1460 1293 12.619509
1239 1182 4.215637
1295 1295 0.000000
950 1178 27.812921
1192 1189 19.285018
1515 1407 25.573999
319 1349 139.044411
431 1405 138.304754
1358 1582 11.257800
137 1404 94.401114
69 1177 76.447329
1715 1573 129.637047
497 1460 80.272312
281 1233 70.246195
1123 1459 16.503401
1186 1413 22.089199
1747 1636 8.377316
1121 1346 12.682219
1742 1516 16.741345
1742 1292 26.005824
1975 1637 22.203739
500 1461 71.023744
1357 1188 8.815661
1248 1133 20.036591
653 1574 161.242512
1299 1580 14.351309
215 1236 105.323226
1243 1358 19.957928
1582 1470 5.697001
1519 1517 12.318913
905 1402 48.272926
1588 1478 13.566225
359 1294 105.828324
29 1525 117.087753
373 1406 144.849071
1432 1463 146.479498
59 1351 107.734964
1214 1350 152.117747
87 1581 126.880339
887 1239 103.132982
419 1524 105.691707
42 1519 123.339768
1239 1238 6.421697
362 1518 128.021037
249 1469 69.066345
1516 1234 21.026006
24 1291 108.593593
488 1245 147.740845
1855 1290 41.743996
166 1347 70.823709
2044 1235 126.737808
1546 1403 145.677936
2094 1462 112.456614
1238 1289 28.979064
1074 1301 22.142359
1855 1575 15.639759
33 1348 84.946038
1148 1293 147.445183
57 1182 90.926762
69 1295 93.656539
478 1178 145.150104
1543 1189 111.148925
309 1407 113.308559
118 1349 117.794240
625 1405 46.603029
112 1582 109.814484
2020 1404 37.102661
1884 1177 125.844740
166 1573 79.738499
601 1460 121.769018
1268 1233 131.150187
1268 1459 139.981232
934 1413 161.070386
194 1636 130.295467
433 1346 110.191502
1623 1516 30.785939
420 1292 138.003822
1095 1637 111.811934
1543 1461 144.426996
905 1188 26.193221
137 1133 62.700179
1543 1574 136.710890
112 1580 115.635752
355 1236 95.760465
1546 1358 122.288632
1149 1470 99.363028
1857 1517 29.328048
710 1402 129.678584
319 1478 100.109955
382 1294 103.214282
1694 1525 9.272511
38 1406 104.011158
1682 1463 32.321620
249 1351 62.381652
69 1350 92.982233
1062 1581 94.839499
847 1239 19.589842
20 1524 96.606569
69 1519 104.096360
194 1238 91.189755
1489 1518 146.196570
1269 1469 150.523708
226 1234 120.036205
1625 1291 20.997531
1188 1245 4.215670
1234 1290 4.214102
50 1347 81.711393
1402 1235 8.846439
381 1403 97.295634
1350 1462 5.560799
226 1289 120.938382
319 1301 129.860104
1398 1575 53.195973
951 1348 34.595511
1516 1293 12.794410
670 1182 58.477567
1181 1295 13.952262
1284 1178 38.896425
940 1189 157.911866
1072 1407 17.647150
3 1349 98.943072
607 1405 95.204244
1301 1582 14.351304
29 1404 99.566069
710 1177 119.466600
1505 1573 69.796486
1254 1460 114.179778
2067 1233 49.305336
111 1459 124.608778
625 1413 46.603538
259 1636 92.635240
667 1346 55.173049
281 1516 94.685258
437 1292 100.947656
1213 1637 142.200809
890 1461 75.234022
1300 1188 5.465001
1191 1133 16.296074
1561 1574 77.840167
1546 1580 125.721983
477 1236 144.577092
1187 1358 17.998695
458 1470 57.327122
1604 1517 136.675366
1456 1402 15.939895
1368 1478 13.785878
1184 1294 13.952262
1268 1525 141.308632
560 1406 58.415521
1518 1463 4.197111
1380 1351 158.541293
542 1350 146.556832
1420 1581 47.139079
1352 1239 8.425898
1245 1524 14.227934
1404 1519 19.540927
1438 1238 149.624016
1546 1518 143.788897
1468 1469 6.242971
1344 1234 13.918925
1432 1291 160.498249
1192 1245 22.656404
271 1290 124.788068
721 1347 67.155784
334 1235 61.688855
381 1403 97.295634
1350 1462 5.560799
1008 1289 16.720783
1191 1301 13.952262
1351 1575 11.257800
500 1348 62.638679
1198 1293 109.194921
1407 1182 12.704093
1464 1295 8.892013
334 1178 57.651905
1357 1189 8.816002
1520 1407 8.398787
1685 1349 17.163799
1742 1405 18.464689
1751 1582 12.560484
384 1404 87.946668
527 1177 129.911714
611 1573 75.978110
1573 1460 8.388257
1176 1233 4.216406
1514 1459 4.197830
1189 1413 10.981007
1412 1636 11.411995
949 1346 34.595502
1544 1516 143.788889
1683 1292 21.950240
1605 1637 128.688203
271 1461 139.552696
1191 1188 19.286027
1299 1133 12.645355
932 1574 162.338501
1692 1580 5.905999
153 1236 102.709254
1358 1358 0.000001
1356 1470 13.785840
1321 1517 154.981904
1681 1402 17.045779
1588 1478 13.566225
1349 1294 9.959914
1302 1525 12.794410
566 1406 42.680465
711 1463 151.241727
218 1351 114.019971
1295 1350 9.959914
1807 1581 16.747769
1324 1239 167.317470
1748 1524 11.835001
1221 1519 116.706075
1407 1238 12.632612
667 1518 83.267285
1583 1469 13.566225
780 1234 43.911400
257 1291 103.016184
1248 1245 19.263875
1458 1290 8.891667
3 1347 99.651111
384 1235 75.335079
554 1403 72.257899
1462 1462 0.000001
440 1289 71.385447
1187 1301 13.952262
547 1575 132.480375
259 1348 113.007891
667 1293 72.339872
1198 1182 102.857008
961 1295 20.838268
707 1178 141.524366
1244 1189 10.018307
1239 1407 8.846079
527 1349 118.328029
458 1405 56.161535
1245 1582 17.881909
527 1404 122.510676
783 1177 25.047245
1237 1573 16.741598
560 1460 51.633216
1176 1233 4.216406
1403 1459 4.201620
1187 1413 16.847833
1923 1636 38.989440
1682 1346 17.163799
625 1516 54.727202
1239 1292 16.259884
1860 1637 13.666712
1236 1461 12.740869
1359 1188 17.999570
853 1133 14.227665
1623 1574 39.015164
1748 1580 9.433318
384 1236 79.958115
1638 1358 14.512634
1693 1470 13.082200
391 1517 68.409389
440 1402 79.797908
1367 1478 8.408498
829 1294 110.016333
1604 1525 129.895481
560 1406 58.415521
89 1463 124.608917
1406 1351 4.207278
2178 1350 109.009238
1803 1581 16.747197
1575 1239 16.741598
458 1524 56.884641
653 1519 167.437989
475 1238 125.744913
319 1518 149.933469
1246 1469 12.740848
668 1234 46.749771
886 1291 88.193167
1243 1245 12.842383
1290 1290 0.000000
2016 1347 37.271957
332 1235 69.878389
111 1403 121.197521
1349 1462 8.408482
1287 1289 12.798333
1861 1301 29.384995
1544 1575 136.710720
1515 1348 8.955691
1461 1293 8.891652
958 1182 10.980599
599 1295 146.512671
1347 1178 8.816010
797 1189 19.724673
1432 1407 146.671149
1433 1349 158.012799
24 1405 113.135873
1805 1582 13.426023
942 1404 92.079300
124 1177 72.689847
1626 1573 15.284573
462 1460 79.422882
1401 1233 8.846086
281 1459 86.653364
1242 1413 23.793504
1267 1636 137.990717
503 1346 45.664422
111 1516 125.047979
1348 1292 4.211913
929 1637 129.678514
1505 1461 70.992787
877 1188 153.806879
1302 1133 12.646073
1515 1574 15.541430
1546 1580 125.721983
1291 1236 4.214085
1245 1358 8.425882
1389 1470 146.670942
381 1517 110.451990
384 1402 79.018284
1469 1478 56.044487
1379 1294 162.353108
1298 1525 21.931096
592 1406 158.796866
1327 1463 146.312038
1181 1351 12.641417
2020 1350 37.644361
1640 1581 21.196724
1349 1239 13.918925
1244 1524 14.227920
601 1519 142.645134
1543 1238 150.811833
1398 1518 50.135224
1306 1469 35.789173
671 1234 33.754160
194 1291 84.688812
1358 1245 8.425882
1379 1290 144.027354
1904 1347 34.703435
249 1235 65.627056
319 1403 137.361279
1349 1462 8.408482
838 1289 29.165725
1248 1301 16.259863
1433 1575 144.427070
1460 1348 5.560799
1404 1293 8.418196
843 1182 25.239133
710 1295 154.826255
1232 1178 16.295102
1414 1189 12.704093
1240 1407 8.846439
1324 1349 154.717500
1239 1405 12.632628
818 1582 134.209750
1403 1404 6.311165
52 1177 76.391758
1457 1573 25.260079
1198 1460 118.022285
69 1233 78.279050
988 1459 147.989958
1184 1413 33.775757
2076 1636 28.675887
1284 1346 35.201103
1350 1516 12.603838
1459 1292 12.619509
2324 1637 54.688163
521 1461 90.145514
1243 1188 10.018307
1582 1133 23.081853
1349 1574 12.866287
797 1580 39.448843
1432 1236 163.496596
1304 1358 16.189289
1413 1470 4.201620
666 1517 83.266431
952 1402 25.408350
1763 1478 35.912711
889 1294 88.193167
1584 1525 15.541410
597 1406 154.891721
1505 1463 83.095690
1576 1351 12.866761
625 1350 42.604293
1301 1581 14.351514
1184 1239 10.018327
1584 1524 21.569674
1632 1519 8.379517
1576 1238 20.932962
1237 1518 16.802616
1693 1469 11.603000
1403 1234 12.632628
1561 1291 66.989273
1248 1245 19.263875
554 1290 63.844030
560 1347 43.866564
77 1235 83.662442
259 1403 117.107877
1460 1462 12.485779
1512 1289 12.794907
1303 1301 12.798322
767 1575 155.779320
1574 1348 16.791289
941 1293 103.626520
1486 1182 149.701365
1240 1295 4.214851
780 1178 45.331323
1413 1189 10.981007
560 1407 62.777246
813 1349 156.506029
836 1405 63.506417
1415 1582 12.587538
1404 1404 0.000000
2011 1177 51.289508
821 1573 152.376163
669 1460 58.770679
437 1233 81.658140
1061 1459 40.018864
1413 1413 0.000000
1244 1636 19.909461
1570 1346 11.257800
1797 1516 15.267923
1739 1292 23.767130
1974 1637 20.150394
611 1461 72.558191
1243 1188 10.018307
1356 1133 12.682230
711 1574 146.920850
1605 1580 135.288743
205 1236 61.941150
1248 1358 13.918925
1584 1470 13.565386
1744 1517 21.337677
1486 1402 152.417002
1469 1478 56.044487
180 1294 121.390756
69 1525 117.014744
371 1406 148.660181
59 1463 113.120348
1432 1351 150.847207
990 1350 154.553497
228 1581 145.138963
420 1239 125.744903
2020 1524 41.241921
538 1519 162.641247
1628 1238 21.776494
792 1518 37.297543
1432 1469 116.435490
217 1234 119.602339
355 1291 99.959418
9 1245 86.303518
2094 1290 113.999750
601 1347 113.646315
1623 1235 29.380143
355 1403 103.849261
424 1462 153.003799
1214 1289 124.809854
1072 1301 33.904058
2022 1575 28.385977
250 1348 71.313926
1149 1293 153.750269
76 1182 71.915973
205 1295 61.565916
834 1178 53.308431
707 1189 136.292311
477 1407 137.621999
667 1349 70.927271
1267 1405 159.161227
1149 1582 99.086578
2022 1404 42.887001
896 1177 16.760429
836 1573 64.684900
355 1460 103.548072
1514 1233 16.802068
205 1459 74.299145
1268 1413 144.027531
1238 1636 45.027196
2020 1346 46.389657
1269 1516 141.309197
592 1292 157.028101
1185 1637 33.589349
194 1461 96.825879
1148 1188 102.857309
625 1133 33.471517
137 1574 97.985213
1074 1580 26.681238
29 1236 90.800485
1268 1358 142.178223
113 1470 109.882459
2019 1517 28.933839
59 1402 116.034363
542 1478 107.987505
542 1294 146.439699
2073 1525 34.807690
89 1406 121.197672
1541 1463 129.535610
527 1351 107.847375
1604 1350 145.580373
28 1581 122.166726
303 1239 79.948020
259 1524 87.763855
29 1519 109.475553
271 1238 131.291737
173 1518 96.095511
1210 1469 132.427738
52 1234 78.556601
941 1291 91.039434
566 1245 54.780389
951 1290 25.276993
625 1347 54.484050
726 1235 37.799086
1430 1403 153.461595
777 1462 88.672451
52 1289 81.777130
1486 1301 106.729612
653 1575 166.738954
1568 1348 27.333260
1181 1293 5.465001
804 1182 86.969063
115 1295 122.082676
3 1178 91.615925
1380 1189 146.224143
1034 1407 119.815602
391 1349 59.574911
1182 1405 12.704608
1360 1582 16.791274
1546 1404 148.100703
271 1177 116.769438
20 1573 101.991626
1236 1460 11.044596
1623 1233 21.776910
1165 1459 86.878525
1377 1413 124.373049
710 1636 168.116154
940 1346 88.437703
236 1516 93.768606
384 1292 84.168121
1306 1637 35.353572
1237 1461 11.044596
1303 1188 20.016988
969 1133 29.854555
1602 1574 138.018366
118 1580 136.364740
666 1236 68.211911
1188 1358 12.641417
1377 1470 120.423423
431 1517 142.248803
1457 1402 9.821799
1308 1478 12.619493
1505 1294 82.298549
1636 1525 8.379517
821 1406 160.458825
1575 1463 5.697001
1407 1351 4.207278
1486 1350 146.664783
1300 1581 14.351313
899 1239 30.375452
856 1524 41.773356
1969 1519 27.518800
1293 1238 4.214102
1604 1518 139.024209
1357 1469 5.560799
202 1234 59.347025
77 1291 85.292150
965 1245 14.078243
1512 1290 16.813579
555 1347 63.203139
898 1235 17.692465
1460 1403 4.201620
1198 1462 105.597862
1170 1289 45.259857
1416 1301 19.858484
1405 1575 12.587538
1351 1348 19.086336
1542 1293 146.651161
52 1182 73.259552
1242 1295 16.260875
389 1178 50.867420
1243 1189 16.296096
1433 1407 150.556913
1517 1349 8.955683
1239 1405 12.632628
1972 1582 23.791142
611 1404 68.373481
122 1177 81.730771
1628 1573 4.188843
521 1460 95.242196
1288 1233 4.214851
1626 1459 9.143522
1300 1413 8.418965
1303 1636 25.173952
1401 1346 4.207262
1380 1516 142.483555
952 1292 30.423334
1524 1637 8.379517
194 1461 96.825879
1579 1188 21.644703
1359 1133 16.857698
115 1574 136.448603
1411 1580 9.037464
577 1236 85.967906
1245 1358 8.425882
1246 1470 11.044596
1629 1517 5.791007
1460 1402 9.822723
1703 1478 13.081781
1405 1294 8.418965
1356 1525 12.604556
293 1406 60.017172
882 1463 136.361681
2178 1351 110.357740
1405 1350 4.207294
1189 1581 19.724477
1492 1239 158.449621
1525 1524 6.160746
382 1519 115.238410
1238 1238 0.000000
256 1518 95.419689
1523 1469 9.723660
1456 1234 16.832478
583 1291 122.722911
1356 1245 8.425153
1117 1290 36.254406
391 1347 54.103822
555 1235 59.631467
497 1403 76.072334
1225 1462 83.109847
494 1289 77.561344
1191 1301 13.952262
1464 1575 8.388242
1773 1348 129.720375
300 1293 74.328540
178 1182 106.107446
903 1295 19.501805
50 1178 73.363654
1357 1189 8.816002
1630 1407 12.960834
1377 1349 160.541197
249 1405 67.367399
1413 1582 9.037457
1433 1404 155.040594
948 1177 33.775659
1797 1573 12.116997
500 1460 66.730107
1288 1233 4.214851
503 1459 53.106687
1582 1413 9.037457
1305 1636 35.353608
1542 1346 152.315797
527 1516 125.568210
1459 1292 12.619509
1861 1637 12.456994
672 1461 50.134982
1414 1188 16.847833
1189 1133 4.216386
1561 1574 77.840167
1803 1580 13.426040
500 1236 58.734105
1470 1358 5.560799
1751 1470 17.183369
458 1517 61.195168
309 1402 132.236640
1423 1478 9.821839
773 1294 113.010719
1186 1525 25.239445
821 1406 160.458825
599 1463 149.413925
1181 1351 12.641417
218 1350 117.255212
1860 1581 15.639766
1352 1239 8.425898
1211 1524 140.091628
773 1519 122.159319
1406 1238 8.846439
256 1518 95.419689
1304 1469 23.665034
553 1234 64.675244
166 1291 67.437452
1358 1245 8.425882
1455 1290 23.665034
88 1347 116.117303
554 1235 64.675261
1148 1403 157.911062
1630 1462 9.143522
559 1289 40.098852
2198 1301 54.122327
1546 1575 140.551263
663 1348 87.770307
1403 1293 13.863618
1461 1182 16.760334
1211 1295 171.199179
1430 1178 165.863084
1301 1189 5.465001
1543 1407 138.294085
271 1349 134.439978
1604 1405 141.643185
1802 1582 26.078987
1708 1404 133.396545
202 1177 57.052017
1798 1573 13.425641
378 1460 115.833512
949 1233 26.250913
611 1459 62.889334
1356 1413 9.901433
259 1636 92.635240
1232 1346 13.918925
1170 1516 65.430795
1460 1292 8.892013
2256 1637 55.734001
1773 1461 128.366830
1245 1188 4.215670
1358 1133 12.682716
1517 1574 4.191421
1213 1580 150.811443
1181 1236 10.018307
1525 1358 8.955691
1284 1470 110.323087
495 1517 99.396714
281 1402 82.531282
697 1478 43.427440
1267 1294 167.324731
1412 1525 8.398787
420 1406 133.851102
1325 1463 154.577442
1404 1351 16.082904
424 1350 147.805755
1642 1581 33.079474
904 1239 17.692458
1525 1524 6.160746
1213 1519 158.449532
710 1238 145.735380
1324 1518 153.414283
215 1469 83.918778
726 1234 33.373289
1290 1291 6.399744
1192 1245 22.656404
1884 1290 125.354114
1462 1347 19.719794
1489 1235 154.986785
1605 1403 129.573992
1126 1462 16.503401
1346 1289 4.211138
1304 1301 19.196528
670 1575 71.919621
1350 1348 12.724590
697 1293 124.143818
1293 1182 8.430480
271 1295 135.900531
3 1178 91.615925
1300 1189 8.430480
1210 1407 163.266097
1489 1349 154.981903
898 1405 33.329133
1473 1582 19.322109
1237 1404 8.846086
839 1177 20.886485
1401 1573 23.279402
804 1460 106.446744
1655 1233 149.254732
355 1459 108.047073
1210 1413 130.115406
1581 1636 4.188858
3 1346 99.980421
1575 1516 15.541430
1457 1292 23.665034
482 1637 138.957052
1516 1461 4.197126
1356 1188 8.815637
1359 1133 16.857698
1630 1574 4.189504
1591 1580 66.127955
1562 1236 64.881646
1265 1358 123.815946
1360 1470 13.785840
475 1517 137.565917
1288 1402 13.863637
1317 1478 44.459470
1438 1294 150.523651
1414 1525 8.398044
840 1406 47.070894
1184 1463 16.760346
1181 1351 12.641417
1405 1350 4.207294
1268 1581 142.155333
1293 1239 9.998876
1582 1524 9.605326
382 1519 115.238410
1520 1238 21.026006
1688 1518 12.562005
1583 1469 13.566225
1344 1234 13.918925
1403 1291 5.516006
1186 1245 16.295123
1290 1290 0.000000
384 1347 79.218054
527 1235 124.989178
1459 1403 4.201620
1348 1462 13.785859
707 1289 139.101781
1524 1301 12.794907
713 1575 140.984178
1290 1348 9.959914
831 1293 91.559240
566 1182 31.734447
974 1295 97.328797
1459 1178 14.137165
1304 1189 20.016019
1571 1407 29.125049
153 1349 110.602087
521 1405 85.961960
1751 1582 12.560484
1489 1404 151.693859
240 1177 55.686462
555 1573 79.987935
607 1460 88.298983
389 1233 48.997493
1063 1459 29.476584
1360 1413 16.082883
1525 1636 8.379517
1626 1346 14.512639
1740 1516 11.835001
1630 1292 20.997544
1750 1637 8.377316
503 1461 59.069874
965 1188 12.704257
1186 1133 16.295122
668 1574 76.894066
542 1580 163.252562
886 1236 90.649625
1636 1358 16.941692
1414 1470 4.201620
1517 1517 0.000000
1402 1402 0.000000
1703 1478 13.081781
474 1294 120.753864
1544 1525 109.986586
500 1406 76.072342
137 1463 90.255380
194 1351 99.316163
1662 1350 138.112345
685 1581 44.847903
991 1239 153.833836
462 1524 55.590414
25 1519 119.534195
420 1238 130.000915
42 1518 123.339768
194 1469 124.583934
415 1234 125.936085
431 1291 125.443195
121 1245 117.299828
2020 1290 47.225703
1546 1347 146.424598
1884 1235 129.400941
1380 1403 141.234698
1916 1462 41.948962
1181 1289 26.249588
637 1301 59.971920
1916 1575 33.561562
197 1348 75.560452
898 1293 29.476644
417 1182 113.362969
29 1295 98.641602
761 1178 154.952827
137 1189 64.780085
711 1407 152.916191
1605 1349 138.288456
3 1405 101.522107
1093 1582 96.967967
1795 1404 22.451815
898 1177 14.137034
215 1573 115.692922
215 1460 114.590444
1236 1233 19.262911
988 1459 147.989958
240 1413 104.194035
1432 1636 115.400811
1795 1346 24.129018
3 1516 107.499721
62 1292 115.374968
115 1637 128.562817
1198 1461 111.819165
1185 1188 19.285984
124 1133 101.772513
59 1574 120.176396
1034 1580 92.729371
69 1236 83.662438
136 1358 71.362899
115 1470 119.453886
1915 1517 37.751146
194 1402 86.077884
813 1478 56.482976
1544 1294 150.470028
2118 1525 38.457730
839 1406 52.352623
1625 1463 34.605569
1433 1351 154.577444
215 1350 102.899615
1095 1581 115.118051
79 1239 85.009380
1210 1524 134.438507
1546 1519 142.702751
1433 1238 162.307960
707 1518 171.621180
458 1469 55.069868
1400 1234 12.632612
1935 1291 132.725007
514 1245 40.493936
1681 1290 21.949842
3 1347 99.651111
1232 1235 19.263918
2111 1403 42.411428
1573 1462 8.387533
28 1289 94.943785
542 1301 146.439343
947 1575 78.888044
1572 1348 11.257800
1464 1293 17.877662
59 1182 100.508946
1123 1295 30.034229
50 1178 73.363654
566 1189 55.416278
1143 1407 99.981234
20 1349 90.814484
1350 1405 4.207294
1266 1582 126.415541
583 1404 120.283181
20 1177 85.832432
89 1573 126.880260
624 1460 50.646177
2094 1233 112.211740
1126 1459 25.261995
458 1413 53.532346
458 1636 62.488680
1882 1346 127.725657
388 1516 75.234493
555 1292 68.882465
905 1637 45.953168
552 1461 91.838990
1191 1188 19.286027
789 1133 52.911691
1773 1574 125.693535
90 1580 132.842104
440 1236 81.658140
1524 1358 12.604572
625 1470 50.646165
1544 1517 142.702728
1344 1402 16.082904
1704 1478 16.751517
1269 1294 157.858170
1468 1525 9.724551
1353 1406 16.082883
1516 1463 15.760028
1214 1351 157.871262
133 1350 73.435070
1303 1581 20.998826
844 1239 25.012784
1268 1524 146.333179
1548 1519 143.788896
1884 1238 137.333452
355 1518 94.562928
1302 1469 12.619493
896 1234 20.855785
1433 1291 158.511622
1304 1245 22.605710
77 1290 87.263699
389 1347 59.574905
503 1235 43.104183
884 1403 101.833350
1406 1462 4.202356
896 1289 21.488522
1189 1301 5.465001
1293 1575 16.861333
384 1348 83.742686
707 1293 159.002519
1123 1182 22.656404
1576 1295 14.351518
613 1178 41.878066
1356 1189 12.641400
707 1407 168.588309
1293 1349 4.211138
1687 1405 17.046290
1413 1582 9.037457
613 1404 58.688037
50 1177 73.233488
1571 1573 12.118881
1572 1460 5.697001
1284 1233 28.980065
1180 1459 16.760334
1471 1413 9.822703
1692 1636 4.187709
1232 1346 13.918925
2011 1516 48.037785
1458 1292 17.877662
319 1637 143.486998
1350 1461 8.408482
1359 1188 17.999570
1414 1133 16.734118
1321 1574 151.600801
319 1580 146.713541
133 1236 71.128559
1361 1358 19.086336
1525 1470 4.197111
1574 1517 4.191421
1572 1402 12.587523
1758 1478 14.964040
1184 1294 13.952262
1246 1525 14.227924
319 1406 144.461435
1409 1463 15.939895
745 1351 72.795913
1184 1350 17.999589
1300 1581 14.351313
1409 1239 17.949999
1523 1524 6.159759
1187 1519 30.298968
1296 1238 16.260875
218 1518 122.791153
1355 1469 13.785878
892 1234 41.655648
174 1291 101.025433
1192 1245 22.656404
1064 1290 16.860174
307 1347 119.871291
334 1235 61.688855
553 1403 77.277001
153 1462 118.510157
449 1289 43.813464
1299 1301 12.798322
604 1575 124.039367
1379 1348 150.510665
303 1293 88.201618
804 1182 86.969063
1352 1295 4.211913
271 1178 120.059905
1304 1189 20.016019
1743 1407 17.455988
1198 1349 112.256795
271 1405 138.169367
968 1582 34.321533
1573 1404 9.037464
893 1177 31.782875
1965 1573 22.505027
606 1460 93.754395
391 1233 45.392596
1165 1459 86.878525
1249 1413 23.793504
1249 1636 34.264792
1489 1346 146.664441
271 1516 140.709102
1742 1292 26.005824
1468 1637 12.573248
1181 1461 14.136935
1191 1188 19.286027
1303 1133 18.024077
1884 1574 121.032307
1968 1580 29.371380
389 1236 58.439496
1188 1358 12.641417
1355 1470 19.720742
20 1517 98.785280
536 1402 157.547983
1504 1478 148.165441
1407 1294 8.418196
1546 1525 120.451284
840 1406 47.070894
20 1463 95.039776
955 1351 29.488844
303 1350 88.246911
1581 1581 0.000001
1236 1239 19.263918
1411 1524 8.398044
1720 1519 125.272124
831 1238 93.857369
133 1518 81.158108
1415 1469 15.940843
449 1234 41.405064
431 1291 125.443195
1543 1245 113.125036
1681 1290 21.949842
2019 1347 40.608663
833 1235 63.293813
1117 1403 43.773066
1683 1462 21.514532
527 1289 133.876928
1860 1301 29.979413
136 1575 91.471936
552 1348 83.524670
888 1293 88.193146
1295 1182 8.429697
889 1295 94.409314
2107 1178 60.771687
1636 1189 23.251900
194 1407 103.391201
527 1349 118.328029
1544 1405 148.100622
2025 1582 27.358349
663 1404 91.828476
3 1177 91.933202
1574 1573 6.060021
1743 1460 25.521923
838 1233 25.013409
721 1459 69.899231
1521 1413 25.574953
249 1636 76.781538
1165 1346 80.456821
1148 1516 149.701281
728 1292 37.537157
653 1637 153.432287
1438 1461 137.905337
797 1188 19.724525
1432 1133 121.836005
943 1574 96.625713
934 1580 167.412186
286 1236 60.837555
1433 1358 118.517009
89 1470 125.776829
1857 1517 29.328048
437 1402 94.282828
988 1478 91.948835
1293 1294 6.399766
1638 1525 8.378816
597 1406 154.891721
1406 1463 4.201620
899 1351 33.687798
2067 1350 42.113973
1805 1581 12.116997
1184 1239 10.018327
1301 1524 12.794907
1604 1519 140.500406
1198 1238 106.053286
1843 1518 64.975527
856 1469 37.638418
1176 1234 10.018307
1562 1291 60.939437
1243 1245 12.842383
2059 1290 60.463572
555 1347 63.203139
1198 1235 125.310903
79 1403 100.301112
1124 1462 20.855714
895 1289 24.992544
1186 1301 20.016967
750 1575 105.843056
1238 1348 13.918944
1214 1293 149.965074
840 1182 41.475860
1542 1295 137.195877
20 1178 84.839128
1299 1189 13.952262
259 1407 101.709093
2212 1349 107.371954
1740 1405 18.464375
420 1582 101.908361
1349 1404 4.207294
637 1177 123.247411
1738 1573 17.180856
1543 1460 146.158032
828 1233 81.562980
549 1459 97.164306
1299 1413 13.863637
1920 1636 24.948434
50 1346 81.483073
1625 1516 19.060710
1684 1292 20.148792
540 1637 147.339546
1604 1461 137.641586
1297 1188 20.016947
1299 1133 12.645355
1351 1574 12.866761
846 1580 50.086431
77 1236 81.731942
1268 1358 142.178223
1246 1470 11.044596
669 1517 67.753932
1457 1402 9.821799
1483 1478 31.193811
1240 1294 9.998856
1412 1525 8.398787
560 1406 58.415521
1773 1463 132.990896
1520 1351 12.604572
20 1350 90.107372
856 1581 42.311415
111 1239 107.010423
1411 1524 8.398044
1630 1519 8.378816
1292 1238 9.997909
1744 1518 16.741345
1244 1469 12.740372
1513 1234 14.227920
1884 1291 128.702342
965 1245 14.078243
494 1290 82.682216
555 1347 63.203139
2044 1235 126.737808
20 1403 94.784486
1798 1462 17.813998
1569 1289 14.351309
1187 1301 13.952262
500 1575 83.937380
1180 1348 8.816010
884 1293 113.120375
864 1182 114.569262
769 1295 142.860370
1288 1178 13.952262
1357 1189 8.816002
997 1407 119.814592
218 1349 120.303405
1573 1405 9.037450
1806 1582 12.116997
271 1404 135.695937
782 1177 29.420045
500 1573 75.092863
666 1460 73.816516
384 1233 66.479365
1460 1459 6.242950
1244 1413 12.632612
1308 1636 52.401125
226 1346 124.887075
1458 1516 15.760985
1683 1292 21.950240
1973 1637 19.416994
613 1461 62.888627
1186 1188 12.856987
965 1133 8.846057
1398 1574 47.138159
1470 1580 13.565386
583 1236 118.531042
1192 1358 17.998714
1471 1470 6.243908
1738 1517 21.337645
426 1402 146.119653
1530 1478 21.885175
1406 1294 5.516006
136 1525 79.921518
57 1406 101.435399
194 1463 103.893132
1543 1351 142.477268
1492 1350 150.527830
316 1581 129.863173
1239 1239 0.000000
117 1524 131.834500
224 1519 142.915638
328 1238 101.975957
25 1518 119.854557
50 1469 98.825516
1350 1234 26.165888
1546 1291 150.470186
1183 1245 35.448533
1916 1290 64.080253
69 1347 86.980490
1773 1235 129.813975
988 1403 151.353906
2020 1462 32.136553
645 1289 159.851394
1143 1301 61.546486
2020 1575 25.974995
332 1348 78.177664
1064 1293 33.904058
420 1182 125.844697
828 1295 122.326921
599 1178 117.893681
259 1189 70.348713
33 1407 87.997664
12 1349 107.788938
858 1405 87.082396
28 1582 122.581845
424 1404 152.583065
1325 1177 131.262869
136 1573 96.088675
988 1460 154.170542
1182 1233 35.448512
69 1459 92.305088
1380 1413 141.234536
625 1636 54.126420
1096 1346 166.080774
208 1516 82.902537
236 1292 84.732475
1299 1637 20.997544
137 1461 95.516919
1074 1188 13.952240
77 1133 67.121240
1198 1574 105.130154
1143 1580 72.832312
1604 1236 142.200804
166 1358 76.626830
112 1470 104.795458
1808 1517 62.480043
173 1402 103.970176
133 1478 97.601602
218 1294 113.284015
2119 1525 36.681455
124 1406 95.814773
1736 1463 41.392871
173 1351 87.232925
940 1350 113.517858
1038 1581 113.011085
667 1239 79.606299
458 1524 56.884641
1604 1519 140.500406
527 1238 109.932009
50 1518 92.358427
1303 1469 17.877643
1287 1234 16.259873
1492 1291 141.308792
542 1245 145.900649
948 1290 41.764161
208 1347 79.605489
671 1235 37.561806
912 1403 83.433301
665 1462 90.216663
1455 1289 17.877662
566 1301 58.992955
668 1575 82.039385
1681 1348 25.138047
1236 1293 9.998856
707 1182 156.748581
1407 1295 5.516006
124 1178 75.088378
514 1189 39.231378
1057 1407 91.039461
38 1349 103.452067
665 1405 86.161815
1304 1582 20.998126
1173 1404 46.039688
202 1177 57.052017
38 1573 114.423646
670 1460 54.264691
1003 1233 39.992748
1148 1459 158.952395
1238 1413 48.511826
1210 1636 132.105181
1486 1346 154.981862
555 1516 75.806285
1462 1292 12.618777
847 1637 54.275226
952 1461 37.895121
962 1188 16.847555
791 1133 41.222272
1905 1574 33.560844
431 1580 160.412484
784 1236 33.632508
1249 1358 19.957928
1884 1470 116.677092
29 1517 106.509459
1567 1402 23.279402
1538 1478 28.036264
1379 1294 162.353108
1693 1525 9.272809
500 1406 76.072342
1465 1463 12.485758
355 1351 86.308797
319 1350 141.024785
1267 1581 137.196014
1464 1239 12.740858
1413 1524 8.398787
1296 1519 12.794907
1379 1238 163.265693
521 1518 84.463534
1636 1469 9.143216
888 1234 65.821164
1489 1291 154.532279
1186 1245 16.295123
707 1290 144.646273
1628 1347 16.941680
592 1235 152.699201
1291 1403 5.516006
1489 1462 149.458547
1176 1289 8.430480
1299 1301 12.798322
1517 1575 9.605326
898 1348 25.422601
527 1293 114.133704
1238 1182 4.216406
899 1295 34.561368
898 1178 14.137044
1192 1189 19.285018
527 1407 106.745129
1515 1349 12.604572
1519 1405 13.686449
1804 1582 16.747171
898 1404 29.443668
1562 1177 51.079480
555 1573 79.987935
1516 1460 4.197830
259 1233 118.680335
1348 1459 8.408482
1584 1413 17.660516
1188 1636 22.393001
780 1346 47.004338
1173 1516 47.341331
1349 1292 4.211170
1973 1637 19.416994
1433 1461 152.452000
1414 1188 16.847833
966 1133 12.632337
113 1574 133.987086
847 1580 45.930348
542 1236 133.644139
1528 1358 17.780483
1304 1470 17.876801
1575 1517 9.605326
1737 1402 18.464375
1756 1478 17.183348
956 1294 20.838268
1306 1525 33.389505
248 1406 64.312493
547 1463 129.833011
256 1351 86.790988
1519 1350 12.604556
1411 1581 12.586836
844 1239 25.012784
1581 1524 4.191436
1294 1519 12.794410
941 1238 106.291371
813 1518 149.230730
800 1469 38.284415
1176 1234 10.018307
166 1291 67.437452
1360 1245 19.957887
1232 1290 16.259884
20 1347 92.492817
1571 1235 16.741598
332 1403 78.310345
1517 1462 4.197126
668 1289 46.155659
1579 1301 20.998841
1720 1575 121.158933
1438 1348 135.852031
542 1293 142.376855
1266 1182 174.535002
735 1295 27.857702
1198 1178 128.572011
1360 1189 17.998676
1293 1407 13.863637
194 1349 92.195718
194 1405 96.257446
1186 1582 29.419913
1238 1404 12.631871
1511 1177 20.886871
1740 1573 9.433330
1351 1460 19.720742
1456 1233 12.740858
52 1459 88.597429
1638 1413 12.960834
1584 1636 21.196724
1235 1346 8.425915
194 1516 97.463634
830 1292 91.559250
1747 1637 13.079412
784 1461 45.894905
1411 1188 12.704093
573 1133 28.858702
259 1574 114.157671
1691 1580 8.375331
555 1236 64.675252
1472 1358 13.785840
1749 1470 14.964032
1267 1517 154.532174
449 1402 50.046580
1211 1478 83.109874
718 1294 103.950610
1301 1525 11.136993
592 1406 158.796866
3 1463 103.750117
1242 1351 19.957928
813 1350 150.570017
1972 1581 22.505034
1348 1239 19.957928
1269 1524 150.834193
1492 1519 146.196568
844 1238 21.549551
12 1518 115.496294
2098 1469 113.614279
494 1234 78.479125
37 1291 97.911399
1357 1245 5.483798
1512 1290 16.813579
1768 1347 139.726672
494 1235 83.678958
1165 1403 90.000000
1739 1462 20.924073
1568 1289 16.861333
1523 1301 16.813579
355 1575 94.544241
1237 1348 8.425915
1294 1293 6.399766
1517 1182 17.770601
1561 1295 91.196032
2046 1178 123.492896
1241 1189 29.046405
1198 1407 96.310823
194 1349 92.195718
934 1405 148.460972
2078 1582 33.174242
1793 1404 29.265755
50 1177 73.233488
1850 1573 20.940584
433 1460 123.587179
1457 1233 11.044596
437 1459 98.475744
1241 1413 29.854693
858 1636 54.275211
839 1346 29.471278
1117 1516 51.374354
1573 1292 14.351309
595 1637 144.791650
391 1461 64.426125
1358 1188 12.641417
297 1133 47.488567
663 1574 103.781651
1380 1580 142.335304
666 1236 68.211911
458 1358 52.273838
3 1470 101.399661
2111 1517 40.305384
389 1402 60.490197
293 1478 106.996532
1561 1294 85.160529
1187 1525 20.886864
537 1406 157.548055
1772 1463 134.220612
955 1351 29.488844
1916 1350 45.881526
1753 1581 27.830582
1293 1239 9.998876
1245 1524 14.227934
1407 1519 5.620987
1266 1238 171.198919
2174 1518 102.610756
293 1469 73.080915
1232 1234 12.842340
1348 1291 4.211154
1304 1245 22.605710
3 1290 97.073761
606 1347 85.540215
1512 1235 21.026006
153 1403 108.285958
1685 1462 13.081771
1401 1289 5.516006
1243 1301 16.260875
804 1575 90.663468
728 1348 37.718048
293 1293 54.741667
1334 1182 105.902773
1198 1295 96.399674
1288 1178 13.952262
1579 1189 25.047095
1488 1407 146.465166
2091 1349 119.131921
888 1405 89.535710
537 1582 127.005166
1488 1404 152.417002
838 1177 25.239141
1458 1573 19.322129
77 1460 92.305091
1882 1233 129.401045
1655 1459 140.849000
1414 1413 6.310175
1695 1636 14.985099
124 1346 81.505431
1514 1516 12.319859
1513 1292 21.931078
2082 1637 48.611754
1655 1461 138.892974
1358 1188 12.641417
1414 1133 16.734118
1515 1574 15.541430
987 1580 146.901142
1198 1236 118.893101
1244 1358 13.918925
1415 1470 9.822743
782 1517 59.548346
256 1402 106.323113
1596 1478 40.509645
acc0 69
acc1 325
acc2 721
acc3 1074
acc4 1470
acc5 1724
acc6 1900
acc7 2035
acc8 2109
acc9 2210
acc10 2298
acc11 2366
acc12 2427
acc13 2494
acc14 2545
