1294
1525
1406
1463
1351
1350
1581
1239
1524
1519
1238
1518
1469
1234
1291
1245
1290
1347
1235
1403
1462
1289
1301
1575
1348
1293
1182
1295
1178
1189
1407
1349
1405
1582
1404
1177
1573
1460
1233
1459
1413
1636
1346
1516
1292
1637
1461
1188
1133
1574
1580
1236
1358
1470
1517
1402
1478
1294
1525
1406
1463
1351
1350
1581
1239
1524
1519
1238
1518
1469
1234
1291
1245
1290
1347
1235
1403
1462
1289
1301
1575
1348
1293
1182
1295
1178
1189
1407
1349
1405
1582
1404
1177
1573
1460
1233
1459
1413
1636
1346
1516
1292
1637
1461
1188
1133
1574
1580
1236
1358
1470
1517
1402
1478
1294
1525
1406
1463
1351
1350
1581
1239
1524
1519
1238
1518
1469
1234
1291
1245
1290
1347
1235
1403
1462
1289
1301
1575
1348
1293
1182
1295
1178
1189
1407
1349
1405
1582
1404
1177
1573
1460
1233
1459
1413
1636
1346
1516
1292
1637
1461
1188
1133
1574
1580
1236
1358
1470
1517
1402
1478
1294
1525
1406
1463
1351
1350
1581
1239
1524
1519
1238
1518
1469
1234
1291
1245
1290
1347
1235
1403
1462
1289
1301
1575
1348
1293
1182
1295
1178
1189
1407
1349
1405
1582
1404
1177
1573
1460
1233
1459
1413
1636
1346
1516
1292
1637
1461
1188
1133
1574
1580
1236
1358
1470
1517
1402
1478
1294
1525
1406
1463
1351
1350
1581
1239
1524
1519
1238
1518
1469
1234
1291
1245
1290
1347
1235
1403
1462
1289
1301
1575
1348
1293
1182
1295
1178
1189
1407
1349
1405
1582
1404
1177
1573
1460
1233
1459
1413
1636
1346
1516
1292
1637
1461
1188
1133
1574
1580
1236
1358
1470
1517
1402
1478
1294
1525
1406
1463
1351
1350
1581
1239
1524
1519
1238
1518
1469
1234
1291
1245
1290
1347
1235
1403
1462
1289
1301
1575
1348
1293
1182
1295
1178
1189
1407
1349
1405
1582
1404
1177
1573
1460
1233
1459
1413
1636
1346
1516
1292
1637
1461
1188
1133
1574
1580
1236
1358
1470
1517
1402
1478
1294
1525
1406
1463
1351
1350
1581
1239
1524
1519
1238
1518
1469
1234
1291
1245
1290
1347
1235
1403
1462
1289
1301
1575
1348
1293
1182
1295
1178
1189
1407
1349
1405
1582
1404
1177
1573
1460
1233
1459
1413
1636
1346
1516
1292
1637
1461
1188
1133
1574
1580
1236
1358
1470
1517
1402
1478