351 408 9.810731
2124 352 99.269520
87 407 63.976837
119 465 76.790884
300 464 12.620906
254 353 7.858186
116 520 72.659197
280 351 81.900420
70 409 63.623561
1526 301 66.023744
254 300 6.442551
2101 1893 14.356972
151 467 74.739047
280 577 98.351143
521 521 0.000000
65 1836 106.098875
65 937 58.929585
70 466 67.703907
188 522 82.164501
6 881 70.399591
151 1729 102.115330
106 410 25.205543
1693 463 64.756035
938 1837 49.339678
174 406 26.398045
0 253 39.675763
1905 1261 136.186158
26 354 52.626415
87 576 72.600475
1951 1892 17.539657
1244 523 58.734090
519 519 0.000000
1778 1781 16.407079
2220 2147 6.950137
92 2141 123.832015
2249 302 161.273895
299 299 0.000001
28 411 60.600609
577 632 4.204255
162 1206 122.835345
712 993 14.512405
299 350 3.594020
2142 2142 0.000000
2180 2180 0.000000
1692 579 71.353558
10 713 73.658626
328 1786 80.891744
281 578 98.194564
2054 1949 7.686031
2262 1078 72.843793
61 408 53.337802
352 352 0.000000
354 407 11.148421
1916 465 82.009069
1917 464 78.524917
132 353 35.917646
298 520 24.564374
351 351 0.000000
1692 409 74.721374
254 301 3.605424
1862 300 83.885655
2005 1893 11.380321
132 467 48.346729
134 577 38.847257
632 521 8.426540
1444 1836 21.274848
1160 937 12.704048
577 466 8.487077
711 522 108.592845
768 881 8.387957
877 1729 88.298983
411 410 4.790040
912 463 25.127521
822 1837 66.869085
1805 406 73.933922
300 253 3.553626
1148 1261 8.430139
632 354 18.192245
856 576 15.268512
1946 1892 8.191775
2021 523 104.065745
463 519 4.265980
1670 1781 8.392381
1899 2147 18.695237
1918 2141 85.583407
519 302 15.691892
256 299 20.589907
691 411 16.646583
574 632 14.253857
1317 1206 8.425545
598 993 25.266044
1918 350 83.750549
2051 2142 8.645475
2142 2180 6.129459
410 579 10.539754
1720 713 51.206504
820 1786 95.963358
40 578 55.095283
1947 1949 9.574209
1021 1078 9.959895
2262 408 108.282592
64 352 62.226867
65 407 67.637724
64 465 67.703908
465 464 5.048038
213 353 13.870183
65 520 73.901222
122 351 69.772193
353 409 5.226543
254 301 3.605424
116 300 62.882397
122 1893 101.513211
111 467 40.256736
375 577 99.706962
302 521 14.451295
2225 1836 59.734394
1274 937 17.646627
119 466 75.679852
2256 522 120.359459
70 881 71.569608
41 1729 123.212175
174 410 18.152798
119 463 78.275160
2225 1837 56.925576
126 406 61.448329
1 253 39.995418
1318 1261 4.211338
70 354 60.465215
126 576 74.030482
92 1892 104.807435
410 523 8.589139
300 519 14.834630
1833 1781 19.062033
2266 2147 56.431245
2 2141 148.567190
126 302 60.022624
210 299 8.645068
522 411 8.589139
65 632 80.249748
60 1206 72.666549
712 993 14.512405
41 350 54.572177
2350 2142 36.157107
1274 2180 54.470013
766 579 104.636159
155 713 42.171990
317 1786 120.748605
2289 578 103.282328
189 1949 100.532667
196 1078 103.721796
408 408 0.000000
2249 352 156.009822
116 407 68.140759
745 465 16.091705
520 464 4.265980
466 353 9.530495
2021 520 94.012771
300 351 3.594020
124 409 72.790371
213 301 14.112816
126 300 55.379488
116 1893 111.491026
1692 467 76.323650
745 577 9.629420
134 521 37.151192
156 1836 95.712563
353 937 120.617230
1861 466 77.857513
195 522 87.384900
2217 881 78.900068
182 1729 127.448492
305 410 11.243629
215 463 33.507052
302 1837 165.548803
126 406 61.448329
195 253 65.091463
1623 1261 149.432800
543 354 93.447385
40 576 58.797219
1611 1892 16.091809
2280 523 131.955804
465 519 8.452980
116 1781 105.413799
2255 2147 29.194438
2299 2141 25.950924
465 302 10.794597
634 299 32.347320
2194 411 120.770176
1705 632 75.186934
787 1206 162.117934
2249 993 79.729422
26 350 56.438557
2235 2142 57.862079
2098 2180 7.007229
213 579 24.507833
377 713 19.417600
114 1786 128.293332
211 578 25.949796
655 1949 77.500437
146 1078 96.027582
2073 408 95.867916
65 352 63.964975
116 407 68.140759
1860 465 77.857842
353 464 7.922625
87 353 58.473057
464 520 4.265980
106 351 22.636115
69 409 66.205534
255 301 6.805454
300 300 0.000001
134 1893 147.070929
236 467 88.486351
1916 577 75.984600
1077 521 37.772953
211 1836 158.685440
485 937 33.416568
2194 466 113.728032
469 522 13.330658
63 881 59.327567
540 1729 101.971778
305 410 11.243629
328 463 94.789048
149 1837 105.627532
62 406 61.236862
43 253 52.386295
1596 1261 18.031925
69 354 62.866314
2311 576 114.207710
1894 1892 10.089094
41 523 54.440911
466 519 13.330625
215 1781 147.712415
1896 2147 19.275390
2141 2141 0.000000
41 302 45.904400
2321 299 129.947259
280 411 89.144387
1858 632 73.016945
2222 1206 110.553686
375 993 34.661512
2289 350 122.252972
2056 2142 18.952356
26 2180 137.383626
182 579 59.047473
156 713 45.859652
43 1786 116.887767
1860 578 74.287730
124 1949 107.209334
2021 1078 62.813773
2100 408 168.928492
33 352 40.741612
2305 407 117.760993
464 465 5.048038
353 464 7.922625
211 353 10.910942
26 520 64.328777
375 351 91.018710
29 409 61.370018
632 301 20.927060
300 300 0.000001
2100 1893 15.138203
302 467 14.459420
375 577 99.706962
577 521 4.226557
7 1836 120.528217
45 937 62.666069
29 466 65.037230
1 522 58.366401
0 881 73.622973
152 1729 98.272953
49 410 59.592458
2033 463 90.592643
1722 1837 17.589306
159 406 66.649623
28 253 50.734126
1628 1261 146.351962
116 354 60.427572
2305 576 108.233258
1923 1892 101.474698
1189 523 50.087614
464 519 4.265949
1330 1781 29.469713
2147 2147 0.000000
7 2141 143.534510
2281 302 133.955449
300 299 4.915060
6 411 54.724038
519 632 8.426008
320 1206 63.065406
880 993 8.408928
300 350 6.066430
2181 2142 3.488156
2141 2180 3.488156
302 579 20.147204
545 713 9.629500
95 1786 98.155359
372 578 87.588321
2053 1949 10.681553
966 1078 5.515603
195 408 78.096258
301 352 3.636367
573 407 16.400646
464 465 5.048038
320 464 87.429754
2276 353 153.613698
457 520 38.445030
250 351 17.128026
2052 409 165.045147
300 301 4.915046
215 300 28.128383
821 1893 71.057098
197 467 80.998933
97 577 70.582854
744 521 13.666887
1672 1836 21.577233
1833 937 45.830594
468 466 10.089173
2054 522 163.955043
1444 881 33.520529
1043 1729 92.599077
523 410 8.589139
1189 463 39.262267
772 1837 55.088633
405 406 4.790024
254 253 4.968995
1484 1261 12.794691
1526 354 64.911983
403 576 25.189270
1724 1892 10.168782
1978 523 76.886226
575 519 4.226579
1833 1781 19.062033
525 2147 158.739677
58 2141 148.896554
1471 302 63.749092
1970 299 92.330777
518 411 25.989555
356 632 24.312499
1037 1206 8.800909
466 993 124.730999
350 350 0.000000
2140 2142 10.012990
545 2180 91.165793
299 579 32.010300
1611 713 46.503290
878 1786 86.595862
578 578 0.000000
764 1949 83.240364
1080 1078 12.798344
302 408 7.463393
2074 352 96.344613
45 407 64.956445
90 465 73.460619
1579 464 65.127511
1858 353 87.988438
2346 520 118.201967
121 351 71.010230
173 409 17.826668
211 301 7.187794
26 300 52.117378
121 1893 101.284320
2320 467 131.843221
280 577 98.351143
577 521 4.226557
321 1836 88.171494
1611 937 35.674400
302 466 11.894463
438 522 106.842771
29 881 66.199946
63 1729 115.112423
2156 410 118.026907
407 463 4.330137
2217 1837 28.385832
19 406 42.009996
188 253 70.365359
1035 1261 21.071708
29 354 57.799680
19 576 53.502906
2307 1892 68.489412
1747 523 79.756793
407 519 6.960402
1670 1781 8.392381
147 2147 141.845904
2142 2141 5.017190
19 302 37.431198
252 299 3.553626
1470 411 64.426110
2307 632 101.781809
2236 1206 71.337507
993 993 0.000001
63 350 62.053058
233 2142 109.465014
1611 2180 38.596145
1693 579 67.837555
40 713 65.090344
224 1786 123.132956
194 578 91.417994
153 1949 102.402673
85 1078 91.308526
2074 408 93.970697
2281 352 128.186797
26 407 58.463802
1247 465 42.666034
686 464 16.845620
350 353 14.531215
1978 520 77.561424
2287 351 116.133382
2193 409 119.546107
1858 301 89.091074
253 300 3.553626
26 1893 119.524353
2052 467 156.983308
913 577 17.813998
97 521 68.582639
328 1836 80.634262
604 937 25.108516
431 466 93.033072
61 522 55.382046
321 881 35.070574
2281 1729 54.655955
635 410 14.358525
1862 463 73.157328
552 1837 68.135061
406 406 0.000000
279 253 76.657618
480 1261 44.220833
373 354 80.705295
2264 576 101.064181
1720 1892 21.122736
1861 523 78.462398
1579 519 60.876089
26 1781 113.009079
302 2147 160.220611
2142 2141 5.017190
1579 302 76.399974
1409 299 63.984427
85 411 46.086237
1818 632 83.517845
670 1206 146.461910
182 993 67.316310
2326 350 127.677008
55 2142 162.763410
2184 2180 19.951127
1858 579 83.961072
2311 713 113.056870
2280 1786 45.945226
182 578 62.524532
2058 1949 19.666526
177 1078 71.307950
408 408 0.000000
2307 352 118.681459
26 407 58.463802
138 465 25.344735
173 464 22.684065
2235 353 109.879067
519 520 5.274255
2320 351 132.157138
2311 409 121.733289
2002 301 176.364029
254 300 6.442551
435 1893 77.403149
235 467 89.081027
161 577 74.085599
859 521 21.566652
383 1836 78.673610
544 937 22.452215
85 466 52.943624
354 522 11.182404
41 881 67.521948
264 1729 139.764074
635 410 14.358525
156 463 79.371826
2294 1837 50.376834
2165 406 100.785588
210 253 3.518472
1539 1261 16.813471
2311 354 124.845442
69 576 74.588652
1890 1892 10.089094
63 523 63.057030
350 519 14.544204
547 1781 64.338333
1529 2147 103.839717
2180 2141 3.488156
13 302 46.131526
25 299 50.052523
375 411 84.372568
213 632 29.763689
223 1206 56.889700
280 993 52.868806
2334 350 131.525340
1837 2142 24.542740
2180 2180 0.000000
2249 579 145.144101
328 713 32.098559
47 1786 104.912013
138 578 31.468368
2193 1949 60.454147
1978 1078 52.771289
250 408 26.693120
2285 352 116.035122
32 407 49.203915
352 465 9.775229
407 464 4.330109
353 353 0.000000
2234 520 98.344000
2297 351 152.097710
2233 409 104.925829
1190 301 49.521001
299 300 4.915060
2002 1893 9.775218
255 467 16.469518
2311 577 112.648817
464 521 8.452996
45 1836 108.190959
91 937 55.847578
2233 466 101.512914
522 522 0.000000
154 881 48.454360
1841 1729 6.413001
111 410 38.418661
766 463 114.872194
1613 1837 12.456994
2156 406 107.541535
6 253 43.806630
334 1261 130.369979
14 354 52.630113
32 576 59.733615
1755 1892 110.074045
912 523 29.257318
577 519 8.696666
1162 1781 35.060744
2146 2147 5.017187
2346 2141 39.967553
383 302 87.987145
254 299 10.701484
154 411 77.238584
966 632 21.203283
2158 1206 110.490570
993 993 0.000001
350 350 0.000000
2216 2142 6.950137
2097 2180 8.071534
467 579 6.658498
713 713 0.000000
156 1786 92.167337
160 578 80.199060
2003 1949 5.227042
1134 1078 4.214085
81 408 33.646932
377 352 91.903391
469 407 27.113879
409 465 4.330118
408 464 4.330137
2277 353 150.053743
1949 520 171.410661
169 351 17.921031
1912 409 97.443345
211 301 7.187794
547 300 99.342166
1830 1893 33.456180
2277 467 146.597519
2192 577 114.123078
743 521 16.777301
768 1836 60.875955
1554 937 30.615813
636 466 16.587104
1800 522 91.822261
1672 881 58.770523
583 1729 171.079483
580 410 12.797857
968 463 28.598206
1469 1837 124.162480
407 406 4.790791
2073 253 103.448972
1372 1261 8.418630
744 354 23.995664
571 576 27.279850
1943 1892 22.327467
125 523 79.858713
518 519 5.275082
1554 1781 21.148063
2063 2147 23.112943
2098 2141 3.519076
824 302 109.691661
299 299 0.000001
1632 411 91.510259
1726 632 168.698849
1203 1206 16.295198
350 993 126.275039
299 350 3.594020
2000 2142 11.758589
2178 2180 10.091393
1747 579 75.540316
1274 713 28.559210
596 1786 101.972217
634 578 4.204255
1639 1949 114.702451
1248 1078 12.646089
301 408 7.973112
90 352 67.368820
2346 407 125.275883
2231 465 103.209208
1945 464 167.210308
136 353 18.784386
45 520 71.809140
2350 351 133.176778
2081 409 92.330781
353 301 5.455443
2234 300 113.702145
2350 1893 53.263501
49 467 63.662395
2311 577 112.648817
409 521 6.960402
2217 1836 28.173448
1556 937 34.321658
210 466 22.750309
543 522 99.584021
67 881 58.909853
48 1729 102.161307
159 410 74.354303
300 463 10.958621
321 1837 90.719223
406 406 0.000000
254 253 4.968995
1259 1261 16.260710
67 354 64.700514
210 576 25.191717
2346 1892 58.353080
299 523 31.899316
408 519 8.589139
1160 1781 41.794070
2033 2147 78.391446
2098 2141 3.519076
254 302 5.412388
171 299 11.684458
1580 411 75.756433
2346 632 111.789637
138 1206 85.589516
880 993 8.408928
13 350 52.399787
122 2142 120.511704
1556 2180 42.104087
992 579 121.421504
2264 713 126.543243
428 1786 108.921129
88 578 72.600502
10 1949 138.496908
1915 1078 48.446955
353 408 3.743804
182 352 59.385817
2234 407 105.865582
1359 465 47.981143
739 464 29.382873
1803 353 83.882182
2214 520 145.253529
299 351 6.066430
599 409 101.242984
136 301 14.320235
210 300 7.072095
2326 1893 62.818158
1912 467 100.341316
1247 577 36.428997
2192 521 118.332216
93 1836 102.043478
1913 937 142.437242
2280 466 131.737592
81 522 37.288816
2225 881 112.736969
2249 1729 39.267302
349 410 28.400932
547 463 110.165301
252 1837 154.125118
351 406 3.639721
81 253 27.802726
337 1261 138.423778
2256 354 127.923527
576 576 0.000000
1556 1892 18.775989
431 523 91.101014
878 519 120.929887
2234 1781 85.129133
252 2147 149.355388
2181 2141 6.129462
2103 302 168.081013
1779 299 160.945588
2247 411 150.671226
1259 632 71.732605
364 1206 45.392563
2281 993 107.400936
116 350 67.838138
87 2142 128.023009
1802 2180 87.243063
179 579 44.588861
69 713 57.515280
86 1786 126.341651
383 578 106.065976
656 1949 74.721071
494 1078 132.968414
2166 408 100.061747
45 352 61.318142
407 407 0.000000
2181 465 156.815541
1913 464 86.967391
2288 353 116.237729
520 520 0.000000
49 351 50.311679
117 409 67.692702
2055 301 170.181920
299 300 4.915060
97 1893 115.548777
432 467 93.032890
2156 577 105.234649
1075 521 46.122380
182 1836 115.023263
142 937 86.298652
2247 466 149.736018
573 522 29.606355
48 881 70.948109
1002 1729 36.781473
349 410 28.400932
519 463 4.265980
2196 1837 77.765861
2322 406 120.699679
253 253 0.000000
1313 1261 25.595022
117 354 63.856752
117 576 79.919039
1780 1892 6.658992
48 523 70.281060
1744 519 76.221919
112 1781 123.922491
2004 2147 19.031898
28 2141 133.074762
63 302 54.311289
2273 299 159.109463
2311 411 119.208225
179 632 55.199693
542 1206 59.631152
2311 993 98.603361
194 350 71.960370
1634 2142 98.245006
116 2180 125.361850
2281 579 122.744933
93 713 49.415439
46 1786 106.128385
2181 578 148.782548
2054 1949 7.686031
125 1078 98.628299
1839 408 163.396305
21 352 34.556967
2235 407 107.485101
302 465 10.794597
254 464 14.340535
1636 353 72.135533
2323 520 112.764655
69 351 59.303059
67 409 68.342801
1301 301 55.942286
353 300 9.862621
2005 1893 11.380321
301 467 18.473047
69 577 75.747105
302 521 14.451295
2338 1836 64.056109
2338 937 107.552495
192 466 85.622004
521 522 5.275047
28 881 63.511534
1786 1729 4.204117
2320 410 134.504906
992 463 130.183848
1442 1837 29.257458
161 406 58.607775
154 253 67.504535
1100 1261 42.534073
2326 354 123.736035
2235 576 96.948764
2242 1892 47.845684
1194 523 35.363894
966 519 24.576801
1609 1781 21.998144
2185 2147 4.221321
65 2141 125.957539
2268 302 131.667428
350 299 3.594020
0 411 48.833140
967 632 18.464684
133 1206 109.855143
769 993 11.257998
254 350 12.504464
2143 2142 5.017193
2099 2180 8.620159
522 579 4.226579
658 713 4.188064
186 1786 112.100171
2022 578 92.671714
2004 1949 3.845569
1078 1078 0.000000
352 408 5.488791
351 352 4.855592
401 407 28.503052
352 465 9.775229
407 464 4.330109
197 353 70.072992
770 520 123.573393
1839 351 153.639798
774 409 118.646312
353 301 5.455443
253 300 3.553626
354 1893 171.917616
226 467 71.316467
435 577 109.144764
855 521 21.566652
1997 1836 32.189372
1670 937 45.999692
517 466 23.389461
361 522 34.612993
522 881 120.929748
1942 1729 57.728233
581 410 16.400045
1244 463 44.686784
659 1837 62.122142
463 406 4.330547
211 253 6.504341
1092 1261 12.645989
743 354 25.942763
1635 576 60.673762
937 1892 51.469960
2214 523 137.499320
576 519 4.226545
1387 1781 22.451858
1139 2147 124.846182
2142 2141 5.017190
827 302 113.867028
300 299 4.915060
1520 411 87.395829
1695 632 54.606667
1091 1206 18.023286
2104 993 74.840203
405 350 3.639721
2006 2142 23.439273
2215 2180 3.461984
713 579 116.282045
1556 713 44.710874
2103 1786 23.525125
633 578 4.203689
331 1949 89.537353
961 1078 32.265525
352 408 5.488791
2231 352 109.212007
2287 407 112.054752
2074 465 91.373220
2103 464 158.085549
2182 353 165.808071
2287 520 104.802240
233 351 80.894547
330 409 91.642798
172 301 10.755806
2323 300 126.003038
2351 1893 54.777646
89 467 68.175411
69 577 75.747105
521 521 0.000000
2205 1836 77.312301
1720 937 39.904864
255 466 14.792519
373 522 86.817084
192 881 47.792580
13 1729 118.522003
161 410 68.646968
408 463 8.191638
2205 1837 79.264984
464 406 8.192287
211 253 6.504341
1260 1261 6.399320
192 354 78.452160
171 576 28.472156
65 1892 109.115553
541 523 88.177736
254 519 17.830050
1554 1781 21.148063
101 2147 138.011614
2215 2141 6.950137
211 302 7.740153
253 299 6.088260
687 411 28.940411
92 632 85.087794
1860 1206 106.647565
1161 993 8.815754
23 350 43.436555
2351 2142 36.506077
1720 2180 31.294591
2033 579 77.913534
2298 713 97.715203
245 1786 102.444595
2334 578 122.914944
2054 1949 7.686031
1971 1078 50.442931
64 408 64.844491
383 352 89.942059
2323 407 119.155632
1135 465 37.413322
1472 464 52.020602
1744 353 88.004145
125 520 75.541588
350 351 4.856284
408 409 4.790759
2182 301 169.243801
301 300 4.915046
68 1893 108.913003
397 467 63.543594
854 577 20.920018
435 521 105.400941
1893 1836 4.266679
2081 937 127.096798
2031 466 83.835631
42 522 61.210463
2205 881 111.221003
2268 1729 75.556623
1522 410 75.234480
112 463 56.174357
2255 1837 57.166453
352 406 6.333065
42 253 49.785203
820 1261 49.658667
438 354 96.297166
575 576 5.474820
1274 1892 33.932944
114 523 56.213269
1945 519 167.767072
2326 1781 69.399249
552 2147 88.174248
2215 2141 6.950137
603 302 102.102604
939 299 118.833876
196 411 80.157394
1260 632 81.406388
679 1206 141.680205
2268 993 92.982394
2026 350 90.891596
2142 2142 0.000000
1691 2180 94.239510
2126 579 84.916029
117 713 43.949897
127 1786 98.190834
2281 578 120.543573
409 1949 179.999697
2070 1078 66.804919
353 408 3.743804
2287 352 115.634229
2326 407 121.997528
60 465 50.475081
2081 464 90.830404
55 353 28.046743
352 520 11.444804
111 351 45.463276
377 409 93.215653
1893 301 167.761269
211 300 9.198435
2192 1893 60.384667
105 467 31.761477
159 577 81.350029
915 521 22.802884
2281 1836 59.682855
2023 937 141.137183
196 466 81.637237
821 522 104.782069
13 881 68.481663
949 1729 46.603260
1522 410 75.234480
352 463 7.776244
82 1837 137.423175
228 406 83.415338
47 253 51.099560
1207 1261 9.998709
377 354 89.370886
519 576 4.226545
1952 1892 22.327911
467 523 4.265949
358 519 33.573715
2282 1781 66.421502
2011 2147 17.980869
6 2141 140.032527
254 302 5.412388
252 299 3.553626
117 411 63.696875
2126 632 84.867854
268 1206 54.840966
117 993 57.006838
88 350 65.970094
652 2142 89.283135
14 2180 139.651045
2268 579 111.676667
657 713 4.188060
2345 1786 60.476216
60 578 54.304883
599 1949 78.756767
179 1078 81.132381
169 408 26.079708
37 352 32.603791
2288 407 113.503970
409 465 4.330118
408 464 4.330137
1635 353 74.322846
17 520 60.734161
117 351 68.661605
192 409 82.097901
744 301 26.914334
407 300 8.318268
1893 1893 0.000001
152 467 77.485196
117 577 78.155593
522 521 5.275047
2346 1836 61.797939
11 937 81.290427
67 466 71.880847
467 522 4.265980
657 881 11.602796
1784 1729 8.920508
89 410 65.630584
2179 463 154.695021
1164 1837 35.364146
1916 406 81.385419
171 253 7.006413
332 1261 122.528288
68 354 64.297873
2288 576 103.002122
221 1892 119.770615
968 523 29.627166
352 519 10.610733
1163 1781 32.880947
2219 2147 8.598993
2200 2141 63.303275
211 302 7.740153
405 299 7.233738
191 411 80.365018
464 632 10.168501
253 1206 97.488017
1048 993 4.211392
405 350 3.639721
2053 2142 8.155327
2273 2180 10.330193
409 579 12.798321
544 713 12.572538
193 1786 89.310914
110 578 43.872422
2143 1949 15.426173
1079 1078 6.399766
279 408 88.714645
253 352 8.236603
2005 407 164.062975
521 465 4.265960
465 464 5.048038
302 353 3.719651
1746 520 73.016943
2100 351 170.831669
397 409 55.384562
172 301 10.755806
301 300 4.915046
469 1893 159.871178
2301 467 137.884726
577 577 0.000000
1190 521 39.231378
1773 1836 40.080612
1552 937 31.899026
255 466 14.792519
2190 522 131.399239
1605 881 42.358563
456 1729 109.482313
462 410 22.328016
626 463 25.946013
463 1837 166.669375
300 406 7.233738
299 253 6.088260
1541 1261 14.351367
1301 354 56.500460
994 576 138.342486
1049 1892 46.190008
179 523 40.370960
407 519 6.960402
1160 1781 41.794070
884 2147 76.282454
2215 2141 6.950137
514 302 33.280340
350 299 3.594020
359 411 17.320204
1834 632 167.330332
1428 1206 16.832562
1744 993 146.073586
300 350 6.066430
1834 2142 21.260220
2181 2180 5.060073
541 579 92.318729
1158 713 29.224958
480 1786 124.530315
466 578 6.658498
385 1949 86.783990
625 1078 38.137964
2120 408 95.988049
254 352 7.241762
2338 407 123.401762
521 465 4.265960
596 464 99.520041
2126 353 100.863100
2338 520 115.943796
2351 351 132.902966
1913 409 94.241989
136 301 14.320235
14 300 50.554709
233 1893 90.834083
2333 467 135.228208
117 577 78.155593
464 521 8.452996
2101 1836 18.003463
1158 937 22.088740
301 466 14.981774
234 522 92.568330
2233 881 128.088652
23 1729 127.280710
52 410 45.745427
254 463 14.897932
2101 1837 17.790653
351 406 3.639721
136 253 10.468700
1818 1261 33.560322
2233 354 108.622911
301 576 17.488127
7 1892 124.188870
497 523 109.272056
299 519 17.277017
1387 1781 22.451858
113 2147 151.170306
2181 2141 6.129462
2348 302 140.418768
301 299 9.818059
693 411 18.261920
45 632 78.217795
2181 1206 83.672066
769 993 11.257998
48 350 53.025662
121 2142 119.497271
1334 2180 56.347716
260 579 29.801352
171 713 97.759791
2102 1786 26.721288
2336 578 113.781489
2003 1949 5.227042
2194 1078 75.294900
407 408 4.790040
2268 352 131.055617
2027 407 87.430662
913 465 24.472497
879 464 119.898432
598 353 97.735436
179 520 50.047745
254 351 9.168636
353 409 5.226543
2126 301 105.573681
351 300 3.594020
2323 1893 63.545923
774 467 121.967179
911 577 21.359746
1976 521 76.886294
1837 1836 5.275058
330 937 49.214695
114 466 57.542174
39 522 47.269371
881 881 0.000001
383 1729 71.244602
214 410 16.127715
2282 463 116.199761
2071 1837 82.381657
464 406 8.192287
61 253 47.196974
1909 1261 131.552983
234 354 81.900131
2259 576 101.064177
1158 1892 50.170781
127 523 74.629961
820 519 113.130917
2323 1781 70.150017
108 2147 169.431597
2098 2141 3.519076
1945 302 163.056558
624 299 31.727494
2270 411 129.453599
1429 632 88.299450
666 1206 125.669089
881 993 5.560901
14 350 54.418010
2288 2142 51.834811
1968 2180 75.577231
439 579 110.165301
657 713 4.188060
271 1786 110.401259
2268 578 113.578600
352 1949 170.519230
100 1078 73.755019
300 408 11.243629
2346 352 128.892420
408 407 4.790040
273 465 86.450574
604 464 113.248744
2305 353 122.509921
577 520 4.227081
351 351 0.000000
280 409 88.617318
297 301 19.538842
350 300 6.066430
1976 1893 99.889430
2304 467 122.840993
174 577 29.891109
1082 521 29.979316
2268 1836 60.375947
2211 937 82.434059
2272 466 139.591803
2005 522 169.269492
881 881 0.000001
1999 1729 48.641495
214 410 16.127715
351 463 7.529159
1837 1837 0.000000
2306 406 115.350508
171 253 7.006413
870 1261 19.501844
280 354 85.156023
280 576 97.251198
1669 1892 13.971542
523 523 0.000000
1803 519 71.789218
1862 1781 111.864830
1638 2147 92.308188
2099 2141 6.109793
353 302 3.719651
253 299 6.088260
355 411 4.738914
439 632 111.642729
2139 1206 68.778627
993 993 0.000001
2336 350 125.581505
1053 2142 63.313737
2234 2180 54.833506
383 579 106.541901
324 713 23.053781
1786 1786 0.000000
2236 578 96.677383
2003 1949 5.227042
2214 1078 120.599062
600 408 105.846270
187 352 74.768303
352 407 3.674709
301 465 12.239086
463 464 5.047246
1693 353 74.045792
2326 520 114.242759
2311 351 129.688143
302 409 7.686027
743 301 26.672048
350 300 6.066430
2055 1893 11.893830
354 467 9.294308
2297 577 138.016688
352 521 14.040117
91 1836 101.564347
2287 937 118.916931
302 466 11.894463
577 522 8.696649
600 881 14.963901
1896 1729 12.677565
2339 410 124.494682
260 463 40.020345
1384 1837 37.721880
52 406 38.592170
210 253 3.518472
1882 1261 41.996196
44 354 59.137094
352 576 13.989916
2189 1892 49.023469
1081 523 31.694484
520 519 5.274255
1223 1781 31.297562
2236 2147 60.885813
11 2141 147.603661
182 302 52.931943
407 299 11.826545
410 411 4.790040
521 632 8.426540
2029 1206 84.933193
994 993 6.362591
407 350 10.143846
2215 2142 8.598993
2246 2180 6.904051
521 579 8.696683
712 713 5.943396
93 1786 99.138549
2303 578 119.737142
1947 1949 9.574209
967 1078 8.418704
39 408 43.298742
302 352 6.712226
295 407 30.852448
520 465 4.266439
463 464 5.047246
226 353 71.570943
1749 520 65.856047
168 351 22.055543
2129 409 102.759159
299 301 9.818059
351 300 3.594020
2146 1893 22.750108
2276 467 148.270619
521 577 4.226557
1301 521 47.031104
1470 1836 129.038941
1387 937 25.408444
297 466 33.393364
1991 522 111.102398
1773 881 51.633362
513 1729 115.638167
306 410 15.610755
1081 463 35.885716
1581 1837 119.123849
350 406 6.043588
136 253 10.468700
1430 1261 8.891745
1190 354 49.086984
883 576 134.220438
1500 1892 21.828143
2300 523 139.188434
405 519 12.232892
1108 1781 34.857475
1670 2147 35.223809
2181 2141 6.129462
302 302 0.000001
282 299 72.029870
1841 411 167.767162
2006 632 155.687268
815 1206 21.549942
358 993 105.221581
2319 350 135.661342
356 2142 156.560473
2115 2180 63.317183
484 579 88.177591
1606 713 48.564693
465 1786 152.963032
2264 578 99.139134
492 1949 76.886296
1556 1078 163.138669
409 408 4.790759
300 352 5.755783
92 407 71.492085
577 465 6.658498
878 464 116.677355
2203 353 107.444604
92 520 78.676444
300 351 3.594020
158 409 75.141326
300 301 4.915046
44 300 57.416737
2101 1893 14.356972
2339 467 120.612212
278 577 99.376179
301 521 16.428364
599 1836 70.189068
1606 937 38.356358
171 466 25.064392
302 522 16.045223
712 881 9.142923
2324 1729 72.515828
1916 410 88.637982
405 463 8.192273
2005 1837 12.474235
352 406 6.333065
300 253 3.553626
1429 1261 8.891763
254 354 10.578730
302 576 18.001658
2287 1892 71.675421
484 523 84.024952
463 519 4.265980
1552 1781 31.282194
202 2147 123.195868
2216 2141 8.598995
172 302 10.755804
351 299 6.066430
460 411 36.605659
2338 632 109.557703
273 1206 72.106362
1385 993 19.458839
66 350 64.427684
2142 2142 0.000000
1158 2180 61.115630
113 579 55.349584
2259 713 134.771052
207 1786 124.490958
2261 578 99.139022
2053 1949 10.681553
2270 1078 106.415788
465 408 4.330547
352 352 0.000000
2326 407 121.997528
911 465 26.996233
936 464 126.468077
358 353 24.094899
2300 520 135.138444
2338 351 127.599816
210 409 18.423881
439 301 90.778378
352 300 5.755783
14 1893 119.767503
2129 467 96.463007
1135 577 31.297671
184 521 70.562689
2002 1836 11.445078
173 937 105.896723
2215 466 148.869890
279 522 96.081919
824 881 4.196934
211 1729 142.981777
1867 410 76.886627
2116 463 98.282332
108 1837 145.773519
301 406 9.154231
12 253 40.357547
949 1261 153.974264
353 354 4.855562
463 576 8.487088
1334 1892 32.194702
2031 523 80.385890
596 519 103.778099
17 1781 115.604332
73 2147 133.777927
98 2141 143.421656
596 302 88.763173
805 299 48.757284
2272 411 139.682872
1343 632 113.646065
1772 1206 46.355660
937 993 4.207234
299 350 3.594020
2305 2142 48.896511
2157 2180 60.949341
2182 579 149.760491
278 713 31.806682
431 1786 95.929910
578 578 0.000000
771 1949 63.060669
493 1078 135.779071
407 408 4.790040
2338 352 126.944108
300 407 8.318268
2236 465 104.320237
330 464 93.287607
254 353 7.858186
65 520 73.901222
352 351 4.855592
278 409 89.095447
468 301 22.347982
2287 300 119.668681
184 1893 110.808027
53 467 44.851857
577 577 0.000000
1558 521 164.360338
1836 1836 0.000000
2240 937 96.251140
2270 466 129.524932
401 522 45.059104
824 881 4.196934
404 1729 131.772014
749 410 25.250635
464 463 5.047246
1893 1837 4.266189
30 406 56.996968
209 253 6.109493
1648 1261 35.353484
278 354 85.399231
577 576 5.475679
1612 1892 16.091794
580 523 4.226579
598 519 109.810772
2116 1781 82.683477
2003 2147 22.688014
2246 2141 10.392197
211 302 7.740153
209 299 7.072095
69 411 67.637723
2182 632 148.858279
251 1206 107.191978
1048 993 4.211392
351 350 4.856284
1743 2142 86.777766
16 2180 142.401707
467 579 6.658498
601 713 6.044202
5 1786 119.523816
578 578 0.000000
2004 1949 3.845569
72 1078 83.394177
168 408 30.746465
301 352 3.636367
301 407 7.311048
521 465 4.265960
299 464 16.085259
408 353 3.743804
16 520 64.055762
278 351 84.584004
255 409 10.859179
855 301 32.459191
211 300 9.198435
1949 1893 4.329543
352 467 17.661994
278 577 99.376179
519 521 10.543859
2307 1836 71.809444
2346 937 106.988133
409 466 4.330118
409 522 8.589582
656 881 13.081814
1840 1729 8.426008
2333 410 138.296116
113 463 60.852134
1665 1837 26.639444
326 406 92.509496
191 253 71.050765
283 1261 123.103448
2026 354 94.125663
464 576 6.658498
2188 1892 43.975160
1074 523 60.721716
1134 519 33.347747
1269 1781 52.053816
2325 2147 46.925537
45 2141 129.654532
325 302 84.583944
208 299 9.198435
466 411 8.192287
1190 632 30.985736
1917 1206 103.274480
992 993 6.362501
208 350 12.367095
2098 2142 6.109791
2100 2180 11.849665
354 579 15.158689
189 713 33.712507
2337 1786 66.651284
2302 578 124.904765
1948 1949 4.790798
516 1078 31.694492
42 408 57.703063
2311 352 127.959532
821 407 111.590745
161 465 68.273962
353 464 7.922625
2301 353 140.533067
2097 520 153.216373
600 351 105.161522
409 409 0.000000
408 301 7.973112
252 300 6.088260
573 1893 157.971878
157 467 81.606638
520 577 4.227081
1526 521 54.617109
1605 1836 41.042391
1108 937 17.950081
1078 466 38.626602
466 522 4.266439
1997 881 61.372435
1518 1729 76.679335
1689 410 87.705698
1194 463 43.483533
1633 1837 104.796642
299 406 8.713950
172 253 9.245251
1262 1261 6.399288
855 354 31.321838
526 576 34.858518
1104 1892 47.367363
439 523 106.842809
630 519 8.426564
1552 1781 31.282194
2013 2147 25.335171
2140 2141 5.017190
2010 302 148.392614
405 299 7.233738
1727 411 166.626697
1389 632 161.535411
1209 1206 19.263712
2143 993 66.389673
58 350 40.260174
1695 2142 98.514457
2216 2180 6.147768
497 579 111.865037
1334 713 41.711276
1909 1786 56.960258
579 578 5.475679
609 1949 74.153477
1611 1078 161.967962
255 408 11.170055
232 352 81.959613
11 407 44.902607
464 465 5.048038
384 464 95.717733
439 353 95.250112
11 520 51.161947
299 351 6.066430
104 409 29.328611
408 301 7.973112
16 300 48.880352
2100 1893 15.138203
106 467 29.136782
2297 577 138.016688
522 521 5.275047
654 1836 72.062899
1248 937 162.049937
1748 466 74.428728
301 522 19.247612
769 881 5.697098
66 1729 102.556474
326 410 91.187520
575 463 6.658498
1893 1837 4.266189
301 406 9.154231
353 253 11.197954
1705 1261 34.107146
211 354 12.593324
352 576 13.989916
11 1892 131.894437
713 523 112.057974
353 519 12.094139
1998 1781 31.450773
2172 2147 58.830675
2053 2141 11.849413
353 302 3.719651
352 299 10.226794
1444 411 145.847353
2287 632 98.394226
1974 1206 95.334386
1048 993 4.211392
2324 350 122.409570
2181 2142 3.488156
1606 2180 39.186036
147 579 64.523113
2260 713 135.900807
2114 1786 56.866995
2025 578 83.706255
2004 1949 3.845569
2245 1078 117.055155
300 408 11.243629
301 352 3.636367
352 407 3.674709
854 465 25.832723
990 464 121.284136
2143 353 169.088870
72 520 60.376079
407 351 5.761779
212 409 14.281500
2203 301 112.023818
252 300 6.088260
44 1893 113.155011
2133 467 111.944923
969 577 20.820569
382 521 103.113403
186 1836 99.518948
158 937 64.776899
127 466 68.509332
50 522 62.196842
825 881 4.196926
1729 1729 0.000000
749 410 25.250635
59 463 49.231536
2072 1837 85.598817
519 406 8.589602
39 253 35.918490
596 1261 54.997605
254 354 10.578730
688 576 6.211202
1606 1892 34.102528
86 523 57.166615
2103 519 153.825159
14 1781 113.148757
2071 2147 54.289202
130 2141 151.170308
384 302 86.921348
511 299 31.212819
2335 411 129.397682
1647 632 66.827990
286 1206 129.324062
1049 993 4.211384
2323 350 122.150007
2181 2142 3.488156
2215 2180 3.461984
2203 579 91.778077
601 713 6.044202
197 1786 88.744400
466 578 6.658498
461 1949 157.671983
1135 1078 4.214834
254 408 11.071901
91 352 68.069639
463 407 4.330137
408 465 4.330547
158 464 76.182418
353 353 0.000000
521 520 5.275047
253 351 7.147642
22 409 39.060253
577 301 18.465427
353 300 9.862621
382 1893 80.538055
2263 467 104.690604
464 577 8.487599
1182 521 74.273358
1948 1836 6.960000
2226 937 113.665322
51 466 53.286644
1830 522 138.281944
825 881 4.196926
2206 1729 89.254397
1898 410 162.460305
406 463 4.330547
1894 1837 4.266189
2344 406 129.306217
2345 253 136.514006
1232 1261 167.354008
22 354 35.312358
464 576 6.658498
1785 1892 27.037008
522 523 5.274255
2104 519 149.375542
2291 1781 68.931890
343 2147 120.922881
2247 2141 11.570394
48 302 54.018879
2119 299 101.872758
356 411 4.133587
136 632 35.243946
1807 1206 94.032223
2297 993 82.040954
252 350 7.147642
470 2142 144.386301
2027 2180 74.754399
211 579 27.748514
2337 713 121.884196
1841 1786 4.227240
273 578 90.174482
2053 1949 10.681553
2258 1078 76.281460
270 408 76.139550
210 352 11.268003
351 407 5.761779
577 465 6.658498
466 464 10.089157
466 353 9.530495
68 520 74.142290
377 351 92.540712
301 409 10.681519
1355 301 63.191011
408 300 11.243629
2144 1893 17.973402
409 467 8.192302
22 577 49.491745
467 521 8.452996
11 1836 128.838151
7 937 76.883273
354 466 7.282893
302 522 16.045223
599 881 17.183106
1727 1729 11.300299
302 410 10.143149
101 463 40.257103
1051 1837 42.096457
300 406 7.233738
253 253 0.000000
2254 1261 108.053289
17 354 51.366161
519 576 4.226545
1186 1892 129.829221
626 523 49.001228
967 519 23.869300
997 1781 39.801203
2166 2147 67.578731
120 2141 119.369715
171 302 13.188093
353 299 14.687912
355 411 4.738914
520 632 6.412995
1319 1206 8.425599
711 993 16.941337
353 350 14.531215
2054 2142 11.136807
2214 2180 6.650540
577 579 10.945732
769 713 4.188683
324 1786 91.692294
163 578 68.195372
2142 1949 18.424271
1301 1078 12.675112
409 408 4.790759
280 352 83.348630
2146 407 155.538185
519 465 8.452980
162 464 61.354148
301 353 5.455443
308 520 37.464476
270 351 77.807365
354 409 3.844900
407 301 7.311048
112 300 48.457007
487 1893 80.102760
86 467 55.426673
519 577 8.696666
916 521 25.583598
522 1836 169.455345
1998 937 57.840776
1893 466 174.952790
578 522 4.227081
1470 881 173.756469
2012 1729 30.013863
1524 410 68.409867
1074 463 41.996175
355 1837 167.526102
408 406 9.574108
353 253 11.197954
1371 1261 16.190090
1355 354 66.312164
1752 576 60.102997
2101 1892 15.273546
72 523 66.150945
408 519 8.589139
1998 1781 31.450773
1160 2147 73.373822
2051 2141 7.072593
1854 302 102.765060
254 299 10.701484
1954 411 165.655348
707 632 104.546147
1377 1206 23.793506
1803 993 153.739296
407 350 10.143846
2142 2142 0.000000
2179 2180 5.060070
2045 579 118.941859
1248 713 154.903178
1623 1786 32.660102
465 578 8.487077
219 1949 137.907050
1274 1078 179.999690
464 408 4.330137
353 352 4.855577
7 407 51.978661
409 465 4.330118
603 464 113.248742
1975 353 87.523586
2307 520 108.190463
254 351 9.168636
604 409 109.502074
407 301 7.311048
2027 300 94.480634
2144 1893 17.973402
410 467 4.330137
22 577 49.491745
467 521 8.452996
2144 1836 21.692731
1334 937 34.595755
1692 466 73.174180
1692 522 72.063251
711 881 12.572850
276 1729 87.026698
254 410 15.553776
463 463 0.000001
1839 1837 10.543855
519 406 8.589602
172 253 9.245251
977 1261 30.422403
172 354 15.166853
2348 576 123.321627
2338 1892 60.417861
2128 523 90.324861
405 519 12.232892
1108 1781 34.857475
766 2147 98.187793
2179 2141 6.572981
136 302 15.721418
251 299 6.442551
1997 411 137.712245
7 632 65.851047
56 1206 88.578026
994 993 6.362591
299 350 3.594020
2216 2142 6.950137
1080 2180 123.544853
1964 579 112.631407
2077 713 150.999758
2209 1786 75.664860
274 578 92.905880
1947 1949 9.574209
80 1078 68.113095
466 408 8.192273
211 352 10.824080
14 407 57.426301
798 465 25.145000
1050 464 135.380085
2104 353 160.634953
439 520 105.400833
2346 351 129.087699
466 409 4.330118
179 301 41.926466
171 300 10.560029
2234 1893 78.486699
1869 467 74.599079
798 577 21.147990
374 521 92.956023
1894 1836 8.453076
2253 937 98.777824
86 466 57.837938
12 522 53.336589
936 881 4.202187
1785 1729 4.203551
1980 410 84.422726
2291 463 121.065250
267 1837 113.347045
253 406 10.787354
253 253 0.000000
878 1261 57.533944
211 354 12.593324
407 576 10.539741
1248 1892 139.023606
2215 523 142.214220
384 519 97.872528
1837 1781 4.226710
129 2147 127.095511
2216 2141 8.598995
878 302 105.941568
1756 299 87.464199
51 411 52.622098
614 632 96.242493
398 1206 133.106540
936 993 4.207242
350 350 0.000000
2216 2142 6.950137
2228 2180 54.638064
136 579 35.648163
22 713 74.470181
2031 1786 100.797804
633 578 4.203689
685 1949 151.059071
1022 1078 4.211158
75 408 38.890888
301 352 3.636367
14 407 57.426301
465 465 0.000001
2253 464 132.154014
32 353 47.465063
351 520 14.288972
89 351 66.757662
302 409 7.686027
517 301 17.738068
407 300 8.318268
374 1893 88.637999
410 467 4.330137
519 577 8.696666
1441 521 146.475670
1892 1836 4.266195
993 937 4.207234
2335 466 124.357811
295 522 47.279129
936 881 4.202187
258 1729 155.738142
2099 410 160.133730
95 463 68.175592
1949 1837 6.960000
54 406 31.953006
5 253 43.485920
1398 1261 154.722101
302 354 5.167215
520 576 4.226579
1721 1892 16.586772
411 523 6.960402
441 519 99.897745
59 1781 128.169461
1891 2147 33.507019
2100 2141 10.358675
256 302 7.175126
210 299 8.645068
410 411 4.790040
2203 632 91.191538
601 1206 77.262729
880 993 8.408928
298 350 6.385300
483 2142 99.083450
17 2180 146.482988
522 579 4.226579
770 713 4.188687
1954 1786 10.539552
466 578 6.658498
210 1949 161.575865
2300 1078 103.633418
2212 408 141.804497
302 352 6.712226
210 407 14.665265
519 465 8.452980
405 464 12.789531
300 353 9.862621
44 520 70.567958
22 351 37.513745
354 409 3.844900
995 301 122.596212
405 300 8.713950
1894 1893 5.047202
303 467 11.591100
377 577 103.732156
409 521 6.960402
2287 1836 75.197666
2307 937 117.334326
301 466 14.981774
523 522 5.274255
601 881 14.963899
1954 1729 14.358450
255 410 12.194217
147 463 69.907577
1332 1837 28.067957
299 406 8.713950
135 253 11.621754
654 1261 61.337987
15 354 54.480506
351 576 15.660514
1694 1892 115.243752
806 523 20.940352
521 519 10.543859
1335 1781 26.260530
2145 2147 10.012990
2287 2141 52.564215
210 302 11.136481
211 299 12.585394
353 411 13.528062
1134 632 29.923309
2078 1206 84.077006
1161 993 8.815754
408 350 14.558252
2182 2142 6.572981
2052 2180 11.685091
352 579 21.825950
490 713 13.666754
2198 1786 77.697239
185 578 75.932541
1892 1949 8.191989
631 1078 23.767053
301 408 7.973112
210 352 11.268003
167 407 32.495637
354 465 8.082741
300 464 12.620906
157 353 72.555781
602 520 115.558546
481 351 84.089186
302 409 7.686027
136 301 14.320235
352 300 5.755783
429 1893 89.923886
2267 467 111.824785
1976 577 73.457833
971 521 26.584845
687 1836 167.392621
884 937 15.940276
1745 466 83.982046
442 522 103.986946
687 881 138.892897
1576 1729 83.555920
348 410 33.200851
568 463 37.125844
628 1837 152.022578
518 406 6.960402
350 253 8.676546
1483 1261 17.877515
995 354 124.010364
482 576 92.225414
2049 1892 25.048006
467 523 4.265949
465 519 8.452980
884 1781 45.779545
1045 2147 88.146091
2319 2141 34.659882
931 302 99.947607
208 299 9.198435
2053 411 161.703324
2000 632 157.036736
1344 1206 163.142946
441 993 55.035225
209 350 10.666103
1857 2142 84.711207
2098 2180 7.007229
369 579 71.723216
1080 713 146.352654
1579 1786 95.200642
408 578 12.798300
247 1949 134.651637
1334 1078 157.495970
351 408 9.810731
408 352 5.488791
2307 407 115.043156
519 465 8.452980
820 464 108.943472
179 353 41.469592
7 520 59.471884
350 351 4.856284
2250 409 152.413967
466 301 14.981774
17 300 45.023685
599 1893 74.429147
466 467 5.048038
377 577 103.732156
519 521 10.543859
2005 1836 15.610466
1080 937 154.722776
352 466 13.464426
352 522 17.625544
880 881 6.243447
1841 1729 6.413001
211 410 17.424922
299 463 13.037294
1838 1837 5.275058
520 406 12.232906
299 253 6.088260
1343 1261 158.928281
353 354 4.855562
253 576 21.939908
45 1892 111.510992
369 523 67.607403
575 519 4.226579
1045 1781 58.992608
260 2147 172.257024
2143 2141 10.012992
256 302 7.175126
209 299 7.072095
1363 411 50.110205
91 632 84.834034
1319 1206 8.425599
711 993 16.941337
300 350 6.066430
2143 2142 5.017193
1248 2180 116.134440
2179 579 138.168378
8 713 70.631188
1636 1786 100.452629
275 578 95.204486
1948 1949 4.790798
2327 1078 92.007926
254 408 11.071901
351 352 4.855592
17 407 52.965584
969 465 27.417278
512 464 38.444981
430 353 87.805094
2258 520 107.774341
405 351 6.043588
410 409 4.790759
1975 301 90.855311
209 300 8.645068
17 1893 122.172443
2113 467 121.389082
853 577 25.331544
521 521 0.000000
1949 1836 8.589271
267 937 62.586691
2080 466 87.570578
2284 522 111.110069
937 881 4.202179
1842 1729 8.426553
2099 410 160.133730
237 463 80.520067
129 1837 118.212233
462 406 4.330118
210 253 3.518472
1002 1261 132.076721
256 354 7.694859
408 576 10.539754
1021 1892 145.296582
271 523 76.136234
496 519 104.105709
1893 1781 6.658992
2072 2147 57.543827
123 2141 123.859165
141 302 27.125539
1502 299 138.122603
2327 411 121.535960
1591 632 62.648650
471 1206 58.316993
1105 993 5.483803
300 350 6.066430
32 2142 145.340190
166 2180 160.048753
2021 579 99.846937
600 713 8.377856
2267 1786 78.936105
634 578 4.204255
1167 1949 43.391849
1859 1078 44.220626
465 408 4.330547
92 352 67.902251
405 407 9.574092
466 465 5.047229
267 464 69.623849
211 353 10.910942
406 520 12.232906
301 351 6.385300
354 409 3.844900
1832 301 159.089117
2338 300 131.119245
2296 1893 37.603914
355 467 7.236432
520 577 4.227081
752 521 41.042847
1835 1836 5.274328
882 937 4.202183
2327 466 119.523762
1153 522 95.271634
937 881 4.202179
2155 1729 57.568707
1867 410 76.886627
462 463 5.048004
1838 1837 5.275058
94 406 67.107902
301 253 5.744198
1399 1261 159.161501
255 354 7.550667
631 576 4.203677
881 1892 55.070502
468 523 4.265980
427 519 91.100842
237 1781 89.219531
1637 2147 89.787745
0 2141 143.493902
23 302 36.193416
298 299 4.915046
2297 411 146.201576
2021 632 88.739214
208 1206 106.673142
69 993 71.934699
253 350 8.676546
631 2142 152.102100
2323 2180 43.769257
580 579 5.474820
600 713 8.377856
1673 1786 8.392976
633 578 4.203689
1948 1949 4.790798
439 1078 128.702457
183 408 63.725944
171 352 14.487653
55 407 31.423588
520 465 4.266439
350 464 14.089040
407 353 6.628541
2027 520 81.102100
254 351 9.168636
352 409 9.480634
851 301 39.291334
1693 300 74.965148
599 1893 74.429147
467 467 0.000001
254 577 21.604141
1134 521 38.322381
92 1836 101.323656
92 937 57.515317
352 466 13.464426
464 522 13.331405
2100 881 68.290111
1783 1729 14.253797
301 410 14.307331
202 463 50.576173
1277 1837 29.384995
254 406 12.383941
170 253 8.619542
1802 1261 116.155141
16 354 54.031353
301 576 17.488127
2183 1892 22.684057
1295 523 82.683009
351 519 11.592346
1415 1781 136.439541
2186 2147 4.543590
2338 2141 41.054920
255 302 3.706837
408 299 15.610755
579 411 10.539741
1078 632 26.005759
1149 1206 4.215823
1385 993 19.458839
1693 350 70.874137
2003 2142 13.332288
2296 2180 13.748070
301 579 23.468612
432 713 17.879927
1898 1786 6.658992
137 578 31.931520
1950 1949 4.790798
1190 1078 5.464996
464 408 4.330137
69 352 60.682370
487 407 99.796540
522 465 8.452964
576 464 6.658498
352 353 4.855577
2094 520 138.999752
2212 351 150.277380
352 409 9.480634
350 301 10.592648
59 300 40.116198
1153 1893 77.443148
467 467 0.000001
184 577 74.765464
1355 521 58.398976
1580 1836 119.124272
1045 937 26.026160
2002 466 166.535385
579 522 4.226579
693 881 116.428928
400 1729 113.007418
858 410 25.208800
972 463 41.695354
741 1837 154.331718
575 406 10.539938
75 253 25.556075
1427 1261 13.863504
1585 354 65.072254
473 576 47.141564
1729 1892 30.906430
523 523 0.000000
574 519 8.696683
1045 1781 58.992608
1108 2147 65.946943
2179 2141 6.572981
943 302 118.224563
407 299 11.826545
765 411 92.676802
1041 632 104.108697
892 1206 140.338393
2187 993 87.909625
463 350 10.286500
1726 2142 32.664894
2140 2180 5.700554
2128 579 87.952750
1492 713 50.104111
1945 1786 44.224572
690 578 6.211202
318 1949 105.958155
791 1078 48.918535
354 408 6.930375
211 352 10.824080
91 407 71.717925
232 465 88.967416
496 464 102.142253
2214 353 153.941069
91 520 78.435751
407 351 5.761779
2253 409 139.043222
410 301 14.307331
2326 300 129.947259
2005 1893 11.380321
1635 467 75.639177
1189 577 38.094561
352 521 14.040117
2100 1836 17.935892
1021 937 160.541503
409 466 4.330118
255 522 18.728573
2053 881 64.728932
1786 1729 4.204117
353 410 9.152451
353 463 10.822270
599 1837 73.017124
409 406 14.344610
105 253 13.910359
1286 1261 157.857763
256 354 7.694859
135 576 33.556874
2200 1892 82.166916
2045 523 119.125556
350 519 14.544204
1899 1781 32.080293
1693 2147 85.795396
2140 2141 5.017190
300 302 9.818045
298 299 4.915046
1672 411 163.353515
120 632 88.165191
1149 1206 4.215823
1947 993 52.146448
254 350 12.504464
2053 2142 8.155327
1492 2180 48.303385
202 579 69.198928
2159 713 143.419110
1804 1786 92.318810
577 578 5.474802
2143 1949 15.426173
2335 1078 88.748676
410 408 9.574793
253 352 8.236603
301 407 7.311048
853 465 29.285051
595 464 96.018202
2187 353 148.606754
2274 520 144.688687
2307 351 118.739313
465 409 4.330118
2258 301 120.118337
302 300 9.818045
2003 1893 7.347586
2017 467 121.129321
964 577 33.729626
352 521 14.040117
2337 1836 65.186426
2250 937 85.019172
271 466 78.121199
2125 522 87.701542
657 881 11.602796
1728 1729 5.651742
660 410 111.186207
406 463 4.330547
2253 1837 46.963857
298 406 12.426220
2284 253 123.944459
1967 1261 121.104990
355 354 4.855577
633 576 8.920584
1492 1892 47.282980
2080 523 83.896092
178 519 48.239108
16 1781 112.459101
2312 2147 43.337030
2140 2141 5.017190
820 302 98.777581
846 299 48.383676
411 411 0.000000
1759 632 71.336696
2131 1206 51.799933
1217 993 10.942608
68 350 60.894105
2143 2142 5.017193
148 2180 123.158428
125 579 82.461158
280 713 39.466637
2080 1786 97.849536
579 578 5.475679
850 1949 134.071331
1247 1078 8.801180
299 408 15.610755
352 352 0.000000
353 407 6.628541
353 465 7.347577
2250 464 146.430619
408 353 3.743804
2307 520 108.190463
406 351 3.639721
409 409 0.000000
636 301 31.116273
45 300 57.679520
1893 1893 0.000001
466 467 5.048038
521 577 4.226557
1365 521 48.027452
1947 1836 8.588863
994 937 4.207238
1915 466 86.967391
1516 522 99.396706
2324 881 116.488754
2082 1729 102.527528
2095 410 140.568675
93 463 73.460700
1839 1837 10.543855
300 406 7.233738
252 253 4.969008
1175 1261 166.047869
354 354 0.000000
521 576 8.696683
1666 1892 16.845826
13 523 57.403271
2143 519 158.594527
1893 1781 6.658992
2040 2147 68.610743
2052 2141 8.645475
300 302 9.818045
251 299 6.442551
412 411 4.790791
125 632 81.590736
1922 1206 78.227057
712 993 14.512405
406 350 6.043588
1911 2142 76.747693
2141 2180 3.488156
523 579 4.226545
186 713 39.612486
2008 1786 13.863311
408 578 12.798300
1950 1949 4.790798
1858 1078 47.031177
481 408 79.692904
255 352 9.705516
302 407 9.632146
351 465 13.775458
211 464 17.850358
410 353 9.152451
14 520 63.885288
211 351 12.367095
409 409 0.000000
908 301 40.447213
136 300 14.022306
2056 1893 14.981274
411 467 4.330109
408 577 10.539938
301 521 16.428364
2349 1836 52.241900
2349 937 98.743928
255 466 14.792519
580 522 8.695935
488 881 21.274689
1673 1729 4.192133
1692 410 77.500887
1964 463 100.875975
996 1837 44.017745
350 406 6.043588
301 253 5.744198
2228 1261 104.837134
2234 354 108.508987
577 576 5.475679
618 1892 109.481683
1161 523 129.912187
631 519 6.412995
1449 1781 29.526937
2218 2147 12.763262
230 2141 108.673920
301 302 4.915046
1693 299 74.449809
408 411 14.344578
1301 632 38.659166
1262 1206 4.214317
1947 993 52.146448
463 350 10.286500
2001 2142 10.665919
2096 2180 11.055579
1748 579 71.995598
2142 713 78.757522
1785 1786 5.475667
352 578 18.262125
1895 1949 8.191989
519 1078 29.979324
354 408 6.930375
117 352 67.297333
1830 407 154.010476
351 465 13.775458
466 464 10.089157
354 353 4.855562
218 520 45.558690
352 351 4.855592
467 409 8.192302
2338 301 130.430771
210 300 7.072095
401 1893 143.393730
114 467 54.785809
382 577 106.065977
908 521 38.177536
460 1836 156.610568
1547 937 51.197555
2055 466 169.205709
410 522 6.960402
460 881 127.631515
417 1729 155.226742
1946 410 160.905589
917 463 41.948024
830 1837 51.812911
465 406 12.790285
407 253 11.404114
1038 1261 12.675390
1408 354 77.706774
2083 576 89.410328
934 1892 59.278876
2258 523 113.472122
688 519 9.870728
1547 1781 58.462412
509 2147 111.246774
170 2141 176.512253
255 302 3.706837
353 299 14.687912
249 411 43.275343
1757 632 64.661614
898 1206 168.955305
440 993 50.351782
408 350 14.558252
1863 2142 88.952392
1806 2180 88.747910
550 579 116.531199
1021 713 149.232433
496 1786 67.053870
576 578 10.945732
2224 1949 46.190300
1158 1078 153.750399
210 408 16.127715
407 352 3.674709
120 407 75.121532
520 465 4.266439
1967 464 94.241434
31 353 52.012686
120 520 81.774121
211 351 12.367095
76 409 36.154091
299 301 9.818059
68 300 58.596478
1893 1893 0.000001
355 467 7.236432
578 577 5.474802
1692 521 68.911319
487 1836 75.894167
1492 937 42.085294
354 466 7.282893
210 522 26.991574
713 881 9.142919
1784 1729 8.920508
256 410 10.772915
1189 463 39.262267
2055 1837 14.450902
302 406 13.041316
407 253 11.404114
1208 1261 16.260313
300 354 14.312004
351 576 15.660514
120 1892 101.431542
550 523 112.946034
211 519 21.405284
525 1781 155.665715
992 2147 82.090526
2000 2141 10.665919
137 302 14.022306
406 299 8.713950
768 411 104.243348
11 632 57.534457
1148 1206 10.018131
1272 993 14.048840
350 350 0.000000
2215 2142 8.598993
1021 2180 128.631764
2172 579 104.763162
57 713 79.221279
205 1786 114.754359
521 578 4.226557
1892 1949 8.191989
51 1078 78.052583
463 408 8.191638
302 352 6.712226
44 407 64.241660
964 465 37.562701
345 464 37.966740
441 353 92.680024
213 520 23.714619
408 351 9.810731
254 409 12.790531
125 301 61.038890
406 300 7.233738
1948 1893 4.329982
1944 467 148.121685
1359 577 41.657530
577 521 4.226557
1838 1836 10.544672
102 937 99.716774
322 466 87.805328
490 522 106.274686
768 881 8.387957
1730 1729 5.652610
1898 410 162.460305
464 463 5.047246
353 1837 168.691968
252 406 11.845251
490 253 92.565356
264 1261 54.741655
408 354 6.930375
578 576 10.945732
1080 1892 147.088110
197 523 85.031551
217 519 44.125312
1780 1781 5.475676
604 2147 89.186861
2179 2141 6.572981
217 302 29.792256
1044 299 118.940667
1915 411 94.241979
894 632 107.441775
2108 1206 120.775797
824 993 8.955336
44 350 61.260289
2182 2142 6.572981
2181 2180 5.060073
2258 579 109.417776
375 713 22.204304
1861 1786 96.039017
408 578 12.798300
443 1949 86.289748
1246 1078 8.800820
466 408 8.192273
7 352 48.441824
68 407 66.496124
407 465 8.192287
104 464 30.263670
300 353 9.862621
2338 520 115.943796
252 351 8.676546
255 409 10.859179
1745 301 85.360109
2346 300 132.662184
2002 1893 9.775218
408 467 12.790270
406 577 16.400660
1124 521 85.803987
2003 1836 10.637729
769 937 9.038126
2245 466 142.129272
2146 522 157.332034
23 881 77.923338
2145 1729 30.113438
660 410 111.186207
520 463 8.452287
436 1837 73.641136
407 406 4.790791
170 253 8.619542
1592 1261 37.139077
303 354 3.841215
632 576 4.203714
767 1892 65.127885
521 523 10.543859
440 519 102.142578
1837 1781 4.226710
579 2147 152.659698
2097 2141 5.726998
172 302 10.755804
351 299 6.066430
466 411 8.192287
688 632 4.192162
1206 1206 0.000000
994 993 6.362591
352 350 9.702844
516 2142 156.661608
2326 2180 38.524624
521 579 8.696683
825 713 5.791200
1674 1786 6.210998
634 578 4.204255
212 1949 165.718198
2126 1078 67.952135
239 408 74.934955
352 352 0.000000
253 407 11.404114
1692 465 70.396754
465 464 5.048038
1581 353 68.408957
15 520 65.186028
172 351 15.721717
210 409 18.423881
1131 301 53.130276
463 300 10.958621
1839 1893 13.330668
304 467 10.849517
300 577 20.997873
520 521 5.275047
2200 1836 85.575829
712 937 12.961211
303 466 10.794597
519 522 15.802488
2002 881 61.143863
1926 1729 113.248222
354 410 4.976114
2266 463 115.548737
1304 1837 139.232167
407 406 4.790791
209 253 6.109493
2157 1261 110.319305
2027 354 92.725224
302 576 18.001658
2030 1892 95.683607
1272 523 129.203273
406 519 8.589602
1464 1781 108.388480
2347 2147 40.314247
2307 2141 50.345868
302 302 0.000001
463 299 13.037294
412 411 4.790791
631 632 5.651747
1317 1206 8.425545
882 993 8.408995
211 350 15.036529
2051 2142 8.645475
1999 2180 14.487598
255 579 22.647712
2053 713 72.584197
1842 1786 4.226715
301 578 20.561119
2102 1949 11.539441
1021 1078 9.959895
12 408 48.784679
406 352 6.333065
429 407 91.362381
301 465 12.239086
518 464 8.452980
2079 353 94.800955
2151 520 129.427987
406 351 3.639721
464 409 8.192302
2287 301 119.165684
2282 300 125.688787
2176 1893 45.060434
2079 467 87.436667
464 577 8.487599
851 521 38.909921
1994 1836 46.709207
525 937 113.169943
1832 466 151.566912
634 522 6.412995
1580 881 171.612256
1814 1729 119.897063
1026 410 33.717129
567 463 42.151855
775 1837 55.088633
353 406 10.812523
208 253 10.804517
1762 1261 29.357993
1728 354 158.052837
576 576 0.000000
2007 1892 24.815599
522 523 5.274255
124 519 76.811436
1884 1781 47.141844
1833 2147 41.272098
2216 2141 8.598995
301 302 4.915046
408 299 15.610755
1109 411 133.131006
1857 632 76.221932
1066 1206 175.785993
430 993 34.702978
170 350 14.154027
2181 2142 3.488156
2051 2180 10.560739
199 579 81.308816
625 713 123.443234
217 1786 153.044939
691 578 8.393139
437 1949 80.110149
1720 1078 153.994226
253 408 13.463746
299 352 10.226794
2349 407 134.504870
302 465 10.794597
217 464 39.888469
2258 353 118.094481
408 520 6.960402
405 351 6.043588
102 409 38.419039
256 301 11.511647
15 300 50.841149
2055 1893 11.893830
254 467 19.871794
633 577 4.203689
354 521 10.677257
2055 1836 16.044881
961 937 146.304344
1859 466 82.713523
1746 522 79.757359
544 881 18.763805
1840 1729 8.426008
410 410 0.000000
466 463 15.117985
654 1837 75.571351
577 406 16.400660
408 253 13.463746
894 1261 156.335066
136 354 20.496244
464 576 6.658498
91 1892 104.807412
199 523 79.580876
1636 519 60.099338
884 1781 45.779545
2135 2147 53.656691
2051 2141 7.072593
408 302 7.463393
302 299 14.696816
2032 411 87.290093
2200 632 88.011370
1262 1206 4.214317
1891 993 47.981556
405 350 3.639721
2054 2142 11.136807
961 2180 128.222326
101 579 56.226446
277 713 29.000512
2186 1786 28.084131
522 578 4.227081
2142 1949 18.424271
2272 1078 113.478561
299 408 15.610755
406 352 6.333065
351 407 5.761779
740 465 29.383610
818 464 100.788625
440 353 94.149619
1858 520 78.462416
92 351 67.453263
407 409 9.574076
2229 301 116.294554
255 300 11.106107
2054 1893 10.793903
454 467 63.110526
740 577 27.268188
464 521 8.452996
95 1836 106.215989
2255 937 108.950046
24 466 49.635269
2202 522 94.553880
1049 881 8.891865
1898 1729 10.168998
2095 410 140.568675
519 463 4.265980
2081 1837 94.472974
520 406 12.232906
171 253 7.006413
2134 1261 51.651493
410 354 4.976114
2298 576 137.717806
625 1892 144.068436
322 523 86.674624
1967 519 89.975759
2002 1781 15.486128
267 2147 140.448988
2143 2141 10.012992
496 302 93.648523
566 299 39.507819
2245 411 141.580989
728 632 89.971905
628 1206 111.026846
1160 993 8.815758
405 350 3.639721
2215 2142 8.598993
2142 2180 6.129459
1975 579 76.267484
770 713 4.188687
2215 1786 47.392055
745 578 9.629420
203 1949 128.194408
1136 1078 9.998856
463 408 8.191638
253 352 8.236603
2026 407 88.037279
578 465 8.487077
102 464 37.870628
256 353 10.279305
301 520 14.622842
2339 351 131.525340
301 409 10.681519
1078 301 44.099477
136 300 14.022306
1949 1893 4.329543
353 467 13.156817
352 577 15.485680
900 521 79.587078
1781 1836 4.227246
1048 937 8.418392
1971 466 88.637005
429 522 87.593566
1049 881 8.891865
303 1729 153.410079
661 410 112.222626
301 463 11.331777
2002 1837 14.040333
405 406 4.790024
46 253 53.203148
840 1261 167.205595
301 354 9.500375
689 576 8.393139
1953 1892 27.113791
524 523 5.275082
2187 519 136.802072
1838 1781 8.696740
1996 2147 49.083136
154 2141 116.696328
408 302 7.463393
301 299 9.818059
256 411 11.686882
2214 632 139.389807
1977 1206 80.998687
882 993 8.408995
251 350 9.168636
629 2142 151.801818
2246 2180 6.904051
411 579 10.539741
95 713 58.132977
1840 1786 8.696749
465 578 8.487077
488 1949 82.127173
2203 1078 72.913212
acc0 74
acc1 369
acc2 657
acc3 907
acc4 1053
acc5 1147
acc6 1195
acc7 1246
acc8 1293
acc9 1352
acc10 1399
acc11 1442
acc12 1490
acc13 1533
acc14 1587
