406 408 9.574108
2158 352 107.458551
300 407 8.318268
408 465 4.330547
409 464 8.192302
409 353 5.226543
2288 520 105.857806
2311 351 129.688143
2304 409 123.781739
688 301 23.690646
210 300 7.072095
1948 1893 4.329982
2322 467 121.862334
4 577 59.023632
520 521 5.275047
2325 1836 67.993139
2333 937 98.778289
2322 466 120.647151
2324 522 112.006766
713 881 9.142919
2322 1729 64.230489
2072 410 102.965531
409 463 12.789563
1779 1837 13.818138
433 406 99.462377
136 253 10.468700
2170 1261 53.865837
255 354 7.550667
520 576 4.226579
2142 1892 18.695237
1245 523 54.267258
520 519 5.274255
1274 1781 30.150499
2147 2147 0.000000
2305 2141 49.762626
135 302 19.291933
299 299 0.000001
467 411 4.330109
520 632 6.412995
2254 1206 110.672827
936 993 4.207242
299 350 3.594020
2099 2142 3.519076
2199 2180 60.604019
468 579 8.487088
2324 713 125.311521
2124 1786 93.507248
1805 578 70.121402
1893 1949 4.329543
2322 1078 84.741950
2269 408 130.889657
253 352 8.236603
576 407 10.539741
1805 465 73.830688
2254 464 127.056366
2181 353 164.070657
302 520 14.321245
406 351 3.639721
465 409 4.330118
2305 301 125.061854
135 300 14.897383
1896 1893 15.117886
1749 467 74.428728
1692 577 64.711170
800 521 17.586503
1835 1836 5.274328
1104 937 12.632208
468 466 10.089173
463 522 18.344113
826 881 9.724303
1788 1729 14.254629
408 410 9.574793
1245 463 42.666272
1999 1837 27.039559
209 406 15.130775
377 253 85.397010
1037 1261 10.929996
1358 354 57.898852
578 576 10.945732
1889 1892 15.118351
1749 523 73.016922
2252 519 133.036065
1723 1781 8.920594
2220 2147 6.950137
2098 2141 3.519076
355 302 9.140318
1863 299 84.726818
304 411 7.311048
410 632 16.971810
1289 1206 171.199143
880 993 8.408928
350 350 0.000000
657 2142 81.998138
2055 2180 20.777894
2103 579 158.733402
1214 713 33.373296
1840 1786 8.696749
2257 578 111.575121
1892 1949 8.191989
842 1078 76.143892
2322 408 122.486788
89 352 65.821875
352 407 3.674709
89 465 71.211962
349 464 18.665755
138 353 18.616653
2305 520 111.973636
352 351 4.855592
656 409 105.278676
301 301 0.000001
2302 300 134.885253
2163 1893 85.532750
376 467 91.362381
2311 577 112.648817
520 521 5.275047
2237 1836 75.541418
842 937 104.849950
408 466 8.192273
2169 522 96.679541
2322 881 115.565707
2309 1729 78.307664
2183 410 162.074388
464 463 5.047246
2237 1837 77.207414
2125 406 98.757707
2324 253 129.265576
1206 1261 4.214271
2322 354 127.373389
2125 576 86.733151
2325 1892 64.392211
2103 523 162.238433
464 519 4.265949
1723 1781 8.920594
2057 2147 8.645474
2098 2141 3.519076
2228 302 121.053824
300 299 4.915060
633 411 16.971327
520 632 6.412995
2166 1206 72.659361
936 993 4.207242
299 350 3.594020
2099 2142 3.519076
1613 2180 41.938681
523 579 4.226545
2257 713 128.662366
2019 1786 59.251361
2328 578 119.221561
2323 1949 59.673397
1858 1078 47.031177
409 408 4.790759
1862 352 80.557275
407 407 0.000000
581 465 22.027293
462 464 10.089140
410 353 9.152451
1749 520 65.856047
351 351 0.000000
2252 409 144.057277
1804 301 83.440520
300 300 0.000001
1893 1893 0.000001
355 467 7.236432
577 577 0.000000
169 521 34.667069
1836 1836 0.000000
937 937 0.000001
1804 466 78.534291
2269 522 120.317067
2237 881 112.029382
2224 1729 46.024787
354 410 4.976114
1808 463 70.091098
1803 1837 102.822264
2125 406 98.757707
2181 253 172.993183
1600 1261 25.173747
209 354 20.836176
632 576 4.203714
1214 1892 49.999507
1804 523 80.415533
349 519 18.534885
1781 1781 0.000000
2188 2147 13.919714
545 2141 87.695534
411 302 13.668558
628 299 21.088003
2185 411 161.264265
1087 632 48.370305
1983 1206 54.063814
2169 993 105.748398
2302 350 129.688143
2099 2142 3.519076
1916 2180 81.966994
1804 579 76.189042
434 713 16.091750
1804 1786 92.318810
209 578 32.287503
1949 1949 0.000000
2224 1078 93.776955
2033 408 90.996001
300 352 5.755783
352 407 3.674709
1971 465 86.289751
1802 464 78.534291
353 353 0.000000
520 520 0.000000
300 351 3.594020
434 409 97.360485
305 301 19.538842
301 300 4.915046
2182 1893 21.497611
1858 467 88.899237
1805 577 67.704313
1061 521 117.059536
545 1836 69.724855
2052 937 60.328224
2185 466 155.397862
576 522 13.818569
769 881 5.697098
1501 1729 26.454021
575 410 20.642802
407 463 4.330137
2237 1837 77.207414
2304 406 119.671924
253 253 0.000000
1317 1261 4.211377
434 354 93.515942
576 576 0.000000
1778 1892 12.450850
468 523 4.265980
410 519 16.603738
1749 1781 116.270130
2009 2147 12.152167
2180 2141 3.488156
255 302 3.706837
2127 299 112.479106
411 411 0.000000
1804 632 66.036006
2190 1206 117.393673
936 993 4.207242
300 350 6.066430
1837 2142 24.542740
2180 2180 0.000000
1808 579 65.761940
713 713 0.000000
1729 1786 4.204117
2303 578 119.737142
2252 1949 35.942988
1749 1078 34.463188
214 408 21.271766
2309 352 121.044839
408 407 4.790040
465 465 0.000001
352 464 7.429746
353 353 0.000000
2305 520 111.973636
434 351 96.249845
2344 409 131.462617
745 301 28.093355
352 300 5.755783
1837 1893 4.266189
2337 467 118.604758
2347 577 117.010181
466 521 4.265960
2308 1836 71.659004
881 937 4.202179
2337 466 118.363870
633 522 8.426540
769 881 5.697098
2337 1729 70.082173
52 410 45.745427
523 463 23.389478
1669 1837 9.870727
2080 406 94.732743
105 253 13.910359
1812 1261 62.609189
2259 354 116.735837
519 576 4.226545
1801 1892 98.556374
803 523 15.639465
519 519 0.000000
1445 1781 17.813998
2146 2147 5.017187
2284 2141 53.392472
102 302 30.968706
209 299 7.072095
410 411 4.790040
688 632 4.192162
2256 1206 109.459415
937 993 4.207234
351 350 4.856284
2052 2142 7.072593
2180 2180 0.000000
465 579 12.450611
601 713 6.044202
2259 1786 68.424626
1860 578 74.287730
2003 1949 5.227042
2336 1078 85.926526
2310 408 119.437464
300 352 5.755783
354 407 11.148421
1860 465 77.857842
2256 464 117.632470
2116 353 108.428662
298 520 24.564374
1639 351 68.071703
355 409 7.236661
301 301 0.000001
1808 300 81.030878
1163 1893 39.262674
1914 467 93.157251
2222 577 134.014256
1358 521 48.027452
826 1836 52.881855
1330 937 19.458438
358 466 20.695998
1414 522 51.903195
1835 881 50.961298
1558 1729 22.380883
520 410 12.233498
801 463 21.840432
2049 1837 33.280233
545 406 106.066023
1918 253 90.898067
1316 1261 9.959789
800 354 27.625261
629 576 14.253821
1781 1892 8.487975
1914 523 92.406206
2157 519 100.419277
939 1781 43.560087
1361 2147 111.012420
2184 2141 20.991903
465 302 10.794597
2244 299 157.319870
463 411 22.327296
878 632 121.563565
1509 1206 145.505865
878 993 19.720485
299 350 3.594020
1950 2142 21.272115
2218 2180 16.086725
1753 579 60.722700
1074 713 146.352445
2058 1786 17.562271
578 578 0.000000
467 1949 171.807820
786 1078 79.108103
5 408 53.539099
352 352 0.000000
464 407 4.330109
2329 465 131.987166
411 464 17.539806
1804 353 81.752537
2284 520 108.384286
301 351 6.385300
1802 409 85.763392
211 301 7.187794
2289 300 124.051780
1948 1893 4.329982
52 467 49.973454
2334 577 121.795371
408 521 8.589582
2030 1836 99.365345
786 937 101.112159
465 466 5.047229
1808 522 68.135075
2336 881 113.693740
2306 1729 71.423397
2071 410 106.207351
1246 463 41.405195
2246 1837 35.820077
2228 406 110.190261
210 253 3.518472
1486 1261 12.794676
2336 354 127.369480
2228 576 103.302614
2308 1892 68.097542
2221 523 147.393082
463 519 4.265980
1330 1781 29.469713
2056 2147 11.849411
2099 2141 6.109793
2335 302 133.868191
406 299 8.713950
359 411 17.320204
2325 632 105.611537
2258 1206 103.805155
824 993 8.955336
351 350 4.856284
2052 2142 7.072593
1389 2180 52.751271
409 579 12.798321
1972 713 159.849155
2052 1786 39.507849
2316 578 134.480569
2307 1949 64.581691
2114 1078 74.981541
353 408 3.743804
2224 352 131.409681
408 407 4.790040
683 465 34.908395
518 464 8.452980
1636 353 72.135533
1914 520 82.713777
352 351 4.855592
409 409 0.000000
138 301 16.753696
2125 300 105.418440
1892 1893 5.048002
465 467 10.089157
746 577 12.572642
2143 521 157.883686
1835 1836 5.274328
134 937 105.250897
600 466 105.571404
466 522 4.266439
2246 881 80.218107
1862 1729 103.778002
576 410 16.400646
135 463 25.825637
1750 1837 114.143606
406 406 0.000000
253 253 0.000000
1986 1261 40.197390
545 354 98.096209
577 576 5.475679
1074 1892 134.150636
600 523 103.778218
411 519 21.242322
1836 1781 4.227246
1750 2147 86.777766
209 2141 179.999807
174 302 14.098913
514 299 19.786732
2031 411 87.336966
1707 632 84.263322
1294 1206 149.964894
1808 993 150.530531
350 350 0.000000
2098 2142 6.109791
432 2180 98.032624
600 579 108.004539
713 713 0.000000
2239 1786 81.809087
2168 578 92.018491
1836 1949 8.589271
1135 1078 4.214834
2205 408 109.075225
253 352 8.236603
464 407 4.330109
2303 465 124.215947
656 464 111.962461
301 353 5.455443
519 520 5.274255
2072 351 97.965519
2334 409 132.331490
542 301 92.905777
210 300 7.072095
1692 1893 109.602911
2114 467 116.920977
1860 577 71.789397
1313 521 62.940453
209 1836 154.537720
543 937 25.400564
2031 466 83.835631
354 522 11.182404
993 881 5.560901
1184 1729 95.650592
994 410 123.395952
519 463 4.265980
2246 1837 35.820077
351 406 3.639721
254 253 4.968995
1094 1261 8.800909
354 354 0.000000
519 576 4.226545
1725 1892 12.677565
524 523 5.275082
1636 519 60.099338
1914 1781 98.556379
1697 2147 94.581258
2141 2141 0.000000
353 302 3.719651
2204 299 118.608658
410 411 4.790040
600 632 118.028583
1966 1206 128.306519
881 993 5.560901
406 350 6.043588
2006 2142 23.439273
2215 2180 3.461984
2169 579 92.703471
770 713 4.188687
1841 1786 4.227240
1971 578 82.863848
2157 1949 68.622346
2192 1078 83.972578
1690 408 77.500453
2306 352 119.429678
407 407 0.000000
520 465 4.266439
353 464 7.922625
301 353 5.455443
2284 520 108.384286
2297 351 152.097710
2327 409 123.544191
797 301 32.794220
301 300 4.915046
1949 1893 4.329543
2336 467 121.095357
409 577 10.539745
465 521 4.265960
2285 1836 73.901038
937 937 0.000001
2336 466 120.385367
465 522 8.452964
544 881 18.763805
2336 1729 66.432447
2343 410 136.885497
170 463 22.533160
1504 1837 25.098976
2278 406 137.499295
135 253 11.621754
1869 1261 55.683771
212 354 10.701452
465 576 8.487599
1810 1892 109.144545
801 523 20.939748
575 519 4.226579
1441 1781 29.527378
2220 2147 6.950137
2288 2141 50.484216
1808 302 80.793649
351 299 6.066430
411 411 0.000000
689 632 4.192737
75 1206 108.041336
824 993 8.955336
350 350 0.000000
2098 2142 6.109791
2141 2180 3.488156
408 579 16.400646
545 713 9.629500
2076 1786 88.881788
373 578 91.043247
2004 1949 3.845569
2337 1078 85.637229
2326 408 121.103067
302 352 6.712226
347 407 24.601104
373 465 88.702576
76 464 36.695798
2165 353 102.237011
1634 520 67.942147
1578 351 70.122220
691 409 18.261920
2284 301 121.403613
102 300 25.252169
768 1893 65.128062
139 467 25.157108
2182 577 151.871113
912 521 22.802884
1666 1836 16.786731
939 937 12.620837
254 466 17.099659
304 522 14.622842
1666 881 39.649179
1952 1729 14.358158
407 410 14.344578
909 463 26.996578
1272 1837 41.743936
2168 406 108.451187
210 253 3.518472
1428 1261 12.619412
1244 354 58.325353
690 576 12.881369
1894 1892 10.089094
2192 523 124.571833
2242 519 130.490296
1330 1781 29.469713
594 2147 117.455225
2099 2141 6.109793
1635 302 77.879585
299 299 0.000001
1414 411 60.490639
1636 632 56.556756
1401 1206 165.921565
657 993 17.163697
351 350 4.856284
598 2142 87.599931
301 2180 165.900823
2225 579 124.650425
944 713 44.407865
1838 1786 19.061782
1972 578 80.292627
541 1949 88.956696
1121 1078 86.542978
2336 408 123.037258
301 352 3.636367
301 407 7.311048
520 465 4.266439
937 464 128.530414
600 353 102.157872
464 520 4.265980
351 351 0.000000
2140 409 152.833429
353 301 5.455443
2345 300 132.960655
1837 1893 4.266189
47 467 68.170828
434 577 107.889790
465 521 4.265960
2246 1836 34.226813
1121 937 98.927819
302 466 11.894463
135 522 35.325768
2346 881 109.600485
2158 1729 72.084467
157 410 77.756489
463 463 0.000001
2030 1837 99.688738
2335 406 124.742661
171 253 7.006413
1539 1261 16.813471
2074 354 99.411057
2335 576 115.899659
2285 1892 70.884358
1753 523 64.441595
352 519 10.610733
1104 1781 45.932341
2107 2147 12.152978
2052 2141 8.645475
2125 302 102.766810
253 299 6.088260
462 411 27.113879
688 632 4.192162
2321 1206 99.781645
881 993 5.560901
350 350 0.000000
2098 2142 6.109791
1387 2180 49.811339
1745 579 83.517984
65 713 47.523433
184 1786 121.656185
2233 578 94.870972
2338 1949 57.559078
2023 1078 56.500797
464 408 4.330137
300 352 5.755783
406 407 4.790791
795 465 38.256892
633 464 12.677353
1748 353 77.842251
139 520 31.659301
301 351 6.385300
2157 409 111.377914
600 301 100.312942
253 300 3.553626
1947 1893 8.192062
691 467 12.869700
1134 577 34.099701
465 521 4.265960
1781 1836 4.227246
881 937 4.202179
138 466 24.815396
2195 522 108.061783
769 881 5.697098
1786 1729 4.204117
258 410 15.272959
2169 463 107.568146
2188 1837 41.776888
407 406 4.790791
2165 253 110.991252
1932 1261 36.793649
2168 354 105.542591
2257 576 107.399860
1226 1892 49.999955
138 523 28.526423
937 519 132.577291
1837 1781 4.226710
1803 2147 74.765438
2275 2141 18.126325
349 302 19.974966
744 299 30.916483
195 411 81.368181
1033 632 55.134169
1381 1206 48.511140
993 993 0.000001
299 350 3.594020
2052 2142 7.072593
212 2180 165.068128
2081 579 81.030680
770 713 4.188687
2227 1786 56.804095
2279 578 130.730281
2054 1949 7.686031
2235 1078 73.754144
2206 408 112.333576
254 352 7.241762
463 407 4.330137
521 465 4.265960
2140 464 155.004704
352 353 4.855577
408 520 6.960402
253 351 7.147642
354 409 3.844900
1944 301 163.725726
351 300 3.594020
2214 1893 32.929122
2023 467 97.816782
373 577 94.236237
842 521 85.686981
2168 1836 82.164239
2178 937 72.694741
105 466 30.263476
1247 522 43.104178
882 881 6.243536
991 1729 74.630989
1949 410 175.209235
406 463 4.330547
2030 1837 99.688738
463 406 4.330547
300 253 3.553626
1482 1261 23.664898
303 354 3.841215
520 576 4.226579
1721 1892 16.586772
2158 523 107.116542
880 519 126.893184
2192 1781 65.877008
2010 2147 14.734422
2142 2141 5.017190
301 302 4.915046
2025 299 94.657372
467 411 4.330109
2081 632 80.667844
1857 1206 121.265918
937 993 4.207234
252 350 7.147642
303 2142 165.102188
2246 2180 6.904051
135 579 39.438853
769 713 4.188683
1785 1786 5.475667
578 578 0.000000
2242 1949 48.623334
1914 1078 51.297358
1578 408 72.436017
302 352 6.712226
254 407 10.916387
466 465 5.047229
301 464 10.849517
352 353 4.855577
520 520 0.000000
2334 351 132.626551
2312 409 127.939839
1137 301 46.812342
351 300 3.594020
1836 1893 4.266679
2261 467 106.539776
352 577 15.485680
408 521 8.589582
1892 1836 4.266195
825 937 5.620902
2261 466 105.736340
520 522 10.544649
711 881 12.572850
2261 1729 79.952112
376 410 89.421542
295 463 30.589888
1772 1837 50.396702
381 406 94.584816
253 253 0.000000
2238 1261 60.725740
211 354 12.593324
576 576 0.000000
2193 1892 67.427580
909 523 43.082837
518 519 5.275082
1606 1781 38.111158
2104 2147 4.381026
2180 2141 3.488156
2169 302 112.677127
210 299 8.645068
409 411 9.574076
633 632 5.652596
2213 1206 70.144917
881 993 5.560901
352 350 9.702844
2002 2142 11.267798
2215 2180 3.461984
466 579 8.487599
657 713 4.188060
2341 1786 56.790405
2021 578 96.276036
1950 1949 4.790798
2346 1078 89.150773
2203 408 104.147934
407 352 3.674709
1247 407 44.635287
2021 465 98.277642
75 464 41.081501
2117 353 105.634741
252 520 22.789026
1946 351 176.359988
1635 409 73.451229
2288 301 120.417058
2169 300 117.705279
940 1893 49.319331
2192 467 125.678334
2214 577 141.152691
1024 521 28.067870
996 1836 43.170295
1723 937 41.332020
882 466 122.672789
1577 522 79.409885
1329 881 21.987306
2062 1729 31.116045
519 410 16.603738
803 463 29.136473
2007 1837 20.095444
2279 406 132.344798
1974 253 94.394445
869 1261 19.501853
828 354 117.512273
405 576 16.400019
770 1892 58.967774
139 523 28.279874
463 519 4.265980
1104 1781 45.932341
939 2147 74.792472
2140 2141 5.017190
525 302 25.851585
86 299 57.414032
1577 411 87.323133
1689 632 71.014589
947 1206 137.750698
1950 993 59.574966
405 350 3.639721
1748 2142 94.615754
2022 2180 72.814204
2221 579 143.359167
623 713 117.016545
2150 1786 30.099022
577 578 5.474802
540 1949 92.411650
1061 1078 108.554191
2261 408 108.508368
353 352 4.855577
353 407 6.628541
465 465 0.000001
2005 464 164.635342
431 353 90.072165
521 520 5.275047
210 351 10.666103
375 409 89.421705
409 301 10.681519
46 300 56.686446
1836 1893 4.266679
2072 467 101.396366
2339 577 115.604121
633 521 6.412995
2183 1836 25.401358
1061 937 76.373759
254 466 17.099659
102 522 46.964236
2074 881 144.517095
1841 1729 6.413001
2298 410 148.564916
1357 463 47.981358
2183 1837 24.774157
15 406 58.042431
301 253 5.744198
926 1261 17.646603
2346 354 128.761344
2286 576 101.510040
1948 1892 4.329548
2255 523 127.923041
351 519 11.592346
1522 1781 117.323954
1867 2147 88.262710
2140 2141 5.017190
2286 302 119.165684
407 299 11.826545
518 411 25.989555
631 632 5.651747
2024 1206 108.554535
937 993 4.207234
352 350 9.702844
2002 2142 11.267798
1673 2180 48.418548
1747 579 75.540316
2331 713 102.828770
543 1786 91.989785
633 578 4.203689
2260 1949 69.488252
2250 1078 112.577819
352 408 5.488791
407 352 3.674709
519 407 6.960402
1161 465 136.516338
573 464 17.115717
880 353 114.801233
2192 520 115.353431
350 351 4.856284
353 409 5.226543
1917 301 88.675416
254 300 6.442551
2003 1893 7.347586
525 467 13.330625
741 577 21.998080
520 521 5.275047
2257 1836 68.582229
1049 937 5.515603
431 466 93.033072
2203 522 95.354014
2030 881 139.096781
1673 1729 4.192133
1691 410 80.617772
102 463 35.624601
547 1837 68.135144
300 406 7.233738
2116 253 110.593661
474 1261 48.446564
2279 354 142.757724
464 576 6.658498
1322 1892 64.805475
2081 523 84.047714
1840 519 153.737053
1725 1781 4.203545
2020 2147 51.529605
2211 2141 23.791234
2005 302 170.859862
851 299 33.947442
105 411 29.328327
1423 632 58.688037
1477 1206 58.164369
2291 993 98.076016
351 350 4.856284
2101 2142 9.914796
211 2180 169.595346
2227 579 114.717468
769 713 4.188683
2081 1786 98.867912
545 578 109.878669
1891 1949 12.789638
1079 1078 6.399766
352 408 5.488791
302 352 6.712226
351 407 5.761779
464 465 5.048038
464 464 0.000001
409 353 5.226543
465 520 4.266439
406 351 3.639721
2311 409 121.733289
403 301 20.355648
299 300 4.915060
2222 1893 40.366632
2250 467 150.862753
2021 577 92.920439
786 521 86.510174
2211 1836 48.964299
2019 937 126.172644
195 466 83.519692
347 522 41.200806
994 881 8.408995
751 1729 166.920434
1891 410 162.460047
518 463 4.266439
1837 1837 0.000000
464 406 8.192287
252 253 4.969008
1034 1261 26.279767
302 354 5.167215
631 576 4.203677
1784 1892 22.027410
466 523 8.452980
878 519 120.929887
139 1781 146.073749
484 2147 115.671449
2215 2141 6.950137
211 302 7.740153
2234 299 114.854987
304 411 7.311048
431 632 105.571475
2186 1206 107.361378
1105 993 5.483803
298 350 6.385300
1886 2142 26.827334
2141 2180 3.488156
2301 579 131.546484
2257 713 128.662366
1898 1786 6.658992
522 578 4.227081
194 1949 99.080776
320 1078 120.571543
215 408 25.801393
254 352 7.241762
406 407 4.790791
407 465 8.192287
464 464 0.000001
410 353 9.152451
408 520 6.960402
2339 351 131.525340
2230 409 109.432728
1387 301 141.923181
299 300 4.915060
1891 1893 10.089413
2346 467 121.646532
464 577 8.487599
633 521 6.412995
1893 1836 4.266679
712 937 12.961211
2346 466 121.569279
466 522 4.266439
768 881 8.387957
2346 1729 67.623106
355 410 3.975655
1747 463 69.925590
1335 1837 28.067957
2280 406 127.348302
104 253 14.806747
196 1261 119.817741
2124 354 98.099467
408 576 10.539754
1025 1892 149.411288
916 523 21.274656
408 519 8.589139
1328 1781 37.935762
2185 2147 4.221321
2215 2141 6.950137
2301 302 144.199874
350 299 3.594020
304 411 7.311048
631 632 5.651747
76 1206 104.113696
880 993 8.408928
209 350 10.666103
2003 2142 13.332288
2246 2180 6.904051
355 579 13.878780
658 713 4.188064
1786 1786 0.000000
2194 578 108.008328
2002 1949 9.480910
2261 1078 71.946735
2195 408 109.731950
254 352 7.241762
1691 407 72.320726
2280 465 129.524933
2213 464 145.150244
57 353 30.514002
250 520 31.289776
713 351 111.889827
525 409 21.242338
211 301 7.187794
2301 300 139.883758
715 1893 61.311980
320 467 78.841463
2240 577 113.853852
1244 521 50.109482
1887 1836 28.432914
1885 937 56.161306
771 466 119.507678
1839 522 174.725740
996 881 19.720379
989 1729 85.540146
461 410 27.114597
681 463 34.908379
2048 1837 38.165200
1977 406 85.414890
301 253 5.744198
1039 1261 16.860274
912 354 33.103007
635 576 19.700172
993 1892 49.816348
2227 523 118.890917
464 519 4.265949
1885 1781 42.151794
1522 2147 85.875262
2050 2141 8.155325
691 302 25.861409
56 299 27.681662
1584 411 64.721562
880 632 129.354222
732 1206 154.902810
598 993 25.266044
349 350 4.855592
137 2142 170.687445
1921 2180 80.141799
1909 579 108.921076
1322 713 56.264529
1993 1786 76.393893
521 578 4.226557
470 1949 157.671987
1313 1078 71.445788
2337 408 121.773835
409 352 9.480634
351 407 5.761779
408 465 4.330547
174 464 25.550187
2081 353 96.758294
632 520 6.412995
299 351 6.066430
547 409 105.123520
352 301 3.636367
2350 300 136.770696
1949 1893 4.329543
27 467 61.967019
2297 577 138.016688
466 521 4.265960
157 1836 97.407488
1313 937 103.626269
355 466 8.256445
2301 522 133.841184
2337 881 113.081259
1785 1729 4.203551
2237 410 108.078670
1468 463 55.070159
157 1837 96.240362
2286 406 111.701577
211 253 6.504341
1648 1261 35.353484
2337 354 125.519007
1692 576 62.034927
1835 1892 4.266242
2225 523 128.848418
409 519 12.232878
939 1781 43.560087
1980 2147 81.880290
2050 2141 8.155325
211 302 7.740153
252 299 3.553626
636 411 14.358823
519 632 8.426008
1207 1206 6.421300
880 993 8.408928
209 350 10.666103
2273 2142 14.733027
1215 2180 57.904906
1782 579 174.524324
37 713 78.496856
2178 1786 56.434467
520 578 8.696649
1893 1949 4.329543
195 1078 107.741547
521 408 8.589582
408 352 5.488791
300 407 8.318268
1130 465 54.255106
1413 464 51.469898
1950 353 170.847396
320 520 89.072893
299 351 6.066430
410 409 4.790759
431 301 88.626586
252 300 6.088260
2002 1893 9.775218
1635 467 75.639177
971 577 25.400339
466 521 4.265960
1891 1836 8.452642
936 937 6.310784
2081 466 88.359287
634 522 6.412995
993 881 5.560901
1617 1729 6.043993
1247 410 48.997493
2301 463 130.768480
2020 1837 79.230191
408 406 9.574108
254 253 4.968995
2085 1261 49.756417
1977 354 87.269281
521 576 8.696683
944 1892 56.161484
431 523 91.101014
1838 519 164.197505
1835 1781 8.696832
547 2147 95.024837
1977 2141 79.467153
937 302 116.940192
1021 299 40.883218
355 411 4.738914
902 632 63.882696
1686 1206 142.438834
1048 993 4.211392
405 350 3.639721
2002 2142 11.267798
107 2180 162.128725
138 579 31.535016
714 713 5.943401
600 1786 83.517785
2211 578 123.922587
2001 1949 14.214657
1134 1078 4.214085
353 408 3.743804
408 352 5.488791
353 407 6.628541
409 465 4.330118
2191 464 121.258395
255 353 7.426431
407 520 8.589139
252 351 8.676546
408 409 4.790759
1746 301 83.121142
352 300 5.755783
2240 1893 60.157021
467 467 0.000001
2194 577 105.334859
1121 521 101.520068
2279 1836 49.495547
937 937 0.000001
2202 466 98.118184
1691 522 75.571750
768 881 8.387957
1833 1729 43.776560
1836 410 167.766553
462 463 5.048004
1894 1837 4.266189
352 406 6.333065
136 253 10.468700
1537 1261 27.538594
254 354 10.578730
688 576 6.211202
1776 1892 22.027481
465 523 13.330625
1689 519 72.063284
320 1781 89.577676
203 2147 126.343160
2181 2141 6.129462
212 302 7.413729
252 299 3.553626
409 411 9.574076
236 632 95.131782
300 1206 98.025240
992 993 6.362501
253 350 8.676546
823 2142 74.728450
2181 2180 5.060073
102 579 51.107046
714 713 5.943401
1674 1786 6.210998
521 578 4.226557
2003 1949 5.227042
2227 1078 79.536031
659 408 112.222693
253 352 8.236603
302 407 9.632146
519 465 8.452980
351 464 10.026899
464 353 7.922625
631 520 8.426008
2160 351 102.535053
302 409 7.686027
1215 301 126.869861
171 300 10.560029
1894 1893 5.047202
355 467 7.236432
521 577 4.226557
519 521 10.543859
1947 1836 8.588863
824 937 8.398437
5 466 56.365111
468 522 8.452287
489 881 21.274687
2340 1729 64.625984
354 410 4.976114
601 463 112.709049
1132 1837 134.086512
2194 406 108.861226
254 253 4.968995
2115 1261 114.687908
301 354 9.500375
631 576 4.203677
859 1892 150.714702
1221 523 144.577151
631 519 6.412995
1391 1781 25.399925
2186 2147 4.543590
2141 2141 0.000000
2283 302 125.688787
352 299 10.226794
522 411 8.589139
576 632 4.203714
108 1206 80.285635
992 993 6.362501
405 350 3.639721
2101 2142 9.914796
2097 2180 8.071534
520 579 13.818569
600 713 8.377856
1842 1786 4.226715
2280 578 125.695115
1947 1949 9.574209
1078 1078 0.000000
408 408 0.000000
408 352 5.488791
1695 407 67.253129
2194 465 111.173211
464 464 0.000001
302 353 3.719651
765 520 108.971157
1690 351 75.636641
1304 409 47.638155
255 301 6.805454
2283 300 122.618984
2102 1893 15.734439
2227 467 120.451804
2173 577 114.797330
970 521 24.576792
997 1836 43.170362
630 937 140.095276
714 466 115.787456
1584 522 56.426668
1887 881 53.398398
706 1729 105.809142
1524 410 68.409867
849 463 37.751998
653 1837 79.387505
2211 406 142.527044
171 253 7.006413
1538 1261 21.930991
1024 354 38.505293
1357 576 43.866547
1998 1892 23.436013
320 523 79.763743
1806 519 67.053872
876 1781 71.611881
1104 2147 77.349068
2052 2141 8.645475
1304 302 54.549486
350 299 3.594020
1839 411 173.039697
1950 632 163.028408
958 1206 150.145519
410 993 120.424820
352 350 9.702844
660 2142 81.778848
1809 2180 86.652559
2255 579 123.773586
1114 713 56.456896
474 1786 157.972654
522 578 4.227081
1800 1949 87.588649
1078 1078 0.000000
2346 408 125.161550
464 352 7.429746
409 407 9.574076
633 465 10.168492
384 464 95.717733
1917 353 86.373582
577 520 4.227081
350 351 4.856284
2191 409 128.616705
210 301 8.154894
2232 300 112.063142
1891 1893 10.089413
2343 467 133.584202
11 577 54.102171
1524 521 59.825981
2071 1836 85.160637
882 937 4.202183
354 466 7.282893
2291 522 111.625995
2261 881 126.632048
1729 1729 0.000000
48 410 62.599696
521 463 13.330658
2071 1837 82.381657
406 406 0.000000
352 253 8.236603
700 1261 28.559203
5 354 49.327002
1693 576 59.870309
1891 1892 5.047522
2226 523 123.786754
521 519 10.543859
1466 1781 117.406654
1868 2147 88.820596
2273 2141 13.818330
255 302 3.706837
408 299 15.610755
1523 411 75.233910
2308 632 101.938223
1038 1206 8.800932
1049 993 4.211384
210 350 11.758919
2217 2142 9.312622
688 2180 143.620169
308 579 29.406601
601 713 6.044202
2208 1786 79.064227
465 578 8.487077
2003 1949 5.227042
2290 1078 86.594776
301 408 7.973112
254 352 7.241762
2289 407 115.951169
1612 465 163.908447
1359 464 46.844819
137 353 17.575027
104 520 34.226577
353 351 9.702139
194 409 80.918926
2081 301 101.416455
302 300 9.818045
2004 1893 8.082742
1304 467 46.189858
805 577 26.078917
408 521 8.589582
1837 1836 5.275058
1105 937 8.845812
1917 466 82.009062
633 522 8.426540
768 881 8.387957
1728 1729 5.651742
347 410 37.945411
407 463 4.330137
488 1837 75.894350
462 406 4.330118
2117 253 108.673058
391 1261 141.892857
2211 354 135.904506
744 576 9.629432
1114 1892 54.279565
236 523 92.164668
2005 519 160.534971
1948 1781 10.539746
488 2147 103.853382
2168 2141 56.803977
2058 302 160.461092
764 299 104.816863
2290 411 114.105320
1142 632 42.352684
2108 1206 120.775797
135 993 108.765227
352 350 9.702844
2217 2142 9.312622
1696 2180 93.786084
236 579 95.083577
826 713 8.379380
2192 1786 49.933033
1977 578 73.457797
2000 1949 19.052945
966 1078 5.515603
301 408 7.973112
407 352 3.674709
409 407 9.574076
577 465 6.658498
375 464 95.717910
211 353 10.910942
576 520 4.226579
407 351 5.761779
302 409 7.686027
1611 301 153.328251
209 300 8.645068
226 1893 103.034216
410 467 4.330137
520 577 4.227081
521 521 0.000000
2265 1836 73.783602
825 937 5.620902
2290 466 112.296175
258 522 21.091592
1048 881 8.891869
1601 1729 89.971611
2000 410 156.438098
2257 463 111.825040
1781 1837 4.226710
405 406 4.790024
172 253 9.245251
870 1261 19.501844
355 354 4.855577
633 576 8.920584
1609 1892 20.999682
634 523 8.426008
1950 519 163.396345
1781 1781 0.000000
766 2147 98.187793
2216 2141 8.598995
409 302 7.686027
253 299 6.088260
357 411 7.862534
138 632 35.460237
2266 1206 67.563742
880 993 8.408928
407 350 10.143846
1953 2142 31.369197
2216 2180 6.147768
2291 579 107.727934
546 713 9.629501
1730 1786 4.203551
577 578 5.474802
2004 1949 3.845569
139 1078 63.288135
713 408 113.360345
408 352 5.488791
253 407 11.404114
354 465 8.082741
463 464 5.047246
522 353 13.796932
519 520 5.274255
20 351 35.148199
2287 409 111.657298
1613 301 151.906937
209 300 8.645068
1835 1893 8.453162
354 467 9.294308
522 577 8.696649
576 521 8.696683
1780 1836 4.226715
657 937 14.714423
2074 466 93.212570
689 522 12.607848
488 881 21.274689
2074 1729 86.177762
302 410 10.143149
1745 463 74.429128
1325 1837 56.519811
59 406 46.857614
172 253 9.245251
2070 1261 115.753916
353 354 4.855562
633 576 8.920584
2187 1892 38.932699
849 523 59.702740
407 519 6.960402
1360 1781 139.726566
2219 2147 8.598993
2142 2141 5.017190
323 302 82.165925
170 299 10.560029
523 411 6.960402
465 632 10.168708
1261 1206 4.214271
825 993 8.955332
301 350 10.592648
2273 2142 14.733027
2179 2180 5.060070
524 579 8.696666
433 713 16.091749
1897 1786 8.487969
2271 578 128.608797
1892 1949 8.191989
1190 1078 5.464996
354 408 6.930375
354 352 9.702109
1896 407 157.672844
2271 465 136.832755
463 464 5.047246
2264 353 113.887062
2060 520 142.535540
710 351 108.165315
1107 409 133.130888
353 301 5.455443
2318 300 145.794499
2144 1893 17.973402
104 467 35.624601
2319 577 127.577481
626 521 38.520903
1329 1836 33.691018
988 937 34.952335
1728 466 163.412963
1841 522 164.198285
709 881 23.022522
1109 1729 41.748444
1527 410 61.071431
916 463 37.509536
1411 1837 121.400616
2265 406 116.023533
209 253 6.109493
1483 1261 17.877515
1585 354 65.072254
458 576 32.080245
1048 1892 48.446914
2239 523 105.370113
517 519 10.543876
988 1781 68.054578
1723 2147 39.486294
185 2141 115.913572
1107 302 127.144124
209 299 7.072095
1841 411 167.767162
207 632 38.854812
1085 1206 55.190564
660 993 25.138396
463 350 10.286500
1636 2142 100.602268
2098 2180 7.007229
2226 579 119.595681
1140 713 132.105534
1607 1786 59.937431
579 578 5.475679
595 1949 91.895666
1022 1078 4.211158
408 408 0.000000
2329 352 140.456648
210 407 14.665265
519 465 8.452980
1838 464 166.668611
236 353 79.136521
463 520 8.452287
464 351 10.026899
1750 409 72.471514
171 301 11.136799
2200 300 108.990473
1835 1893 8.453162
410 467 4.330137
2160 577 92.018491
519 521 10.543859
48 1836 112.672102
713 937 11.412102
466 466 0.000001
2211 522 125.221479
5 881 69.809053
1840 1729 8.426008
2030 410 87.357073
574 463 8.487578
48 1837 111.537386
407 406 4.790791
353 253 11.197954
1321 1261 22.504066
2261 354 112.721030
1805 576 65.761923
2001 1892 10.027141
1909 523 112.946919
632 519 8.426008
1885 1781 42.151794
429 2147 116.749558
2002 2141 14.151232
301 302 4.915046
254 299 10.701484
1413 411 63.571053
689 632 4.192737
1319 1206 8.425599
992 993 6.362501
405 350 3.639721
2101 2142 9.914796
1550 2180 42.771838
295 579 51.418177
657 713 4.188060
2268 1786 73.253964
689 578 8.392531
2004 1949 3.845569
2185 1078 117.261796
410 408 9.574793
302 352 6.712226
520 407 8.589139
1159 465 129.829237
1303 464 43.813461
1689 353 83.875159
2227 520 111.219201
464 351 10.026899
521 409 6.960402
1973 301 91.731944
407 300 8.318268
1950 1893 8.191981
415 467 22.327296
1027 577 26.260623
633 521 6.412995
1948 1836 6.960000
825 937 5.620902
236 466 87.636975
2196 522 104.358304
882 881 6.243536
2270 1729 67.000960
1695 410 70.338796
519 463 4.265980
1837 1837 0.000000
519 406 8.589602
300 253 3.553626
2035 1261 53.375373
2275 354 155.583311
574 576 10.945714
1125 1892 106.772531
2227 523 118.890917
2058 519 148.100753
2302 1781 56.946791
2191 2147 28.878372
380 2141 99.438976
1840 302 157.912392
1671 299 143.464025
2202 411 101.380735
977 632 56.635338
2131 1206 51.799933
2301 993 97.121414
301 350 10.592648
2003 2142 13.332288
1866 2180 81.498269
431 579 95.327361
2311 713 113.056870
2210 1786 71.705469
2265 578 101.064177
1943 1949 28.502751
1246 1078 8.800820
2267 408 119.809654
2123 352 98.406777
521 407 12.232878
353 465 7.347577
463 464 5.047246
410 353 9.152451
518 520 10.543894
254 351 9.168636
2339 409 125.266003
515 301 24.564361
350 300 6.066430
2319 1893 45.999965
522 467 4.265980
633 577 4.203689
522 521 5.275047
2275 1836 35.174235
881 937 4.202179
2114 466 113.562493
940 522 132.577130
2158 881 133.501302
1982 1729 109.502287
1473 410 56.291728
408 463 8.191638
1948 1837 8.589271
350 406 6.043588
302 253 9.897429
1232 1261 167.354008
256 354 7.694859
630 576 8.920566
1106 1892 42.666391
636 523 8.426564
207 519 30.470890
2227 1781 70.485292
1525 2147 94.975543
2246 2141 10.392197
352 302 6.712226
300 299 4.915060
257 411 10.816146
632 632 0.000001
251 1206 107.191978
824 993 8.955336
404 350 5.761779
176 2142 153.551084
2289 2180 44.299382
2283 579 112.932502
826 713 8.379380
1899 1786 8.487463
579 578 5.475679
1893 1949 4.329543
1078 1078 0.000000
597 408 98.395006
300 352 5.755783
465 407 8.192287
302 465 10.794597
521 464 8.452996
521 353 11.308126
633 520 8.426540
11 351 41.969468
2164 409 97.902297
1418 301 62.006388
353 300 9.862621
2053 1893 12.238474
466 467 5.048038
301 577 18.465427
689 521 9.870733
2052 1836 16.839181
656 937 17.046446
2340 466 127.568453
408 522 12.233498
770 881 8.388021
2351 1729 64.899907
303 410 7.463393
205 463 35.613670
1279 1837 31.694570
351 406 3.639721
78 253 17.336868
1969 1261 113.523479
213 354 11.581218
407 576 10.539741
183 1892 111.945130
1442 523 141.822404
576 519 4.226545
1327 1781 42.778152
2184 2147 8.444599
2246 2141 10.392197
62 302 50.486073
301 299 9.818059
579 411 10.539741
519 632 8.426008
1207 1206 6.421300
1049 993 4.211384
210 350 11.758919
2004 2142 16.299374
2142 2180 6.129459
354 579 15.158689
490 713 13.666754
1728 1786 8.920508
116 578 72.301477
2101 1949 10.859080
967 1078 8.418704
302 408 7.463393
303 352 11.328125
456 407 36.605690
381 465 99.889548
352 464 7.429746
2229 353 114.308887
2104 520 152.907636
1895 351 157.595214
1670 409 163.353518
210 301 8.154894
2291 300 131.667424
2145 1893 19.614608
2210 467 121.782869
226 577 82.683020
828 521 128.187188
709 1836 71.406790
876 937 34.618123
767 466 108.495074
825 522 120.174323
997 881 25.829470
1888 1729 51.035193
748 410 22.204274
904 463 46.626553
1468 1837 120.930071
2283 406 115.544077
211 253 6.504341
1320 1261 16.189696
970 354 34.698590
883 576 134.220438
879 1892 60.101891
2210 523 117.539598
574 519 8.696683
630 1781 165.745328
1466 2147 86.598984
1999 2141 11.267714
415 302 30.150473
351 299 6.066430
825 411 111.590902
598 632 112.196931
1439 1206 58.164462
2105 993 79.001847
348 350 9.702124
880 2142 71.364708
2140 2180 5.700554
1861 579 74.287730
1125 713 121.083790
2005 1786 20.954753
467 578 8.487599
1521 1949 104.765702
1190 1078 5.464996
465 408 4.330547
210 352 11.268003
463 407 4.330137
631 465 12.677342
1840 464 156.609767
322 353 84.106098
522 520 10.544649
353 351 9.702139
24 409 46.982895
1748 301 79.687173
300 300 0.000001
1894 1893 5.047202
467 467 0.000001
632 577 4.204255
689 521 9.870733
2298 1836 38.776540
994 937 4.207238
520 466 8.452964
2283 522 115.048204
824 881 4.196934
1898 1729 10.168998
2246 410 148.654883
352 463 7.776244
1837 1837 0.000000
408 406 9.574108
2161 253 108.903579
755 1261 30.566930
211 354 12.593324
1860 576 69.724970
1946 1892 8.191775
1861 523 78.462398
574 519 8.696683
1576 1781 104.636560
2101 2147 17.158421
1945 2141 14.306294
212 302 7.413729
520 299 20.341480
637 411 16.971338
576 632 4.203714
1261 1206 4.214271
1105 993 5.483803
349 350 4.855592
2003 2142 13.332288
745 2180 138.061042
1980 579 73.933723
545 713 9.629500
2149 1786 26.955232
688 578 12.881369
2002 1949 9.480910
2202 1078 69.729796
351 408 9.810731
253 352 8.236603
465 407 8.192287
1100 465 112.822525
1523 464 61.194740
657 353 105.954410
520 520 0.000000
405 351 6.043588
352 409 9.480634
236 301 74.425947
406 300 7.233738
1782 1893 8.487458
1107 467 132.632811
1028 577 29.469231
576 521 8.696683
1890 1836 13.330676
824 937 8.398437
2227 466 117.873170
520 522 10.544649
994 881 8.408995
1616 1729 8.377330
768 410 107.563299
406 463 4.330547
1836 1837 5.275058
518 406 6.960402
57 253 26.756237
394 1261 143.206114
2265 354 114.817939
463 576 8.487088
1140 1892 137.413196
1917 523 82.714186
1607 519 154.331608
1891 1781 12.451131
2147 2147 0.000000
2098 2141 3.519076
1838 302 163.954860
1444 299 142.183392
468 411 4.330137
1229 632 122.069460
1019 1206 122.193770
994 993 6.362591
349 350 4.855592
2140 2142 10.012990
2070 2180 67.461945
1917 579 78.535137
2334 713 115.181976
431 1786 95.929910
2275 578 141.698415
994 1949 54.103547
2245 1078 117.055155
409 408 4.790759
354 352 9.702109
301 407 7.311048
352 465 9.775229
352 464 7.429746
351 353 9.702139
633 520 8.426540
408 351 9.810731
466 409 4.330118
360 301 36.384633
211 300 9.198435
1836 1893 4.266679
411 467 4.330109
576 577 5.475679
578 521 4.226557
1892 1836 4.266195
184 937 57.551351
466 466 0.000001
1896 522 171.547591
823 881 9.724219
778 1729 48.008862
829 410 121.286560
520 463 8.452287
1836 1837 5.275058
2327 406 127.256942
135 253 11.621754
756 1261 26.681374
2334 354 136.161368
518 576 8.696666
1273 1892 35.886157
412 523 8.589602
1748 519 65.856310
1836 1781 4.227246
242 2147 114.692734
2179 2141 6.572981
210 302 11.136481
298 299 4.915046
523 411 6.960402
2227 632 105.457950
1206 1206 0.000000
1049 993 4.211384
251 350 9.168636
1744 2142 88.932006
2142 2180 6.129459
634 579 4.203714
602 713 8.377859
1840 1786 8.696749
632 578 8.920549
1892 1949 8.191989
2239 1078 90.886659
1639 408 64.478692
172 352 14.392017
252 407 14.203034
254 465 15.138953
410 464 12.790270
211 353 10.910942
576 520 4.226579
210 351 10.666103
408 409 4.790759
972 301 45.719479
211 300 9.198435
2001 1893 13.775718
302 467 14.459420
353 577 13.942427
688 521 12.607873
2002 1836 11.445078
601 937 17.456304
2349 466 131.392082
688 522 16.787447
655 881 16.751428
1785 1729 4.203551
254 410 15.553776
1980 463 86.289759
1193 1837 145.150008
1805 406 73.933922
77 253 18.071452
1752 1261 81.758106
409 354 3.844900
688 576 6.211202
2112 1892 64.623645
1386 523 142.278329
465 519 8.452980
1054 1781 38.177720
2249 2147 13.202143
2181 2141 6.129462
2211 302 141.049554
405 299 7.233738
353 411 13.528062
575 632 8.919803
1320 1206 13.919121
712 993 14.512405
349 350 4.855592
2140 2142 10.012990
2051 2180 10.560739
412 579 12.798311
377 713 19.417600
1954 1786 10.539552
381 578 106.541901
2055 1949 7.686031
1022 1078 4.211158
2196 408 106.871585
406 352 6.333065
768 407 115.278220
465 465 0.000001
353 464 7.922625
354 353 4.855562
1925 520 77.858097
597 351 100.464305
415 409 28.502336
352 301 3.636367
2211 300 147.797521
576 1893 171.512103
2239 467 109.477702
1975 577 73.933723
736 521 51.583091
1616 1836 25.668870
857 937 142.483944
655 466 103.676596
1519 522 84.464270
518 881 130.521754
635 1729 168.699687
1894 410 175.669784
1442 463 154.872189
632 1837 171.573390
2275 406 150.254267
255 253 9.921928
1433 1261 23.665068
1668 354 157.946465
1558 576 163.252747
1727 1892 21.122811
104 523 39.793047
577 519 8.696666
1522 1781 117.323954
876 2147 100.332973
33 2141 152.544634
1670 302 155.726274
486 299 94.472776
1519 411 91.807383
539 632 96.482733
787 1206 162.117934
1687 993 139.496839
301 350 10.592648
410 2142 158.728136
2128 2180 55.845911
2217 579 147.100968
1226 713 58.916751
1965 1786 58.333188
632 578 8.920549
604 1949 70.497625
1077 1078 6.398741
302 408 7.463393
211 352 10.824080
211 407 14.498624
466 465 5.047229
237 464 82.655092
2227 353 121.026884
409 520 8.589582
405 351 6.043588
42 409 56.218039
255 301 6.805454
253 300 3.553626
2001 1893 13.775718
409 467 8.192302
577 577 0.000000
1523 521 63.153713
1836 1836 0.000000
770 937 9.038128
303 466 10.794597
62 522 60.376079
881 881 0.000001
1730 1729 5.652610
410 410 0.000000
632 463 12.676844
2298 1837 38.449302
520 406 12.232906
170 253 8.619542
1287 1261 163.139932
409 354 3.844900
15 576 68.443005
1836 1892 4.266195
2217 523 149.582032
301 519 14.233796
1361 1781 140.198800
205 2147 133.534362
1947 2141 16.963682
353 302 3.719651
519 299 17.277017
826 411 114.477063
633 632 5.652596
1149 1206 4.215823
1161 993 8.815754
170 350 14.154027
2274 2142 13.818330
1270 2180 55.738802
1868 579 67.054065
658 713 4.188064
2167 1786 92.304564
408 578 12.798300
1947 1949 9.574209
94 1078 102.083755
463 408 8.191638
406 352 6.333065
302 407 9.632146
808 465 43.120472
636 464 25.946046
598 353 97.735436
519 520 5.274255
463 351 7.529159
464 409 8.192302
2073 301 101.416455
408 300 11.243629
1834 1893 13.331216
1670 467 166.028814
1015 577 63.855739
519 521 10.543859
1946 1836 12.232477
1050 937 8.418396
409 466 4.330118
2310 522 110.549514
823 881 9.724219
1842 1729 8.426553
1896 410 171.808567
2291 463 121.065250
1781 1837 4.226710
2228 406 110.190261
252 253 4.969008
1607 1261 64.175030
380 354 92.440448
1972 576 76.267484
623 1892 133.980282
2239 523 105.370113
384 519 97.872528
1670 1781 8.392381
24 2147 152.544633
2279 2141 37.890930
384 302 86.921348
1306 299 61.483763
356 411 4.133587
844 632 71.120346
2130 1206 54.032997
1106 993 8.425598
463 350 10.286500
2183 2142 11.401797
2115 2180 63.317183
2239 579 103.302614
882 713 9.142921
2236 1786 85.390822
2283 578 111.068211
2059 1949 24.535105
1189 1078 8.429694
378 408 95.577014
1693 352 72.458610
405 407 9.574092
522 465 8.452964
521 464 8.452996
210 353 13.332489
462 520 13.330658
298 351 10.592648
303 409 7.686027
1638 301 71.786708
171 300 10.560029
1948 1893 4.329982
523 467 4.265949
689 577 6.211202
577 521 4.226557
1893 1836 4.266679
1049 937 5.515603
193 466 85.533336
768 522 112.733022
770 881 8.388021
974 1729 161.534930
2001 410 161.293568
300 463 10.958621
1949 1837 6.960000
521 406 16.603768
251 253 9.921967
1256 1261 35.366064
408 354 6.930375
575 576 5.474820
1499 1892 21.828154
355 523 11.067791
598 519 109.810772
1837 1781 4.226710
2089 2147 62.994878
2051 2141 7.072593
410 302 10.143149
251 299 6.442551
469 411 8.192302
1917 632 69.925875
353 1206 88.828097
2311 993 98.603361
462 350 7.644998
549 2142 88.582200
2345 2180 36.857034
2211 579 121.027416
882 713 9.142921
1787 1786 5.474817
467 578 8.487599
1950 1949 4.790798
1190 1078 5.464996
710 408 106.549029
407 352 3.674709
354 407 11.148421
406 465 12.790285
405 464 12.789531
255 353 7.426431
465 520 4.266439
211 351 12.367095
354 409 3.844900
960 301 54.127424
350 300 6.066430
2054 1893 10.793903
468 467 5.047246
2197 577 95.461715
631 521 12.669826
1779 1836 8.696283
938 937 6.310789
354 466 7.282893
631 522 17.589531
823 881 9.724219
1841 1729 6.413001
408 410 9.574793
308 463 41.802591
854 1837 154.900639
1860 406 77.561688
302 253 9.897429
1696 1261 84.764854
304 354 7.384605
518 576 8.696666
2241 1892 52.943017
1497 523 141.090149
688 519 9.870728
1336 1781 29.469142
2145 2147 10.012990
2216 2141 8.598995
2318 302 148.767082
349 299 5.755783
469 411 8.192302
743 632 8.377487
1038 1206 8.800932
1105 993 5.483803
170 350 14.154027
2217 2142 9.312622
2214 2180 6.650540
302 579 20.147204
712 713 5.943396
1953 1786 10.539744
59 578 50.097296
2052 1949 14.955034
1302 1078 10.929996
407 408 4.790040
252 352 11.841161
258 407 25.992787
408 465 4.330547
351 464 10.026899
254 353 7.858186
217 520 40.563506
2051 351 173.933745
877 409 105.080887
212 301 9.804082
300 300 0.000001
354 1893 171.917616
2079 467 87.436667
2098 577 153.016447
1668 521 167.392217
1359 1836 135.982448
1361 937 157.648978
886 466 127.979300
1831 522 143.392793
462 881 127.631494
471 1729 167.322742
1693 410 74.721764
1363 463 52.273856
521 1837 179.999906
2320 406 128.636913
299 253 6.088260
810 1261 33.348965
1642 354 67.973366
1109 576 145.142426
1830 1892 28.433145
2236 523 98.629717
405 519 12.232892
857 1781 164.731599
857 2147 135.517254
658 2141 81.558906
1996 302 146.545807
301 299 9.818059
716 411 113.360182
1748 632 61.971546
1031 1206 46.191033
1689 993 150.101118
2184 350 153.210209
374 2142 100.533145
2099 2180 8.620159
115 579 65.282571
713 713 0.000000
2035 1786 102.672176
690 578 6.211202
664 1949 68.813307
965 1078 8.417935
520 408 6.960402
351 352 4.855592
299 407 11.826545
688 465 13.971285
2058 464 152.197210
2236 353 111.656048
2288 520 105.857806
463 351 7.529159
2188 409 143.576171
464 301 10.849517
254 300 6.442551
1946 1893 12.789858
522 467 4.265980
522 577 8.696649
631 521 12.669826
1835 1836 5.274328
769 937 9.038126
407 466 12.789531
2318 522 136.453107
712 881 9.142923
1952 1729 14.358158
409 410 4.790759
409 463 12.789563
1948 1837 8.589271
300 406 7.233738
409 253 16.422104
1176 1261 171.569637
255 354 7.550667
407 576 10.539741
2053 1892 10.848827
61 523 53.176101
353 519 12.094139
630 1781 165.745328
270 2147 129.158853
1999 2141 11.267714
210 302 11.136481
631 299 23.015811
573 411 34.651266
575 632 8.919803
1208 1206 12.842554
825 993 8.955332
301 350 10.592648
2140 2142 10.012990
1137 2180 120.145586
2057 579 161.255442
600 713 8.377856
2177 1786 61.410896
519 578 13.817752
1950 1949 4.790798
234 1078 118.077339
467 408 12.790270
465 352 9.775229
466 407 12.789531
888 465 124.930044
1637 464 62.488680
207 353 26.866714
576 520 4.226579
210 351 10.666103
467 409 8.192302
2227 301 122.188044
298 300 9.818059
1838 1893 8.453076
877 467 100.577116
1729 577 154.826949
407 521 12.232878
1725 1836 8.426553
938 937 6.310789
467 466 5.048038
2326 522 112.764655
713 881 9.142919
379 1729 78.756978
2102 410 169.227493
520 463 8.452287
1894 1837 4.266189
520 406 12.232906
302 253 9.897429
1993 1261 46.999273
353 354 4.855562
578 576 10.945732
1453 1892 56.412572
2210 523 117.539598
174 519 29.736094
1668 1781 8.392982
2185 2147 4.221321
2265 2141 48.902883
2150 302 145.270232
1664 299 155.298184
466 411 8.192287
781 632 108.724435
1272 1206 67.353345
1160 993 8.815758
464 350 14.089040
2004 2142 16.299374
1869 2180 75.888292
2210 579 116.085754
546 713 9.629501
236 1786 84.356838
2320 578 123.976444
1954 1949 23.816251
1136 1078 9.998856
464 408 4.330137
406 352 6.333065
350 407 10.143846
578 465 8.487077
577 464 8.487599
464 353 7.922625
631 520 8.426008
302 351 10.959391
355 409 7.236661
294 301 33.712028
353 300 9.862621
1891 1893 10.089413
409 467 8.192302
519 577 8.696666
467 521 8.452996
2283 1836 68.373921
938 937 6.310789
354 466 7.282893
1163 522 140.768594
935 881 9.822702
2065 1729 45.070788
1943 410 146.853803
575 463 6.658498
1895 1837 8.453084
353 406 10.812523
208 253 10.804517
809 1261 37.845350
2311 354 124.845442
689 576 8.393139
1218 1892 37.413672
525 523 10.543876
539 519 96.039002
1725 1781 4.203545
414 2147 165.334549
2247 2141 11.570394
304 302 9.818059
254 299 10.701484
522 411 8.589139
577 632 4.204255
84 1206 69.326696
1161 993 8.815754
408 350 14.558252
1301 2142 118.116045
2247 2180 8.583898
468 579 8.487088
768 713 9.465784
2323 1786 65.230638
690 578 6.211202
1947 1949 9.574209
2210 1078 105.968213
1946 408 170.426106
303 352 11.328125
520 407 8.589139
355 465 11.380352
350 464 14.089040
467 353 13.156817
688 520 9.870743
301 351 6.385300
254 409 12.790531
1389 301 140.811480
405 300 8.713950
1890 1893 15.118674
2340 467 126.835331
577 577 0.000000
355 521 12.473987
1834 1836 10.543609
2123 937 134.235851
466 466 0.000001
1524 522 63.154255
546 881 18.763831
1729 1729 0.000000
27 410 58.896687
429 463 95.681345
747 1837 163.222636
352 406 6.333065
252 253 4.969008
133 1261 111.191199
171 354 18.205710
575 576 5.474820
2174 1892 51.869931
862 523 25.099311
462 519 8.452996
1078 1781 149.849352
2059 2147 8.155327
2247 2141 11.570394
2320 302 138.971364
171 299 11.684458
521 411 12.232878
408 632 13.373398
1319 1206 8.425599
938 993 9.901239
463 350 10.286500
2274 2142 13.818330
2181 2180 5.060073
254 579 25.470421
432 713 17.879927
1896 1786 12.451539
2278 578 135.281353
1838 1949 8.589271
1301 1078 12.675112
466 408 8.192273
466 352 13.464426
715 407 115.797001
2278 465 139.591801
409 464 8.192302
303 353 7.045633
1756 520 67.786718
214 351 25.335387
819 409 96.859886
351 301 6.385300
253 300 3.553626
1247 1893 137.333598
40 467 47.017558
520 577 4.227081
1585 521 54.406696
1413 1836 130.660187
1522 937 160.458288
652 466 92.439839
1787 522 155.665684
633 881 129.353970
458 1729 119.076239
770 410 113.130098
1497 463 156.759267
2095 1837 39.938819
2169 406 111.893359
351 253 7.147642
645 1261 30.999669
626 354 40.342527
1952 576 154.810072
1559 1892 25.145424
2079 523 84.274569
72 519 58.273156
1466 1781 117.406654
1563 2147 37.154084
601 2141 84.536008
877 302 102.818330
405 299 7.233738
1831 411 139.669967
483 632 96.420697
1257 1206 32.105661
1799 993 137.222081
209 350 10.666103
2105 2142 27.999590
2273 2180 10.330193
1967 579 99.987835
759 713 62.575755
1600 1786 95.846222
523 578 8.696666
1520 1949 100.926269
687 1078 20.148694
254 408 11.071901
171 352 14.487653
521 407 12.232878
407 465 8.192287
110 464 42.739325
1973 353 89.158068
352 520 11.444804
211 351 12.367095
488 409 97.872556
212 301 9.804082
302 300 9.818045
2054 1893 10.793903
411 467 4.330109
521 577 4.226557
688 521 12.607873
1837 1836 5.275058
993 937 4.207234
1692 466 73.174180
2320 522 127.851857
2340 881 100.472746
1839 1729 12.669835
353 410 9.152451
1525 463 55.590407
1836 1837 5.275058
465 406 12.790285
464 253 15.572549
670 1261 150.663277
212 354 10.701452
520 576 4.226579
1949 1892 8.191989
115 523 61.109121
577 519 8.696666
1563 1781 36.629610
1782 2147 29.591585
2003 2141 17.296782
409 302 7.686027
1693 299 74.449809
1303 411 52.771143
630 632 11.300328
1037 1206 8.800909
712 993 14.512405
464 350 14.089040
2004 2142 16.299374
1418 2180 104.377372
332 579 100.901247
433 713 16.091749
383 1786 74.876493
631 578 14.253821
2122 1949 85.195392
2031 1078 56.693237
577 408 10.539938
354 352 9.702109
518 407 8.589602
1112 465 135.313579
637 464 30.906419
660 353 109.061573
408 520 6.960402
409 351 14.214139
301 409 10.681519
2274 301 159.109463
354 300 14.312004
1780 1893 8.487975
819 467 91.803915
1326 577 132.143327
634 521 8.426540
1778 1836 13.817816
880 937 9.822692
521 466 4.265960
465 522 8.452964
1048 881 8.891869
2235 1729 88.272444
715 410 113.360158
518 463 4.266439
1948 1837 8.589271
253 406 10.787354
136 253 10.468700
1965 1261 127.229056
2320 354 136.861941
629 576 14.253821
983 1892 90.080495
2236 523 98.629717
2035 519 91.776872
1894 1781 8.487458
42 2147 143.830528
2320 2141 39.442259
110 302 31.392459
1072 299 51.116972
2114 411 121.193344
1060 632 120.027303
1076 1206 112.646773
102 993 103.028127
353 350 14.531215
2274 2142 13.818330
2098 2180 7.007229
2236 579 95.753877
768 713 9.465784
138 1786 145.259414
2169 578 94.611277
2141 1949 22.515944
1080 1078 12.798344
351 408 9.810731
252 352 11.841161
577 407 12.798311
410 465 8.192273
409 464 8.192302
212 353 11.133228
575 520 8.695935
462 351 7.644998
465 409 4.330118
1672 301 148.199181
2305 300 124.086723
1837 1893 4.266189
579 467 6.658498
688 577 8.393139
579 521 8.696683
1977 1836 103.113611
936 937 6.310784
408 466 8.192273
456 522 53.102758
713 881 9.142919
563 1729 83.517977
2054 410 169.857062
465 463 10.089173
1725 1837 6.413001
301 406 9.154231
105 253 13.910359
1210 1261 28.979610
300 354 14.312004
687 576 8.392544
1496 1892 29.284860
520 523 15.802488
657 519 117.877906
1835 1781 8.696832
469 2147 161.903799
2097 2141 5.726998
171 302 13.188093
406 299 8.713950
353 411 13.528062
2239 632 106.073767
1150 1206 4.215870
1217 993 10.942608
461 350 7.529159
495 2142 94.659923
2179 2180 5.060070
466 579 8.487599
771 713 9.465875
2338 1786 68.392469
523 578 8.696666
2002 1949 9.480910
1022 1078 4.211158
2051 408 164.389358
354 352 9.702109
462 407 8.192302
300 465 15.524772
299 464 16.085259
212 353 11.133228
689 520 9.870972
171 351 14.154027
2119 409 99.058845
1270 301 127.919507
464 300 12.620906
1946 1893 12.789858
5 467 55.811522
632 577 4.204255
407 521 12.232878
2003 1836 10.637729
600 937 18.464864
465 466 5.047229
355 522 10.730116
993 881 5.560901
5 1729 116.048619
47 410 64.424695
2056 463 157.652116
915 1837 157.197032
350 406 6.043588
300 253 3.553626
253 1261 97.709975
257 354 10.884836
689 576 8.393139
255 1892 164.726091
681 523 58.086103
406 519 8.589602
1249 1781 145.682598
2277 2147 13.818330
2179 2141 6.572981
2291 302 127.515051
353 299 14.687912
357 411 7.862534
687 632 9.122839
1208 1206 12.842554
656 993 18.223686
353 350 14.531215
1947 2142 14.665736
2000 2180 14.154054
633 579 8.920584
656 713 9.305209
2006 1786 17.304369
32 578 62.596115
1839 1949 12.232670
743 1078 18.031799
465 408 4.330547
465 352 9.775229
206 407 29.954747
466 465 5.047229
108 464 33.569052
408 353 3.743804
2109 520 128.734488
935 351 120.888658
1996 409 141.718784
171 301 11.136799
2320 300 135.620847
2138 1893 37.743588
2118 467 101.641973
576 577 5.475679
1333 521 153.200499
636 1836 157.260885
1466 937 157.855452
178 466 37.511369
716 522 121.470315
636 881 117.110891
690 1729 159.734378
1781 410 167.201620
1386 463 152.583068
350 1837 157.645246
351 406 3.639721
352 253 8.236603
1874 1261 34.360916
472 354 30.359779
1893 576 171.512103
885 1892 52.368942
2118 523 99.999152
2215 519 150.275185
1361 1781 140.198800
762 2147 112.108287
2245 2141 12.488366
819 302 95.353221
210 299 8.645068
1787 411 159.357132
2105 632 143.542937
1126 1206 154.315772
1636 993 165.487281
353 350 14.531215
2176 2142 25.958637
2245 2180 9.406869
579 579 0.000000
1453 713 80.914873
1932 1786 97.136116
464 578 12.450611
608 1949 72.471133
686 1078 20.148549
407 408 4.790040
463 352 7.776244
350 407 10.143846
576 465 8.487599
1607 464 150.617034
2274 353 155.113160
578 520 8.696649
171 351 14.154027
1803 409 82.864440
410 301 14.307331
252 300 6.088260
2053 1893 12.238474
28 467 64.392314
464 577 8.487599
576 521 8.696683
1781 1836 4.227246
826 937 8.398441
172 466 22.390213
2279 522 134.776277
656 881 13.081814
1674 1729 4.192734
255 410 12.194217
1023 463 30.033397
1781 1837 4.226710
519 406 8.589602
1748 253 81.903526
952 1261 171.581414
353 354 4.855562
408 576 10.539754
1837 1892 8.453084
87 523 62.039009
517 519 10.543876
857 1781 164.731599
2084 2147 74.205019
1892 2141 21.260860
171 302 13.188093
251 299 6.442551
1359 411 56.603639
687 632 9.122839
1039 1206 12.646020
1217 993 10.942608
463 350 10.286500
2297 2142 17.236196
797 2180 139.887990
1867 579 66.506808
490 713 13.666754
149 1786 115.136583
634 578 4.204255
1892 1949 8.191989
25 1078 91.405996
522 408 12.233498
519 352 10.610733
576 407 10.539741
1618 465 145.897590
826 464 124.410128
878 353 109.178257
465 520 4.266439
211 351 12.367095
2242 409 131.376930
2236 301 116.294554
2228 300 117.117688
1779 1893 12.451131
482 467 75.771771
864 577 46.082720
2292 521 119.463059
1894 1836 8.453076
1161 937 10.980599
522 466 4.266439
468 522 8.452287
770 881 8.388021
1675 1729 9.123621
2145 410 165.621416
462 463 5.048004
1725 1837 6.413001
465 406 12.790285
172 253 9.245251
2150 1261 115.568892
409 354 3.844900
690 576 12.881369
1009 1892 90.081038
523 523 0.000000
237 519 84.700609
1723 1781 8.920594
2104 2147 4.381026
2201 2141 61.985686
237 302 74.267796
1384 299 141.631671
354 411 8.825772
1485 632 92.390692
653 1206 51.848437
1104 993 8.425529
209 350 10.666103
89 2142 123.831981
133 2180 168.442816
2192 579 120.351401
2339 713 114.081642
1917 1786 91.813782
578 578 0.000000
1473 1949 124.336960
1414 1078 16.446002
463 408 8.191638
465 352 9.775229
632 407 14.358525
467 465 10.089157
351 464 10.026899
521 353 11.308126
466 520 8.452964
404 351 10.143846
254 409 12.790531
1913 301 95.353811
255 300 11.106107
1835 1893 8.453162
521 467 8.452996
631 577 8.920566
464 521 8.452996
2169 1836 79.116507
824 937 8.398437
465 466 5.047229
1695 522 63.888091
1106 881 12.740753
1633 1729 89.971685
1855 410 100.307790
576 463 8.487088
1835 1837 10.543943
299 406 8.713950
298 253 10.298502
985 1261 26.279924
253 354 14.941937
800 576 12.116901
1047 1892 51.297559
633 523 12.669826
483 519 95.357488
2239 1781 72.301514
938 2147 77.268889
2143 2141 10.012992
213 302 10.452684
208 299 9.198435
413 411 9.574092
744 632 6.044202
1262 1206 4.214317
825 993 8.955332
254 350 12.504464
179 2142 139.662188
2350 2180 33.053250
2320 579 125.446411
489 713 12.457198
2307 1786 71.328468
464 578 12.450611
279 1949 90.904251
1302 1078 10.929996
acc0 88
acc1 452
acc2 871
acc3 1248
acc4 1435
acc5 1506
acc6 1553
acc7 1595
acc8 1640
acc9 1677
acc10 1710
acc11 1740
acc12 1771
acc13 1794
acc14 1828
