408
352
407
465
464
353
520
351
409
301
300
1893
467
577
521
1836
937
466
522
881
1729
410
463
1837
406
253
1261
354
576
1892
523
519
1781
2147
2141
302
299
411
632
1206
993
350
2142
2180
579
713
1786
578
1949
1078
408
352
407
465
464
353
520
351
409
301
300
1893
467
577
521
1836
937
466
522
881
1729
410
463
1837
406
253
1261
354
576
1892
523
519
1781
2147
2141
302
299
411
632
1206
993
350
2142
2180
579
713
1786
578
1949
1078
408
352
407
465
464
353
520
351
409
301
300
1893
467
577
521
1836
937
466
522
881
1729
410
463
1837
406
253
1261
354
576
1892
523
519
1781
2147
2141
302
299
411
632
1206
993
350
2142
2180
579
713
1786
578
1949
1078
408
352
407
465
464
353
520
351
409
301
300
1893
467
577
521
1836
937
466
522
881
1729
410
463
1837
406
253
1261
354
576
1892
523
519
1781
2147
2141
302
299
411
632
1206
993
350
2142
2180
579
713
1786
578
1949
1078
408
352
407
465
464
353
520
351
409
301
300
1893
467
577
521
1836
937
466
522
881
1729
410
463
1837
406
253
1261
354
576
1892
523
519
1781
2147
2141
302
299
411
632
1206
993
350
2142
2180
579
713
1786
578
1949
1078