857 408 25.806446
104 352 22.837915
135 407 23.025067
78 465 32.218650
407 464 4.330109
254 353 7.858186
2257 520 111.417690
543 351 100.246983
234 409 85.459183
1833 301 162.261883
253 300 3.553626
2004 1893 8.082742
467 467 0.000001
2203 577 93.608391
466 521 4.265960
600 1836 67.786357
600 937 18.464864
234 466 89.136450
467 522 4.265980
324 881 31.771038
1786 1729 4.204117
467 410 4.330137
688 463 13.970953
1779 1837 13.818138
519 406 8.589602
0 253 39.675763
704 1261 33.647583
209 354 20.836176
352 576 13.989916
1837 1892 8.453084
1288 523 119.278271
463 519 4.265980
1426 1781 107.742167
2147 2147 0.000000
2257 2141 53.754520
1694 302 76.273110
252 299 3.553626
90 411 67.107995
1358 632 39.800055
538 1206 42.126694
993 993 0.000001
299 350 3.594020
2246 2142 11.570392
2180 2180 0.000000
467 579 6.658498
601 713 6.044202
40 1786 131.861795
1025 578 24.128878
2144 1949 14.282001
1023 1078 4.211900
138 408 22.359765
135 352 19.782290
1358 407 50.798480
521 465 4.265960
519 464 4.265949
466 353 9.530495
576 520 4.226579
801 351 29.082234
1077 409 42.947055
41 301 47.804834
773 300 110.110240
1837 1893 4.266189
631 467 21.122721
744 577 9.629681
1833 521 158.956103
1611 1836 13.666384
1611 937 35.674400
522 466 4.266439
1022 522 37.578679
1611 881 39.447903
1670 1729 20.265598
1136 410 41.655286
1288 463 95.900493
1668 1837 12.607857
403 406 14.343863
173 253 13.515994
1482 1261 23.664898
1833 354 156.656929
1245 576 38.906045
1556 1892 18.775989
913 523 25.583576
575 519 4.226579
1611 1781 12.572428
1611 2147 44.592610
2050 2141 8.155325
1298 302 65.243873
742 299 27.207456
1022 411 45.822174
1245 632 37.925675
1541 1206 17.881756
1498 993 26.585828
1468 350 59.827248
1945 2142 15.131314
2051 2180 10.560739
912 579 25.092314
1456 713 98.108833
1730 1786 4.203551
81 578 41.085480
1277 1949 36.344994
1456 1078 94.409304
2247 408 154.794043
214 352 21.571885
600 407 107.528598
352 465 9.775229
689 464 13.971285
1693 353 74.045792
41 520 59.851231
600 351 105.161522
1524 409 65.523524
254 301 3.605424
280 300 78.583261
600 1893 71.962937
108 467 29.136779
353 577 13.942427
466 521 4.265960
1104 1836 46.351649
1456 937 95.670782
467 466 5.048038
739 522 41.042829
490 881 22.802846
51 1729 111.355309
1526 410 63.059628
78 463 31.605469
1104 1837 50.109610
137 406 22.675527
253 253 0.000000
1206 1261 4.214271
136 354 20.496244
352 576 13.989916
600 1892 69.925847
912 523 29.257318
518 519 5.275082
1611 1781 12.572428
1954 2147 14.665752
2246 2141 10.392197
214 302 14.897752
298 299 4.915046
1610 411 146.876364
600 632 118.028583
687 1206 96.975637
993 993 0.000001
171 350 15.005395
90 2142 122.810714
2180 2180 0.000000
688 579 18.021817
254 713 103.819028
1504 1786 17.358858
60 578 54.304883
2309 1949 63.918394
575 1078 26.296240
214 408 21.271766
406 352 6.333065
2024 407 90.511347
1779 465 167.549060
1242 464 54.278704
855 353 29.549705
913 520 21.274772
600 351 105.161522
354 409 3.844900
1693 301 76.068891
352 300 5.755783
209 1893 156.159688
1077 467 45.849139
1779 577 169.053930
744 521 13.666887
255 1836 161.996146
1613 937 41.822497
196 466 81.637237
1970 522 89.975739
1108 881 22.022350
1026 1729 150.703618
1301 410 55.615078
708 463 107.794582
1726 1837 8.426553
352 406 6.333065
2183 253 166.483850
1261 1261 0.000000
577 354 14.379985
81 576 44.132541
1456 1892 71.511084
1413 523 58.599305
855 519 18.248398
2257 1781 70.582327
2290 2147 53.392472
1163 2141 57.251537
578 302 18.217100
685 299 23.749670
858 411 25.806269
896 632 97.068061
1319 1206 8.425599
880 993 8.408928
41 350 54.572177
2166 2142 64.086247
2051 2180 10.560739
1746 579 79.395948
487 713 16.777370
934 1786 82.430879
1468 578 58.524861
1836 1949 8.589271
1468 1078 24.991810
173 408 18.599464
600 352 103.904221
41 407 54.958226
2032 465 85.382986
800 464 18.775399
214 353 17.981051
600 520 112.213728
743 351 23.598567
2304 409 123.781739
1440 301 139.552654
117 300 65.145103
1271 1893 45.849622
354 467 9.294308
1025 577 23.374899
1371 521 71.864474
1468 1836 124.162940
1331 937 21.458345
858 466 21.828357
1358 522 51.005078
57 881 86.946217
1672 1729 9.123630
1079 410 40.197689
255 463 17.323645
1104 1837 50.109610
211 406 15.758944
2309 253 128.900096
1287 1261 163.139932
138 354 17.712221
133 576 40.663314
1722 1892 12.677401
51 523 59.154584
855 519 18.248398
990 1781 58.578578
1667 2147 43.623929
90 2141 122.544079
599 302 96.528614
743 299 28.676443
543 411 91.043200
1050 632 143.905706
704 1206 29.621432
543 993 26.260664
137 350 21.014505
1723 2142 27.897802
2024 2180 74.498953
1026 579 24.129116
255 713 102.239273
16 1786 111.608027
295 578 47.212876
2006 1949 11.824434
913 1078 17.877709
1466 408 67.600408
57 352 31.912003
133 407 30.523283
466 465 5.047229
410 464 12.790270
354 353 4.855562
280 520 94.653461
489 351 99.477634
25 409 52.060053
652 301 93.356629
300 300 0.000001
2003 1893 7.347586
355 467 7.236432
543 577 107.033918
1358 521 48.027452
1781 1836 4.227246
825 937 5.620902
25 466 54.776644
466 522 4.266439
881 881 0.000001
1673 1729 4.192133
743 410 25.251139
799 463 18.775399
1421 1837 128.097167
257 406 24.947646
90 253 60.707309
478 1261 40.767680
39 354 38.043320
486 576 105.712367
1778 1892 12.450850
1373 523 76.072248
406 519 8.589602
1455 1781 61.073095
2220 2147 6.950137
2180 2141 3.488156
1804 302 85.405675
299 299 0.000001
411 411 0.000000
745 632 8.378090
1025 1206 84.036592
824 993 8.955336
300 350 6.066430
2274 2142 13.818330
2273 2180 10.330193
579 579 0.000000
770 713 4.188687
86 1786 126.341651
521 578 4.226557
153 1949 102.402673
25 1078 91.405996
140 408 29.236104
133 352 27.859104
461 407 12.790270
1025 465 30.033397
257 464 21.914663
580 353 21.532321
1300 520 47.031125
1077 351 40.401045
801 409 22.505135
13 301 47.151601
708 300 100.527715
1778 1893 17.115912
517 467 28.433211
573 577 21.853786
652 521 96.532324
1610 1836 16.776967
1610 937 33.963447
576 466 12.450611
1082 522 29.384903
1610 881 37.381445
1842 1729 8.426553
1556 410 153.829147
1373 463 99.273183
1780 1837 8.696749
1163 406 137.788441
1803 253 86.611877
1120 1261 170.001269
652 354 89.102299
803 576 21.148006
1441 1892 29.847473
571 523 45.263744
460 519 18.344113
1610 1781 16.987681
1665 2147 50.352802
2214 2141 9.312621
967 302 38.801605
1525 299 65.638026
1082 411 36.793877
803 632 17.180684
1121 1206 173.579198
1781 993 46.782089
256 350 22.014446
1834 2142 21.260220
2139 2180 9.909449
969 579 22.452293
1371 713 96.069732
1502 1786 25.331172
968 578 22.452277
1164 1949 42.211272
1371 1078 81.290127
25 408 53.410201
2166 352 104.645649
407 407 0.000000
486 465 97.286127
578 464 12.450611
1746 353 82.264649
2257 520 111.417690
188 351 77.465144
800 409 23.791234
253 301 5.744198
41 300 49.583668
1893 1893 0.000001
127 467 70.522371
251 577 31.010883
521 521 0.000000
769 1836 58.375699
1371 937 94.686113
466 466 0.000001
1639 522 60.099320
157 881 59.202441
171 1729 137.323011
1750 410 74.154132
2350 463 126.117966
404 1837 154.010471
235 406 81.241927
210 253 3.518472
1430 1261 8.891745
157 354 73.610449
486 576 105.712367
1892 1892 0.000001
969 523 26.584845
575 519 4.226579
1665 1781 23.377576
1898 2147 17.891367
2215 2141 6.950137
2166 302 106.677520
351 299 6.066430
1665 411 141.985730
273 632 96.528738
541 1206 54.780373
824 993 8.955336
51 350 38.288753
2143 2142 5.017193
2247 2180 8.583898
799 579 26.078951
107 713 87.257736
859 1786 159.080051
137 578 31.931520
16 1949 122.441391
460 1078 35.885700
2166 408 100.061747
1414 352 56.796292
2079 407 92.012560
1421 465 56.161073
1665 464 159.238038
1135 353 43.769538
571 520 29.605600
11 351 41.969468
407 409 9.574076
1746 301 83.121142
486 300 92.926406
39 1893 133.999936
801 467 21.840423
1421 577 50.793072
573 521 24.335073
320 1836 90.927185
1024 937 155.017798
148 466 66.272211
138 522 28.173450
1470 881 173.756469
693 1729 175.807793
1079 410 40.197689
990 463 124.730653
1501 1837 18.248001
486 406 99.796654
1923 253 94.043805
1709 1261 22.971994
300 354 14.312004
968 576 20.820575
1371 1892 99.688495
1868 523 69.958410
689 519 12.607861
41 1781 117.940250
1726 2147 31.297696
1748 2141 95.357350
1471 302 63.749092
1084 299 58.058453
856 411 30.154126
951 632 101.209565
1036 1206 12.645950
739 993 147.968994
280 350 80.110028
64 2142 127.435697
2139 2180 9.909449
2168 579 90.511146
271 713 35.927438
348 1786 126.156295
1156 578 114.333896
1669 1949 16.646184
1155 1078 134.740463
1803 408 80.292808
273 352 82.165828
280 407 86.711744
295 465 39.008724
740 464 24.948432
2166 353 103.393570
273 520 90.584392
467 351 22.404978
133 409 36.037324
1385 301 140.088624
13 300 48.071501
1636 1893 113.558738
575 467 22.027326
521 577 4.226557
1456 521 116.172271
1156 1836 59.224686
824 937 8.398437
856 466 23.241105
1078 522 37.773524
377 881 28.174709
1674 1729 4.192734
1301 410 55.615078
320 463 89.743530
404 1837 154.010471
42 406 60.327771
5 253 43.485920
1426 1261 19.859303
1970 354 96.697164
271 576 89.320380
1777 1892 17.115602
171 523 31.638391
1135 519 32.259174
708 1781 75.154411
1957 2147 21.272115
0 2141 143.493902
2322 302 129.947259
467 299 27.802846
2203 411 101.692226
1693 632 57.999092
845 1206 153.892436
2203 993 115.831601
253 350 8.676546
1887 2142 23.840302
2079 2180 68.456771
746 579 9.629432
320 713 32.377840
46 1786 106.128385
2032 578 77.847615
1896 1949 12.789348
571 1078 33.560487
965 408 35.151142
279 352 84.512417
487 407 99.796540
464 465 5.048038
408 464 4.330137
210 353 13.332489
41 520 59.851231
1918 351 83.750549
376 409 91.487461
920 301 55.759100
210 300 7.072095
1894 1893 5.047202
523 467 4.265949
1918 577 72.110588
467 521 8.452996
1949 1836 8.589271
993 937 4.207234
12 466 50.578586
523 522 5.274255
936 881 4.202187
1785 1729 4.203551
411 410 4.790040
627 463 21.122705
1627 1837 77.426582
825 406 121.286624
324 253 81.758954
862 1261 49.658501
93 354 67.945997
103 576 39.788181
1944 1892 17.539581
1511 523 130.813793
464 519 4.265949
1287 1781 68.013483
2219 2147 8.598993
117 2141 120.511703
1639 302 71.888538
209 299 7.072095
410 411 4.790040
1302 632 36.094406
386 1206 121.860302
825 993 8.955332
252 350 7.147642
2215 2142 8.598993
2247 2180 8.583898
691 579 6.211202
658 713 4.188064
320 1786 107.223884
355 578 14.487397
1949 1949 0.000000
1134 1078 4.214085
1970 408 90.577896
487 352 96.215585
1078 407 36.794017
355 465 11.380352
825 464 123.115764
1691 353 78.255846
741 520 20.951923
804 351 38.863510
804 409 26.170261
280 301 80.033239
767 300 108.489107
1555 1893 21.841097
938 467 123.838971
1271 577 137.855097
920 521 43.082870
1665 1836 21.576923
1665 937 36.492247
1300 466 54.645283
963 522 47.272807
1665 881 39.151105
972 1729 161.535236
1474 410 55.663397
1511 463 107.634541
1557 1837 15.639759
1046 406 127.228857
2215 253 168.378169
1064 1261 173.600386
920 354 46.272290
915 576 25.092314
1136 1892 144.482411
821 523 100.251057
407 519 6.960402
1665 1781 23.377576
1610 2147 47.730715
940 2141 69.228304
1720 302 150.080521
572 299 18.744832
963 411 54.323796
915 632 20.924591
1345 1206 167.317721
1502 993 42.884721
940 350 120.888764
1666 2142 30.888845
994 2180 67.901220
518 579 24.335108
882 713 9.142921
1787 1786 5.474817
912 578 21.359735
1558 1949 22.505029
965 1078 8.417935
234 408 84.984706
195 352 73.278189
188 407 80.157395
103 465 35.624608
855 464 21.828242
1050 353 127.554062
117 520 75.978330
273 351 83.555390
740 409 33.124071
210 301 8.154894
2257 300 121.293637
1894 1893 5.047202
24 467 48.156835
658 577 120.129779
467 521 8.452996
404 1836 158.757691
937 937 0.000001
522 466 4.266439
1694 522 66.168611
136 881 102.635900
1786 1729 4.204117
1922 410 80.110879
518 463 4.266439
520 1837 174.724957
60 406 52.651739
300 253 3.553626
1207 1261 9.998709
490 354 97.484918
103 576 39.788181
1893 1892 5.048002
518 523 26.262972
519 519 0.000000
1610 1781 16.987681
1786 2147 24.541171
2214 2141 9.312621
195 302 71.798190
350 299 3.594020
1242 411 70.828742
2325 632 105.611537
84 1206 69.326696
825 993 8.955332
300 350 6.066430
2100 2142 5.727141
2181 2180 5.060073
747 579 9.629415
2282 713 124.431096
1389 1786 33.729284
235 578 95.272688
46 1949 115.084323
1632 1078 46.896937
195 408 78.096258
1026 352 39.512642
209 407 16.963298
1509 465 127.762528
1610 464 162.120395
578 353 15.318088
821 520 113.131212
188 351 77.465144
409 409 0.000000
1050 301 125.050972
103 300 21.044955
93 1893 105.157099
804 467 19.587155
1509 577 128.465688
1636 521 64.863469
40 1836 125.189182
1783 937 54.392386
160 466 74.079190
115 522 63.785959
713 881 9.142919
852 1729 125.760052
1250 410 44.635343
767 463 117.436231
1335 1837 28.067957
103 406 27.585638
2080 253 104.686703
1711 1261 26.005882
684 354 35.801080
912 576 17.813998
1722 1892 12.677401
987 523 93.119812
578 519 13.817752
117 1781 101.844316
427 2147 123.239708
823 2141 73.344434
689 302 23.661104
1017 299 47.258010
305 411 8.318268
1176 632 101.283885
1038 1206 8.800932
1639 993 159.029705
13 350 52.399787
103 2142 164.749728
994 2180 67.901220
1050 579 133.810110
133 713 92.348092
517 1786 134.736222
1155 578 109.025426
1951 1949 9.574129
1156 1078 141.103492
412 408 19.094599
2325 352 122.954194
117 407 70.926241
331 465 93.170385
1024 464 30.033397
352 353 4.855577
2325 520 112.006766
411 351 23.214652
135 409 26.831303
1500 301 147.330994
41 300 49.583668
744 1893 163.907768
409 467 8.192302
298 577 28.771671
1357 521 51.005078
940 1836 45.830594
1389 937 33.695619
1249 466 41.405064
1191 522 39.231360
279 881 44.295400
1841 1729 6.413001
1522 410 75.234480
105 463 28.196899
520 1837 174.724957
156 406 75.289644
16 253 45.410515
1343 1261 158.928281
140 354 23.051899
135 576 33.556874
1608 1892 24.948367
467 523 4.265949
1076 519 34.360912
767 1781 63.044440
2112 2147 34.541322
324 2141 101.541354
150 302 65.718794
431 299 91.640463
227 411 70.677120
1746 632 67.803147
478 1206 37.700294
1918 993 149.411358
60 350 51.465017
1442 2142 42.459946
209 2180 176.511652
852 579 40.681559
40 713 65.090344
2309 1786 75.088390
331 578 101.001786
2007 1949 16.628295
821 1078 141.309311
1021 408 39.032002
377 352 91.903391
271 407 81.470894
465 465 0.000001
354 464 11.099067
253 353 11.197954
117 520 75.978330
2203 351 110.392243
12 409 47.668499
1715 301 134.929372
209 300 8.645068
1893 1893 0.000001
522 467 4.265980
227 577 86.034670
521 521 0.000000
1725 1836 8.426553
188 937 45.818616
376 466 93.710019
1692 522 72.063251
937 881 4.202179
1729 1729 0.000000
431 410 88.702545
1190 463 38.360857
922 1837 126.675548
259 406 34.835789
1 253 39.995418
1505 1261 124.580745
2024 354 98.010327
432 576 106.169492
1555 1892 19.587814
1400 523 122.511457
520 519 5.274255
1343 1781 63.854874
2148 2147 5.017193
2141 2141 0.000000
739 302 38.252680
253 299 6.088260
303 411 9.632146
576 632 4.203714
2193 1206 115.311456
994 993 6.362591
253 350 8.676546
2297 2142 17.236196
2179 2180 5.060070
634 579 4.203714
657 713 4.188060
430 1786 100.102036
298 578 32.674189
2143 1949 15.426173
1189 1078 8.429694
115 408 62.592078
271 352 77.997345
802 407 26.170242
298 465 24.367438
538 464 88.051781
2101 353 172.573954
522 520 10.544649
861 351 47.073075
861 409 33.485377
117 301 63.705533
990 300 117.199241
1944 1893 22.327843
2278 467 143.304142
1636 577 60.674212
1088 521 50.796820
1663 1836 31.830552
1663 937 39.586102
741 466 29.382873
1306 522 40.314900
1663 881 41.107065
1771 1729 78.027817
1441 410 138.514852
1400 463 99.274034
1671 1837 12.607857
1748 406 71.244602
82 253 32.933745
922 1261 29.476534
1715 354 126.163578
1074 576 42.144602
1772 1892 42.151396
1866 523 69.958329
409 519 12.232878
1663 1781 34.287978
1663 2147 57.447338
2100 2141 10.358675
1886 302 146.606656
909 299 35.329209
1724 411 159.407019
1074 632 43.136451
1119 1206 160.735991
1328 993 17.631477
2050 350 173.614862
2048 2142 19.779551
1051 2180 66.065705
795 579 47.519896
938 713 12.961213
1391 1786 25.400469
800 578 16.747104
2000 1949 19.052945
741 1078 18.031456
2118 408 99.527717
186 352 72.541620
273 407 85.783627
432 465 97.991252
1135 464 36.000733
2168 353 107.270099
280 520 94.653461
11 351 41.969468
1638 409 66.640117
300 301 4.915046
13 300 48.071501
273 1893 93.549789
410 467 4.330137
601 577 116.270025
520 521 5.275047
520 1836 179.999905
881 937 4.202179
523 466 8.452980
1804 522 77.177639
25 881 67.864507
1729 1729 0.000000
346 410 42.619568
407 463 4.330137
769 1837 60.876167
433 406 99.462377
171 253 7.006413
1095 1261 12.645973
25 354 48.216895
432 576 106.169492
1836 1892 4.266195
1582 523 63.861527
687 519 9.870743
1663 1781 34.287978
1584 2147 98.358723
2274 2141 14.733029
186 302 66.870189
349 299 5.755783
1611 411 151.030304
632 632 0.000001
468 1206 71.887571
994 993 6.362591
2337 350 125.851254
1 2142 143.493902
2216 2180 6.147768
914 579 18.763953
53 713 83.068918
1297 1786 95.286773
253 578 26.207848
229 1949 99.058842
407 1078 36.794017
352 408 5.488791
746 352 27.567766
39 407 44.755936
922 465 56.412448
1611 464 163.908581
1471 353 60.032904
1866 520 70.728190
273 351 83.555390
303 409 7.686027
2168 301 112.235993
432 300 91.487691
2284 1893 67.703448
861 467 25.832230
1792 577 120.933128
1271 521 133.877345
86 1836 115.658904
800 937 145.678178
580 466 12.450626
140 522 31.220077
830 881 34.196936
746 1729 161.589696
1522 410 75.234480
773 463 121.032602
1048 1837 50.410366
214 406 27.857396
372 253 79.645045
1265 1261 25.595371
1805 354 81.903817
911 576 18.763663
1782 1892 12.450850
250 523 42.773987
1135 519 32.259174
280 1781 81.648759
748 2147 145.821686
1914 2141 83.952902
1583 302 69.379392
863 299 61.115731
1249 411 46.869003
1229 632 122.069460
1375 1206 12.632544
1112 993 45.100296
117 350 69.772194
214 2142 160.146502
1051 2180 66.065705
1693 579 67.837555
135 713 94.567063
631 1786 143.896850
940 578 136.439842
1835 1949 12.232739
1101 1078 143.745701
465 408 4.330547
36 352 31.159754
2025 407 89.069227
174 465 23.554730
1524 464 58.771681
195 353 74.919454
36 520 41.811247
431 351 93.842357
487 409 95.582393
1831 301 155.435472
280 300 78.583261
573 1893 157.971878
407 467 17.539806
355 577 16.640700
1246 521 43.104178
1101 1836 58.734083
572 937 136.439903
632 466 12.677330
802 522 15.639628
599 881 17.183106
1900 1729 16.587235
1250 410 44.635343
40 463 54.368927
651 1837 87.773609
172 406 19.198106
46 253 53.203148
1455 1261 155.007632
115 354 56.504762
487 576 108.210917
1496 1892 29.284860
2337 523 115.377128
689 519 12.607861
773 1781 51.059201
1958 2147 24.462043
2141 2141 0.000000
228 302 73.080897
411 299 28.043958
1918 411 86.290369
774 632 131.193779
862 1206 51.373385
133 993 106.853355
235 350 76.070979
1727 2142 35.281804
39 2180 148.381923
693 579 12.881352
86 713 55.734001
229 1786 100.759975
174 578 28.664311
883 1949 57.526928
345 1078 53.656990
996 408 129.889795
2322 352 125.206683
94 407 68.397338
467 465 10.089157
409 464 8.192302
173 353 14.856180
13 520 60.429565
434 351 96.249845
490 409 101.326549
1311 301 69.564910
254 300 6.442551
1895 1893 10.089094
466 467 5.048038
52 577 52.543252
1692 521 68.911319
1948 1836 6.960000
824 937 8.398437
490 466 103.987032
522 522 0.000000
1049 881 8.891865
1730 1729 5.652610
96 410 67.108113
796 463 25.144976
1509 1837 49.186212
604 406 108.755490
105 253 13.910359
584 1261 50.082635
2284 354 120.217176
214 576 31.163724
1998 1892 23.436013
1232 523 120.103133
461 519 13.331405
1541 1781 90.235743
2105 2147 4.113946
2181 2141 6.129462
880 302 111.254600
300 299 4.915060
354 411 8.825772
461 632 21.122721
943 1206 112.601513
935 993 9.901153
209 350 10.666103
2143 2142 5.017193
2216 2180 6.147768
523 579 4.226545
825 713 5.791200
75 1786 119.816456
212 578 24.606752
2100 1949 12.790477
1078 1078 0.000000
353 408 3.743804
52 352 37.130461
745 407 22.204256
1894 465 174.952785
259 464 31.187826
654 353 99.092892
1023 520 28.067591
919 351 55.502146
974 409 41.708469
2025 301 96.345293
260 300 35.601070
1672 1893 20.761792
934 467 109.161109
308 577 37.429297
1311 521 54.248062
1242 1836 125.733337
1604 937 45.894730
1579 466 71.504938
1529 522 51.813303
1604 881 45.952856
1074 1729 109.539907
1406 410 87.946645
1232 463 96.737223
1775 1837 34.858269
823 406 118.929198
113 253 49.701478
1509 1261 146.333341
1311 354 60.588991
906 576 39.505865
1406 1892 104.774683
345 523 55.155501
354 519 15.336767
1604 1781 49.056979
1242 2147 95.894055
2138 2141 14.965776
1519 302 84.647356
1080 299 46.695368
1529 411 59.609220
906 632 41.391956
1997 1206 62.836317
1162 993 12.641331
1156 350 126.559595
1609 2142 34.178057
884 2180 74.756324
1582 579 59.640868
769 713 4.188683
929 1786 109.346535
855 578 20.919366
1160 1949 50.867655
1077 1078 6.398741
376 408 93.215744
43 352 58.569420
11 407 44.902607
375 465 93.709844
1471 464 52.368345
496 353 96.708501
2025 520 83.784692
7 351 47.780484
1024 409 34.661557
171 301 11.136799
278 300 81.082945
2003 1893 7.347586
2287 467 108.324192
545 577 112.295728
522 521 5.275047
651 1836 83.467480
938 937 6.310789
521 466 4.265960
2127 522 89.953434
12 881 72.764773
1785 1729 4.203551
2281 410 130.889655
462 463 5.048004
651 1837 87.773609
55 406 31.542289
1860 253 88.248872
1431 1261 12.619396
12 354 43.838625
214 576 31.163724
2003 1892 7.922613
795 523 50.342052
688 519 9.870728
1242 1781 125.219679
1838 2147 25.462427
2143 2141 10.012992
352 302 6.712226
406 299 8.713950
1663 411 132.486309
631 632 5.651747
516 1206 109.932087
935 993 9.901153
299 350 3.594020
0 2142 143.842875
2273 2180 10.330193
1190 579 41.794209
33 713 76.008867
1081 1786 142.376722
55 578 42.531796
5 1949 126.924047
1896 1078 134.150629
186 408 74.171847
1692 352 73.915679
37 407 36.277819
1513 465 107.634549
1663 464 150.010881
1583 353 65.666379
249 520 36.075698
2325 351 123.561173
575 409 16.400045
2302 301 136.921744
214 300 23.112771
14 1893 119.767503
919 467 33.423271
1513 577 106.642852
484 521 91.821016
75 1836 134.776405
740 937 146.036830
466 466 0.000001
251 522 34.001490
301 881 115.270785
1895 1729 16.586574
1695 410 70.338796
260 463 40.020345
1270 1837 50.796857
432 406 98.614949
2280 253 137.150605
1041 1261 27.904728
2005 354 175.144433
910 576 21.359724
1837 1892 8.453084
399 523 58.864622
908 519 29.257318
13 1781 116.831776
1501 2147 44.482288
1046 2141 63.313736
855 302 33.269314
1642 299 77.140773
632 411 20.593038
782 632 104.021794
1040 1206 18.023643
986 993 44.513595
2025 350 91.097248
43 2142 131.103863
884 2180 74.756324
496 579 112.946034
2304 713 124.308568
938 1786 62.777392
1101 578 115.324838
1721 1949 24.772682
940 1078 159.161738
113 408 53.888470
7 352 48.441824
13 407 54.458858
304 465 14.981774
850 464 37.751296
103 353 28.559304
1358 520 45.664433
208 351 15.036529
271 409 76.590105
1612 301 153.085969
54 300 24.841959
484 1893 88.899502
303 467 11.591100
1894 577 171.512626
1245 521 46.352061
1155 1836 64.111709
742 937 146.036907
405 466 22.327280
690 522 9.870972
104 881 99.782400
1211 1729 91.522471
1634 410 79.880423
86 463 64.451248
769 1837 60.876167
2029 406 88.158950
154 253 67.504535
956 1261 160.140562
251 354 24.684731
2304 576 111.764253
1888 1892 20.128852
1078 523 41.743941
578 519 13.817752
260 1781 143.149248
798 2147 128.186703
2180 2141 3.488156
104 302 21.674589
208 299 9.198435
52 411 47.597020
496 632 112.213372
1505 1206 122.704736
489 993 26.799535
433 350 96.265242
1615 2142 40.627998
37 2180 158.482329
1414 579 50.793610
79 713 85.950122
1786 1786 0.000000
304 578 18.465427
575 1949 163.600124
249 1078 53.882923
1530 408 59.609398
599 352 102.298144
2304 407 120.923112
301 465 12.239086
519 464 4.265949
353 353 0.000000
192 520 88.893323
52 351 35.263765
136 409 23.406694
317 301 70.701262
171 300 10.560029
1951 1893 12.789340
468 467 5.047246
133 577 43.252872
522 521 5.275047
1780 1836 4.226715
994 937 4.207238
136 466 27.587800
579 522 4.226579
1048 881 8.891869
1728 1729 5.651742
2320 410 134.504906
914 463 29.846796
1513 1837 70.228661
538 406 91.043247
191 253 71.050765
845 1261 152.461377
14 354 52.630113
375 576 101.916903
1672 1892 25.229182
1314 523 58.450883
466 519 13.330625
956 1781 103.877722
2146 2147 5.017187
41 2141 135.280353
168 302 27.007021
210 299 8.645068
409 411 9.574076
573 632 19.700172
519 1206 94.196097
1160 993 8.815758
407 350 10.143846
2214 2142 12.763262
2181 2180 5.060073
690 579 8.393139
229 713 30.977749
255 1786 149.295444
1894 578 173.341113
2005 1949 7.237016
1079 1078 6.399766
251 408 21.861872
2304 352 124.562701
1303 407 47.275302
827 465 124.410062
1809 464 70.091178
1921 353 83.711514
970 520 26.585232
974 351 55.425558
919 409 41.484706
54 301 25.783580
144 300 49.921294
1998 1893 27.931520
348 467 36.934474
484 577 96.038949
1715 521 125.818167
1604 1836 46.308174
1242 937 156.206911
1023 466 34.702669
1724 522 167.329507
1242 881 157.977818
749 1729 173.955709
1772 410 126.311516
1314 463 80.939561
1829 1837 41.717738
1981 406 92.957914
61 253 47.196974
1874 1261 34.360916
1088 354 54.802387
1467 576 54.843500
1474 1892 126.601728
249 523 47.740491
297 519 25.204821
1242 1781 125.219679
1254 2147 121.157457
1859 2141 88.524805
1591 302 76.824247
1081 299 48.910472
1774 411 131.020572
1609 632 161.589592
1455 1206 154.737177
855 993 150.528398
1101 350 125.512120
1670 2142 34.354373
993 2180 67.792852
1464 579 81.457599
937 713 11.412102
1407 1786 81.565683
911 578 25.091664
1580 1949 110.542623
797 1078 16.861477
2336 408 123.037258
2305 352 121.430235
300 407 8.318268
2269 465 126.606559
692 464 25.229113
774 353 114.634481
13 520 60.429565
2077 351 94.723468
413 409 19.093872
211 301 7.187794
117 300 65.145103
1837 1893 4.266189
354 467 9.294308
115 577 70.485253
523 521 10.543859
309 1836 137.621455
882 937 4.202183
355 466 8.256445
880 522 117.274756
2247 881 80.783456
2337 1729 70.082173
2218 410 158.786038
1413 463 50.046742
309 1837 141.834785
253 406 10.787354
209 253 6.109493
1427 1261 13.863504
2234 354 108.508987
375 576 101.916903
273 1892 91.658561
1464 523 85.146570
577 519 8.696666
1604 1781 49.056979
1728 2147 28.198096
2100 2141 10.358675
43 302 53.770591
405 299 7.233738
864 411 37.318494
576 632 4.203714
2303 1206 103.523308
1160 993 8.815758
407 350 10.143846
3 2142 148.567190
2179 2180 5.060070
1187 579 55.415516
601 713 6.044202
1080 1786 137.854729
65 578 75.747107
154 1949 101.568417
2007 1078 126.058690
2269 408 130.889657
1527 352 62.051249
93 407 70.372615
1627 465 101.251724
1254 464 54.279312
1076 353 46.337265
318 520 82.606535
2347 351 132.219475
460 409 27.113879
496 301 91.829172
375 300 87.495855
1780 1893 8.487975
1085 467 35.885700
1627 577 98.939520
308 521 33.280340
430 1836 82.713656
1214 937 26.250913
114 466 57.542174
353 522 13.796932
1865 881 146.475690
819 1729 97.819349
1721 410 150.741186
144 463 57.064808
1550 1837 45.086467
375 406 94.584929
358 253 31.555874
781 1261 148.557217
2167 354 103.736755
800 576 12.116901
1611 1892 16.091809
167 523 50.769865
1076 519 34.360912
44 1781 106.566849
1675 2147 31.310163
175 2141 154.041265
1135 302 47.488567
1143 299 69.674334
686 411 33.390154
1425 632 68.373447
814 1206 19.589891
2127 993 114.689164
278 350 83.555388
186 2142 115.913572
993 2180 67.792852
774 579 128.569624
52 713 80.452490
329 1786 79.201815
1859 578 77.177340
1614 1949 20.150620
539 1078 121.007798
82 408 38.190517
188 352 76.495242
2257 407 116.023539
217 465 36.321197
1638 464 61.311876
186 353 70.510503
1133 520 38.322381
96 351 56.990296
52 409 43.895187
1410 301 66.964469
2025 300 95.281129
308 1893 146.606857
460 467 34.980300
991 577 125.755592
1412 521 55.019742
2050 1836 24.564166
1110 937 29.853906
686 466 25.229082
1303 522 44.220919
2322 881 115.565707
1437 1729 75.141033
1083 410 36.793877
79 463 32.738264
319 1837 97.143135
321 406 89.371006
351 253 7.147642
1345 1261 165.951263
353 354 4.855562
94 576 78.936269
1334 1892 32.194702
967 523 33.416360
908 519 29.257318
144 1781 123.925574
1848 2147 36.374967
1 2141 143.842875
57 302 26.794563
96 299 51.537839
489 411 95.582438
2168 632 91.898248
584 1206 50.186090
227 993 47.913759
55 350 28.367324
1392 2142 53.572263
67 2180 130.895014
406 579 25.190013
75 713 84.581479
1673 1786 8.392976
217 578 37.902255
407 1949 170.425902
318 1078 113.422760
626 408 33.912191
118 352 69.386078
193 407 80.365017
520 465 4.266439
353 464 7.922625
171 353 15.929005
44 520 70.567958
135 351 18.316212
2247 409 153.811801
1088 301 64.246881
252 300 6.088260
2055 1893 11.893830
521 467 8.452996
271 577 86.576587
1414 521 49.340081
1838 1836 10.544672
11 937 81.290427
466 466 0.000001
521 522 5.275047
880 881 6.243447
1842 1729 8.426553
208 410 30.660799
747 463 29.382888
1626 1837 72.383096
1809 406 74.876495
135 253 11.621754
366 1261 47.638106
2079 354 94.496009
195 576 86.937040
1841 1892 28.433153
1357 523 58.398948
351 519 11.592346
1121 1781 80.538124
2276 2147 14.733028
280 2141 109.844302
542 302 90.174364
251 299 6.442551
257 411 10.816146
520 632 6.412995
2187 1206 111.000687
1046 993 16.189663
208 350 12.367095
2100 2142 5.727141
2141 2180 3.488156
522 579 4.226579
826 713 8.379380
123 1786 95.096893
991 578 121.421796
2218 1949 21.465415
1077 1078 6.398741
658 408 111.186398
543 352 98.396273
1247 407 44.635287
991 465 121.283898
604 464 113.248744
1972 353 90.510686
1027 520 30.444457
1085 351 55.678278
1085 409 42.947055
2257 301 123.135059
439 300 89.169320
1220 1893 36.001261
329 467 96.303073
889 577 128.366696
1256 521 54.267287
864 1836 130.813531
864 937 104.850321
1027 466 30.588335
1774 522 134.735999
864 881 100.931729
1278 1729 29.357478
706 410 84.224992
1357 463 47.981358
1943 1837 30.775161
258 406 29.867364
412 253 27.395659
1792 1261 141.822308
1256 354 59.836379
1609 576 163.012583
1461 1892 96.000494
318 523 71.895778
303 519 18.725085
864 1781 133.917298
1478 2147 110.115269
256 2141 160.561258
180 302 44.216342
910 299 35.395285
1306 411 47.638047
1467 632 54.327125
1343 1206 157.870918
1889 993 46.460195
1859 350 81.101800
1218 2142 53.485146
935 2180 71.111933
1729 579 165.746197
881 713 9.142919
1041 1786 106.537304
910 578 29.526922
1357 1949 123.396200
686 1078 20.148549
12 408 48.784679
352 352 0.000000
408 407 4.790040
2305 465 115.858564
1583 464 58.032528
547 353 102.335541
54 520 40.396554
2325 351 123.561173
1473 409 55.663348
136 301 14.320235
192 300 73.718665
2004 1893 8.082742
411 467 4.330109
1977 577 73.457797
464 521 8.452996
319 1836 94.012495
936 937 6.310784
212 466 17.973597
1112 522 141.345826
2234 881 125.106309
1673 1729 4.192133
656 410 102.499154
1246 463 41.405195
319 1837 97.143135
2249 406 150.671041
1805 253 84.670265
1598 1261 18.031914
2247 354 156.950161
2288 576 103.002122
1835 1892 4.266242
1637 523 67.942125
462 519 8.452996
1377 1781 70.653943
1304 2147 112.607522
2139 2141 10.012992
64 302 57.381106
1861 299 83.885655
1604 411 118.789036
743 632 8.377487
299 1206 102.892471
712 993 14.512405
518 350 11.750079
2274 2142 13.818330
2141 2180 3.488156
1304 579 40.098844
657 713 4.188060
1950 1786 20.642745
322 578 93.650543
2144 1949 14.282001
409 1078 40.197705
103 408 31.344659
852 352 33.355417
2284 407 114.105320
1792 465 123.039648
1604 464 136.028755
689 353 20.131668
2220 520 144.674178
7 351 47.780484
1632 409 83.530151
774 301 110.292977
2288 300 121.403613
2079 1893 92.501146
974 467 33.880481
1120 577 104.837896
384 521 101.326485
79 1836 144.825863
933 937 25.235678
1691 466 76.323650
658 522 113.831485
493 881 33.524264
1414 1729 121.311903
1634 410 79.880423
2248 463 150.862747
748 1837 159.047340
2288 406 114.435977
77 253 18.071452
929 1261 30.422696
942 354 123.414822
1246 576 36.428983
1669 1892 13.971542
2053 523 157.307550
636 519 27.977398
1782 1781 5.474808
1335 2147 49.792379
1969 2141 79.938550
636 302 27.113602
1518 299 76.547090
1744 411 95.795929
1233 632 99.775690
1285 1206 149.965662
1694 993 161.776193
54 350 27.902691
352 2142 168.731819
935 2180 71.111933
2302 579 126.735691
94 713 53.456502
2278 1786 39.308137
831 578 130.929778
1946 1949 14.344449
831 1078 141.308975
61 408 53.337802
232 352 81.959613
54 407 32.640965
83 465 45.324974
1473 464 52.368454
486 353 92.011652
1189 520 39.230955
770 351 115.006863
2334 409 132.331490
1942 301 155.464878
2257 300 121.293637
384 1893 82.639892
1632 467 87.590113
212 577 24.606752
1076 521 41.743955
2100 1836 17.935892
1948 937 55.689996
515 466 33.455474
1247 522 43.104178
150 881 47.808889
1883 1729 75.163023
1695 410 70.338796
430 463 97.991195
309 1837 141.834785
89 406 70.372651
298 253 10.298502
1121 1261 175.786012
658 354 105.821968
52 576 50.781191
1439 1892 37.510250
1358 523 54.493482
1471 519 48.719558
258 1781 151.928847
180 2147 155.346710
2142 2141 5.017190
279 302 81.718548
770 299 111.413027
133 411 41.833356
2302 632 119.154895
366 1206 44.635303
135 993 108.765227
2323 350 122.150007
2094 2142 23.973155
29 2180 138.354268
1527 579 52.805526
105 713 90.864594
5 1786 119.523816
691 578 8.393139
655 1949 77.500437
1866 1078 47.031655
1054 408 131.290067
150 352 71.051678
52 407 40.292607
302 465 10.794597
300 464 12.620906
136 353 18.784386
2285 520 106.098872
133 351 25.018281
2336 409 123.600014
1256 301 69.033590
299 300 4.915060
1839 1893 13.330668
579 467 6.658498
135 577 35.183169
520 521 5.275047
1947 1836 8.588863
275 937 38.056318
467 466 5.048038
355 522 10.730116
1105 881 11.044704
1616 1729 8.377330
770 410 113.130098
1304 463 44.619806
1482 1837 108.976208
298 406 12.426220
152 253 67.609649
1195 1261 64.411232
354 354 0.000000
2288 576 103.002122
1216 1892 42.586839
410 523 8.589139
517 519 10.543876
1345 1781 74.785407
2104 2147 4.381026
325 2141 101.758284
2127 302 105.731832
208 299 9.198435
524 411 8.589602
631 632 5.651747
259 1206 69.209827
823 993 12.604102
462 350 7.644998
2275 2142 15.863753
2140 2180 5.700554
633 579 8.920584
602 713 8.377859
38 1786 134.928167
943 578 136.439839
1838 1949 8.589271
1301 1078 12.675112
601 408 107.528732
94 352 65.011028
690 407 21.119491
212 465 17.973597
2193 464 112.572080
114 353 54.880290
1579 520 63.861549
988 351 114.454087
988 409 105.165456
278 301 81.718548
258 300 25.943618
1274 1893 35.886306
467 467 0.000001
1043 577 111.117778
1535 521 63.153724
921 1836 126.675566
1377 937 55.626528
970 466 27.417371
1476 522 49.478054
1377 881 53.844355
1552 1729 55.960714
1758 410 74.153853
968 463 28.598206
1299 1837 125.751891
175 406 31.094045
549 253 94.789207
1513 1261 157.933008
317 354 67.046614
1416 576 42.680398
1658 1892 55.027673
184 523 64.328692
876 519 113.269551
1377 1781 70.653943
1604 2147 68.751999
1468 2141 109.783308
1546 302 117.470621
1417 299 64.316758
1891 411 157.672553
972 632 29.720575
1287 1206 161.976708
1222 993 33.871597
1155 350 123.395037
1278 2142 54.221693
630 2180 148.364227
1419 579 42.680393
995 713 16.941385
1408 1786 86.968079
799 578 21.147265
1662 1949 42.738714
966 1078 5.515603
136 408 22.079252
64 352 62.226867
2077 407 90.855313
43 465 64.141126
636 464 25.946046
249 353 30.414606
44 520 70.567958
2347 351 132.219475
1577 409 79.372213
353 301 5.455443
44 300 57.416737
1836 1893 4.266679
409 467 8.192302
1970 577 82.864278
579 521 8.696683
132 1836 136.088377
1049 937 5.515603
520 466 8.452964
400 522 49.733261
376 881 28.174710
66 1729 102.556474
166 410 47.208124
1245 463 42.666272
132 1837 133.215697
2323 406 118.770475
136 253 10.468700
1765 1261 26.296060
2306 354 120.862548
195 576 86.937040
1837 1892 8.453084
1166 523 144.636113
689 519 12.607861
1254 1781 134.067745
1305 2147 114.567029
2096 2141 9.914524
2305 302 126.229085
1694 299 74.486732
921 411 41.484720
745 632 8.378090
87 1206 72.880766
823 993 12.604102
462 350 7.644998
2215 2142 8.598993
2142 2180 6.129459
860 579 17.359373
658 713 4.188064
1417 1786 129.206483
2323 578 110.600855
1949 1949 0.000000
297 1078 47.376880
43 408 61.233452
459 352 23.092663
14 407 57.426301
1064 465 99.060460
864 464 52.237779
1472 353 59.356558
345 520 41.891668
2077 351 94.723468
596 409 91.790567
2283 301 124.051785
195 300 68.193435
1779 1893 12.451131
471 467 20.128865
922 577 55.605459
2126 521 89.606600
105 1836 147.903372
822 937 19.541591
2264 466 105.736447
1973 522 82.127196
2236 881 116.861014
459 1729 123.991104
683 410 42.739314
1046 463 128.702476
877 1837 71.023792
2269 406 135.289142
771 253 107.918692
809 1261 37.845350
1217 354 129.550719
855 576 15.268501
1833 1892 13.330904
85 523 52.076854
1471 519 48.719558
278 1781 80.623722
1048 2147 78.124563
403 2141 163.872130
692 302 28.252701
1814 299 94.395087
515 411 40.329783
1427 632 78.790661
1321 1206 19.957731
2205 993 106.429321
2257 350 116.316659
2269 2142 33.016347
1411 2180 108.887704
184 579 68.551849
193 713 42.255652
1786 1786 0.000000
539 578 88.010642
1776 1949 29.885501
1859 1078 44.220626
653 408 99.382855
11 352 41.227906
278 407 88.802412
464 465 5.048038
413 464 27.113895
64 353 61.100745
967 520 24.576582
2320 351 132.157138
94 409 70.372613
966 301 38.637368
325 300 85.519767
2126 1893 86.462141
596 467 88.251825
827 577 130.929759
968 521 24.576792
539 1836 87.774483
1525 937 174.378608
1696 466 64.755870
745 522 13.666887
2273 881 83.624474
1243 1729 108.267365
1721 410 150.741186
328 463 94.789048
132 1837 133.215697
378 406 96.379401
406 253 10.787354
1541 1261 14.351367
601 354 102.015308
2334 576 120.679728
1075 1892 138.004106
523 523 0.000000
1583 519 54.406698
1046 1781 54.381239
1183 2147 89.282632
2099 2141 6.109793
118 302 64.460361
34 299 29.991043
434 411 93.709988
913 632 14.964026
679 1206 141.680205
271 993 46.814013
2249 350 151.784104
1576 2142 96.175494
93 2180 128.979358
459 579 42.151888
31 713 66.388526
1729 1786 4.204117
464 578 12.450611
2143 1949 15.426173
184 1078 104.914289
1103 408 125.131218
2229 352 112.702754
543 407 101.916802
352 465 9.775229
577 464 8.487599
211 353 10.910942
27 520 67.235072
227 351 78.181834
2118 409 101.419856
1779 301 162.179929
136 300 14.022306
1837 1893 4.266189
356 467 8.442195
489 577 110.275037
464 521 8.452996
1724 1836 6.413001
7 937 76.883273
465 466 5.047229
464 522 13.331405
992 881 8.408928
1562 1729 9.433607
2258 410 117.841451
860 463 37.751326
1792 1837 55.469968
111 406 48.623148
3 253 34.951474
481 1261 47.031223
37 354 31.404680
64 576 75.381289
1274 1892 33.932944
1246 523 50.109482
576 519 4.226545
1119 1781 69.864273
2184 2147 8.444599
2142 2141 5.017190
2205 302 114.927137
171 299 11.684458
256 411 11.686882
629 632 16.939821
257 1206 77.955691
1050 993 9.959829
210 350 11.758919
2144 2142 10.012995
2245 2180 9.406869
745 579 12.572668
545 713 9.629500
328 1786 80.891744
827 578 129.402546
2053 1949 10.681553
1133 1078 9.998835
1973 408 85.414708
193 352 76.921511
1191 407 41.810301
943 465 128.530493
111 464 47.846003
148 353 63.302108
681 520 42.355986
2052 351 176.406286
471 409 27.113879
325 301 85.276202
175 300 25.744679
1275 1893 33.933042
1358 467 55.269219
384 577 103.732233
1369 521 62.638679
865 1836 125.567952
921 937 102.627096
1219 466 140.346819
1885 522 131.720396
921 881 98.813684
1609 1729 46.501997
1461 410 96.784827
912 463 25.127521
1443 1837 25.583952
439 406 95.717733
465 253 17.790123
1626 1261 151.440602
1535 354 70.459055
972 576 33.729626
1563 1892 43.120674
2220 523 150.275184
1896 519 156.610544
921 1781 129.833597
921 2147 134.644420
831 2141 80.022267
842 302 79.258573
859 299 45.310252
1885 411 129.547100
917 632 30.586329
1426 1206 23.793614
1840 993 62.639139
2100 350 167.495737
941 2142 68.730162
1411 2180 108.887704
1551 579 132.480284
713 713 0.000000
932 1786 93.031802
1022 578 33.442702
635 1949 163.028904
1021 1078 9.959895
2074 408 93.970697
103 352 26.255639
7 407 51.978661
2288 465 108.912709
1076 464 38.626602
2302 353 135.359752
27 520 67.235072
275 351 85.310931
850 409 45.928771
209 301 11.849108
27 300 53.996670
1892 1893 5.048002
578 467 8.487599
56 577 41.835691
465 521 4.265960
177 1836 139.977657
880 937 9.822692
302 466 11.894463
2205 522 99.018320
2306 881 120.523340
1728 1729 5.651742
185 410 65.971775
1525 463 55.590407
177 1837 143.050325
274 406 88.267758
252 253 4.969008
1652 1261 21.950187
234 354 81.900131
64 576 75.381289
2002 1892 7.429757
1941 523 130.266940
630 519 8.426564
1320 1781 80.257370
1789 2147 28.630248
2178 2141 11.401794
92 302 64.521473
135 299 14.022306
1033 411 45.822186
744 632 6.044202
330 1206 109.422699
1046 993 16.189663
252 350 7.147642
324 2142 101.758284
2296 2180 13.748070
1305 579 38.177828
545 713 9.629500
2034 1786 102.964699
433 578 104.015898
2143 1949 15.426173
876 1078 134.285594
486 408 95.582539
693 352 34.200482
151 407 76.603039
1120 465 103.274523
1478 464 63.322938
908 353 40.641725
184 520 73.446412
36 351 31.323342
2007 409 163.371811
249 301 25.123793
64 300 59.583037
1781 1893 6.658992
988 467 99.688332
1064 577 100.653463
2223 521 133.215606
2073 1836 90.584577
1524 937 171.601158
654 466 100.201406
601 522 109.810665
548 881 25.092034
1527 1729 121.519074
1083 410 36.793877
439 463 99.932133
1675 1837 31.830792
195 406 74.577140
2276 253 156.976867
1984 1261 46.232255
2155 354 122.811506
1024 576 23.374899
1893 1892 5.048002
357 523 12.886436
692 519 26.639002
27 1781 109.850254
709 2147 102.280790
258 2141 151.557450
1472 302 63.024851
1255 299 74.011688
405 411 28.502305
1537 632 71.804088
1341 1206 146.127927
542 993 29.469619
192 350 76.142689
2119 2142 70.452510
1784 2180 40.160442
318 579 76.097334
543 713 16.987683
1673 1786 8.392976
256 578 21.100662
2001 1949 14.214657
256 1078 51.541934
549 408 106.541864
275 352 84.719270
27 407 60.844084
202 465 57.429915
1613 464 162.120261
43 353 57.489754
854 520 21.566673
2258 351 115.165698
193 409 81.801669
1839 301 157.307460
278 300 81.082945
889 1893 57.327554
540 467 84.070207
943 577 134.731552
910 521 29.257318
831 1836 54.616729
1950 937 60.490168
1744 466 87.749267
1243 522 58.734811
2229 881 128.433800
638 1729 174.347384
582 410 20.642802
75 463 39.102709
1862 1837 108.007527
30 406 56.996968
1358 253 60.895140
1119 1261 163.739274
1973 354 90.628755
193 576 90.890842
1186 1892 129.829221
1136 523 38.322381
1139 519 38.322381
175 1781 147.179480
1368 2147 114.537812
2181 2141 6.129462
2229 302 118.007231
2258 299 117.496047
122 411 75.011292
571 632 30.645922
1195 1206 67.527039
52 993 94.959667
322 350 88.289135
1019 2142 128.594278
14 2180 139.651045
1924 579 70.091589
2321 713 119.960564
1785 1786 5.475667
83 578 49.269691
596 1949 88.209234
2220 1078 112.986065
1892 408 175.670199
2273 352 154.025963
47 407 62.422188
406 465 12.790285
518 464 8.452980
1860 353 83.913221
278 520 96.081919
122 351 69.772193
121 409 75.074268
1535 301 79.070517
211 300 9.198435
2101 1893 14.356972
465 467 10.089157
487 577 105.712189
465 521 4.265960
1891 1836 8.452642
826 937 8.398441
2247 466 149.736018
520 522 10.544649
769 881 5.697098
1617 1729 6.043993
34 410 43.298742
1187 463 43.483523
1064 1837 77.561350
521 406 16.603768
351 253 7.147642
368 1261 50.443449
410 354 4.976114
2269 576 122.744935
1220 1892 35.517586
578 523 8.696666
404 519 16.603783
1836 1781 4.227246
2277 2147 13.818330
54 2141 162.763410
400 302 37.824740
170 299 10.560029
353 411 13.528062
404 632 24.772688
1894 1206 98.341704
712 993 14.512405
251 350 9.168636
2218 2142 13.714806
2142 2180 6.129459
580 579 5.474820
546 713 9.629501
79 1786 138.469241
386 578 101.916707
1950 1949 4.790798
966 1078 5.515603
545 408 103.732327
489 352 98.767476
349 407 14.902768
429 465 90.076428
2187 464 141.066995
49 353 53.659401
1219 520 146.652410
2146 351 154.664583
2052 409 165.045147
44 301 56.937657
2248 300 160.841873
1216 1893 46.076530
522 467 4.265980
2126 577 87.114820
317 521 75.369650
1254 1836 129.889850
865 937 98.911732
681 466 49.997359
1327 522 128.525167
1254 881 121.835177
915 1729 159.076010
810 410 46.331485
799 463 18.775399
1718 1837 38.520865
1914 406 84.282344
605 253 97.398871
1627 1261 149.432692
1369 354 67.892943
1666 576 167.118707
810 1892 121.844102
547 523 108.210919
883 519 131.280322
865 1781 128.465490
1734 2147 35.281804
1101 2141 62.992731
1667 302 154.464425
1948 299 164.389087
1476 411 55.663350
749 632 29.562093
956 1206 162.049398
1213 993 27.881894
539 350 94.248485
1801 2142 86.936968
462 2180 158.439358
1637 579 63.718055
1107 713 21.776605
1099 1786 96.904611
1246 578 42.126525
1409 1949 109.221607
1133 1078 9.998835
157 408 75.852447
2269 352 136.028673
253 407 11.404114
64 465 67.703908
908 464 33.423271
571 353 31.450836
278 520 96.081919
300 351 3.594020
999 409 129.201524
252 301 10.298502
2285 300 119.165684
1782 1893 8.487458
303 467 11.591100
138 577 31.931520
1358 521 48.027452
1836 1836 0.000000
769 937 9.038126
579 466 8.487599
360 522 29.775539
824 881 4.196934
1730 1729 5.652610
158 410 76.365595
1188 463 41.004521
1862 1837 108.007527
233 406 84.437868
254 253 4.968995
1039 1261 16.860274
2262 354 111.954057
327 576 102.860351
1894 1892 10.089094
1729 523 167.330201
742 519 13.666902
1208 1781 83.095985
1559 2147 38.862932
2144 2141 14.965776
103 302 26.032341
404 299 8.318268
865 411 41.502868
1358 632 39.800055
2250 1206 99.714110
822 993 17.780592
253 350 8.676546
2246 2142 11.570392
2245 2180 9.406869
796 579 42.055750
770 713 4.188687
909 1786 124.393730
2249 578 144.930049
2100 1949 12.790477
2083 1078 71.305519
64 408 64.844491
1895 352 162.338216
67 407 67.945346
1482 465 75.023178
921 464 56.412448
692 353 26.346024
2182 520 155.269948
1246 351 48.273260
1896 409 167.210595
184 301 63.386119
327 300 84.783056
37 1893 141.114285
1517 467 97.740114
1482 577 71.611572
889 521 126.893225
31 1836 117.944245
1473 937 157.854866
2101 466 165.207876
545 522 105.712121
382 881 41.485089
2035 1729 105.486346
1640 410 65.298012
258 463 30.145144
709 1837 75.202891
64 406 66.766270
524 253 31.960498
1237 1261 156.078332
141 354 27.493093
742 576 12.572655
1839 1892 18.344110
282 523 95.273281
907 519 33.524560
1837 1781 4.226710
973 2147 134.877451
439 2141 99.336698
1076 302 49.756719
1281 299 118.296504
1696 411 70.338796
1006 632 110.668295
1200 1206 35.448609
400 993 123.396200
44 350 61.260289
486 2142 93.803605
630 2180 148.364227
249 579 48.033042
47 713 57.146385
1955 1786 12.797687
2138 578 133.792807
1165 1949 41.809995
2050 1078 134.737486
605 408 109.502076
2347 352 131.558127
44 407 64.241660
2242 465 129.590917
1577 464 71.504938
2269 353 133.695928
1078 520 31.694499
34 351 34.648901
47 409 63.917708
1354 301 65.757818
27 300 53.996670
2219 1893 27.587508
1896 467 174.952785
2253 577 128.893278
1188 521 45.983571
1859 1836 104.105897
909 937 155.040799
305 466 15.524772
461 522 28.433950
118 881 49.794968
1677 1729 20.265588
1165 410 137.788432
31 463 56.842369
177 1837 143.050325
323 406 91.903481
1302 253 58.051186
1997 1261 62.798342
1977 354 87.269281
47 576 72.934844
1449 1892 37.510453
66 523 73.353346
692 519 26.639002
403 1781 150.114523
1452 2147 43.823375
1999 2141 11.267714
377 302 87.122031
2164 299 107.377448
271 411 70.783835
249 632 40.716568
890 1206 128.040372
487 993 28.067811
274 350 85.276233
1660 2142 43.623929
2284 2180 49.981413
1895 579 173.341113
2335 713 119.688700
1730 1786 4.203551
202 578 65.915509
409 1949 179.999697
496 1078 125.751331
1588 408 64.721562
2308 352 119.230965
1918 407 80.538057
351 465 13.775458
575 464 8.487088
300 353 9.862621
2343 520 128.838104
487 351 97.783494
157 409 76.935364
1369 301 77.184487
407 300 8.318268
2054 1893 10.793903
78 467 34.199972
2027 577 78.362257
523 521 10.543859
1779 1836 8.696283
770 937 9.038128
522 466 4.266439
468 522 8.452287
90 881 52.669396
1784 1729 8.920508
2246 410 148.654883
849 463 37.751998
1874 1837 91.820941
991 406 125.896293
104 253 14.806747
679 1261 140.744573
91 354 67.279429
2305 576 108.233258
1275 1892 32.911894
635 523 6.412995
1358 519 44.017654
1669 1781 6.210998
2299 2147 17.236195
13 2141 138.012962
360 302 31.607555
254 299 10.701484
413 411 9.574092
632 632 0.000001
111 1206 70.540139
822 993 17.780592
518 350 11.750079
2316 2142 20.657010
2296 2180 13.748070
521 579 8.696683
824 713 8.379376
23 1786 130.682858
551 578 116.531199
2006 1949 11.824434
1358 1078 14.048764
1977 408 83.821677
227 352 76.423450
1778 407 167.201599
551 465 109.144827
521 464 8.452996
196 353 72.730077
569 520 40.080705
471 351 40.367248
2146 409 161.575987
27 301 53.543020
403 300 15.610742
1078 1893 144.113576
1469 467 63.322938
2223 577 129.019340
1681 521 116.753763
1033 1836 123.480122
1254 937 125.204532
1890 466 159.871178
1617 522 159.048267
865 881 95.041302
1267 1729 87.400404
1563 410 146.852777
742 463 16.091850
968 1837 155.423118
1864 406 77.561691
1049 253 121.622643
1421 1261 51.139307
1421 354 60.426276
917 576 34.386917
1451 1892 46.626763
496 523 110.041690
2007 519 151.253631
1254 1781 134.067745
864 2147 138.207617
1156 2141 61.386719
1769 302 121.660521
1297 299 58.754758
1982 411 85.414894
1416 632 39.417910
1264 1206 16.260374
1135 993 163.142596
831 350 108.677793
1552 2142 38.862958
1360 2180 110.729867
1941 579 131.020335
1778 713 54.068426
1352 1786 85.708570
1357 578 50.279622
878 1949 71.115837
852 1078 16.813265
490 408 102.438451
486 352 94.376411
462 407 8.192302
195 465 82.231850
1472 464 52.020602
345 353 38.057863
192 520 88.893323
407 351 5.761779
1613 409 160.582703
78 301 20.890445
2233 300 112.534463
1895 1893 10.089094
635 467 10.168487
140 577 37.166254
634 521 8.426540
1581 1836 121.624355
992 937 9.901143
406 466 17.539806
986 522 93.119338
2336 881 113.693740
1842 1729 8.426553
2239 410 113.722266
1357 463 47.981358
238 1837 93.759462
65 406 68.066562
299 253 6.088260
1538 1261 21.930991
2336 354 127.369480
43 576 71.766415
2004 1892 11.099032
1551 523 129.658106
407 519 6.960402
864 1781 133.917298
2154 2147 33.893359
2051 2141 7.072593
2269 302 136.356228
301 299 9.818059
1254 411 46.869288
854 632 16.741660
63 1206 77.273598
1050 993 9.959829
209 350 10.666103
2144 2142 10.012995
2140 2180 5.700554
627 579 41.533703
489 713 12.457198
737 1786 109.357584
274 578 92.905880
2005 1949 7.237016
354 1078 43.961988
327 408 92.737114
1924 352 87.448016
29 407 60.600609
1874 465 92.406003
1377 464 114.390844
1745 353 84.986437
496 520 106.274592
968 351 36.112507
2006 409 168.175687
547 301 99.262860
2269 300 141.396008
1949 1893 4.329543
1676 467 150.010653
1626 577 104.106198
1043 521 107.459274
2321 1836 60.123182
999 937 34.952535
2124 466 90.863148
22 522 45.562893
166 881 100.329416
2192 1729 54.115915
1130 410 62.446820
403 463 17.539790
463 1837 166.669375
327 406 91.841448
494 253 89.925014
816 1261 29.165546
2070 354 110.315378
1135 576 29.487456
1556 1892 18.775989
2275 523 144.300878
625 519 33.248524
54 1781 135.884628
877 2147 96.825952
1981 2141 72.458738
908 302 43.773124
2095 299 163.965062
302 411 13.668558
1008 632 99.956661
753 1206 37.798445
360 993 96.344246
27 350 57.849696
375 2142 99.439035
1897 2180 37.865147
345 579 54.865078
489 713 12.457198
1785 1786 5.475667
2050 578 147.325912
1448 1949 31.310781
333 1078 109.049484
710 408 106.549029
1358 352 54.463781
192 407 81.494420
691 465 16.845631
933 464 117.191038
2338 353 126.398391
1023 520 28.067591
2307 351 118.739313
227 409 75.800710
1415 301 60.032052
44 300 57.416737
2223 1893 45.432091
2007 467 168.042597
429 577 95.327260
912 521 22.802884
256 1836 160.144441
910 937 155.040848
302 466 11.894463
1307 522 40.767606
228 881 40.388950
1733 1729 22.568565
683 410 42.739314
2321 463 121.244070
2243 1837 49.509578
2344 406 129.306217
301 253 5.744198
1206 1261 4.214271
545 354 98.096209
543 576 109.878630
820 1892 71.056795
1191 523 42.321055
907 519 33.524560
2248 1781 34.856004
1089 2147 125.778312
2216 2141 8.598995
354 302 5.167215
2320 299 134.046281
135 411 31.854563
345 632 45.519997
481 1206 43.104180
434 993 30.588263
65 350 64.669473
1799 2142 82.755493
2180 2180 0.000000
819 579 94.377482
2073 713 150.654920
1728 1786 8.920508
2242 578 121.216833
354 1949 176.154814
547 1078 142.820218
1893 408 175.669781
301 352 3.636367
489 407 102.438368
212 465 17.973597
462 464 10.089140
1805 353 79.989928
2233 520 97.871013
2274 351 155.515517
2234 409 104.925829
1421 301 68.258906
353 300 9.862621
1782 1893 8.487458
304 467 10.849517
2304 577 113.260382
1301 521 47.031104
11 1836 128.838151
1050 937 8.418396
521 466 4.265960
1636 522 67.942640
882 881 6.243536
1840 1729 8.426008
355 410 3.975655
1305 463 46.189569
1535 1837 116.846209
355 406 20.440670
77 253 18.071452
1560 1261 114.975487
409 354 3.844900
186 576 84.551377
1358 1892 132.018493
1412 523 62.560232
465 519 8.452980
1837 1781 4.226710
2059 2147 8.155327
2216 2141 8.598995
1112 302 125.458263
407 299 11.826545
408 411 14.344578
517 632 17.588787
521 1206 83.679037
1217 993 10.942608
171 350 15.005395
1971 2142 80.561327
2098 2180 7.007229
1358 579 50.279647
712 713 5.943396
31 1786 109.524310
429 578 91.814592
1948 1949 4.790798
234 1078 118.077339
22 408 39.631529
2334 352 133.775736
1243 407 51.693778
2253 465 134.720227
355 464 15.364506
160 353 64.880991
1782 520 171.303309
1098 351 111.661333
1517 409 91.807398
192 301 74.456383
1046 300 120.891191
1841 1893 23.389437
521 467 8.452996
442 577 104.015749
1570 521 108.667700
1478 1836 120.929544
1033 937 103.991232
1782 466 173.341403
1982 522 80.203076
1320 881 61.483030
1154 1729 95.649973
1620 410 142.445541
1246 463 41.405195
1785 1837 19.061782
2156 406 107.541535
58 253 31.682408
1681 1261 149.000275
1570 354 111.590748
749 576 32.660247
706 1892 83.372469
774 523 124.911467
1632 519 71.407182
1320 1781 80.257370
1648 2147 100.042568
539 2141 94.208012
1881 302 125.923789
1867 299 90.802017
1617 411 157.796002
1666 632 165.358191
1150 1206 4.215870
1949 993 56.603639
693 350 43.469955
1467 2142 107.349161
525 2180 137.869185
1813 579 64.338258
1833 713 57.242696
1840 1786 8.696749
742 578 21.998080
1689 1949 95.968665
516 1078 31.694492
121 408 75.168828
92 352 67.902251
353 407 6.628541
45 465 68.296632
1745 464 77.282255
913 353 31.715773
577 520 4.227081
36 351 31.323342
602 409 107.528648
354 301 9.500375
351 300 3.594020
1839 1893 13.330668
577 467 12.450611
22 577 49.491745
1692 521 68.911319
1862 1836 109.271868
995 937 9.901239
465 466 5.047229
542 522 96.038851
993 881 5.560901
1784 1729 8.920508
1470 410 61.649627
575 463 6.658498
408 1837 171.410500
322 406 90.841698
1918 253 90.898067
1543 1261 16.861239
2118 354 105.239171
2305 576 108.233258
1782 1892 12.450850
1813 523 67.053872
800 519 15.639465
1033 1781 126.905744
914 2147 133.899690
2050 2141 8.155325
486 302 88.454083
1749 299 77.472778
1478 411 57.527260
520 632 6.412995
116 1206 71.590677
1217 993 10.942608
519 350 14.544204
2053 2142 8.155327
2217 2180 10.995060
1028 579 24.128883
546 713 9.629501
1110 1786 42.126998
233 578 95.705028
1838 1949 8.589271
887 1078 145.437795
375 408 91.487601
881 352 118.856514
91 407 71.717925
1626 465 106.054663
1033 464 59.868615
636 353 25.735172
547 520 112.946106
407 351 5.761779
297 409 29.448728
318 301 73.588657
43 300 55.912912
1667 1893 16.846048
1098 467 93.345173
1535 577 62.675513
442 521 102.142256
2335 1836 60.429751
1577 937 150.874142
49 466 62.373769
56 522 38.394881
163 881 88.534506
369 1729 117.600505
1475 410 55.663350
175 463 32.353218
512 1837 133.223011
2305 406 116.904135
110 253 34.473558
955 1261 166.136405
659 354 107.346110
969 576 22.452293
2003 1892 7.922613
169 523 40.720679
458 519 28.433211
1839 1781 13.817807
1550 2147 65.740599
260 2141 142.916404
1162 302 129.172238
1491 299 135.283491
1858 411 93.182689
1344 632 107.996420
1395 1206 136.226836
1804 993 155.871130
2343 350 137.255357
195 2142 117.951915
1360 2180 110.729867
571 579 43.381983
434 713 16.091750
1730 1786 4.203551
2252 578 136.127327
1494 1949 45.928334
693 1078 44.647429
1049 408 129.556693
351 352 4.855592
325 407 92.569712
2254 465 129.590960
1783 464 162.884195
2305 353 122.509921
1301 520 44.220554
2246 351 158.345080
543 409 97.135606
1189 301 50.592811
300 300 0.000001
134 1893 147.070929
876 467 96.000271
386 577 99.707114
1299 521 54.248048
2138 1836 38.452668
715 937 16.769720
1858 466 85.657323
1633 522 79.281143
2308 881 117.504531
1078 1729 131.629656
1130 410 62.446820
2073 463 90.084692
408 1837 171.410500
17 406 51.985798
1469 253 66.974401
1208 1261 16.260313
22 354 35.312358
227 576 88.377393
1939 1892 41.285067
522 523 5.274255
636 519 27.977398
823 1781 58.928720
1227 2147 53.783922
2140 2141 5.017190
254 302 5.412388
272 299 80.033241
2304 411 127.034829
821 632 117.375455
368 1206 46.869150
2304 993 111.101769
233 350 79.848876
961 2142 127.961577
91 2180 126.298310
1692 579 71.353558
430 713 24.948432
1617 1786 9.629299
2254 578 126.341270
460 1949 152.886099
774 1078 146.650944
acc0 47
acc1 204
acc2 379
acc3 547
acc4 668
acc5 758
acc6 833
acc7 915
acc8 995
acc9 1075
acc10 1151
acc11 1218
acc12 1307
acc13 1378
acc14 1451
