2281 2192 10.330193
2302 2113 22.248332
7 7 0.000000
725 2154 85.003106
11 17 16.689809
36 8 13.727589
2307 2226 26.343588
2226 2155 7.132507
1 1 0.000000
2 31 11.863877
1793 2067 22.939928
1479 1928 25.128202
2168 2168 0.000000
1705 1760 4.192126
1401 1457 4.201636
2332 18 162.636543
51 32 5.277873
10 2 6.223852
2083 2128 4.796082
144 2311 133.141478
1930 1872 8.453092
2226 2112 11.191176
95 2256 140.442120
762 1816 79.987555
1985 2290 28.233219
85 2327 144.288450
2305 2310 23.541731
2327 2339 3.442523
1908 1909 5.048011
2018 2018 0.000000
2338 2237 17.600136
2346 2351 3.818878
2266 2266 0.000000
2265 2265 0.000000
21 49 22.724055
1288 1345 4.211913
59 2326 150.543040
2252 71 136.532134
146 2291 131.474190
2333 2347 16.690386
2301 2254 8.569781
2349 2338 13.379999
2168 2204 3.944506
1788 2017 40.725002
2127 2205 9.582842
7 50 11.589528
2320 2191 17.082071
2327 2238 13.706940
50 2193 133.968274
6 16 4.623635
0 2192 152.688837
2302 2113 22.248332
81 7 26.666016
1876 2154 83.741936
60 17 29.665667
39 8 19.310684
2225 2226 5.097556
1680 2155 38.238178
2334 1 167.942149
17 31 3.442705
1876 2067 89.675666
1539 1928 29.284920
1876 2168 27.460580
1596 1760 23.946372
788 1457 38.283944
108 18 29.795154
1652 32 128.478707
9 2 3.818777
2266 2128 14.614559
180 2311 129.653940
980 1872 48.027538
1876 2112 87.447200
896 2256 83.661442
638 1816 60.722507
2311 2290 5.432144
2291 2327 6.838739
24 2310 151.514097
2341 2339 11.291754
1680 1909 29.989479
1680 2018 32.020198
2255 2237 46.037034
727 2351 114.865825
2339 2266 13.565668
727 2265 132.268828
103 49 26.067133
242 1345 60.827459
885 2326 114.294107
2238 71 172.230492
108 2291 138.703644
2302 2347 22.731853
1624 2254 44.098905
2304 2338 19.468648
1652 2204 41.893201
1232 2017 47.702700
2278 2205 50.570681
141 50 41.504149
1876 2191 81.398394
2349 2238 29.966697
57 2193 148.316354
101 16 25.493276
2325 2192 34.821674
1739 2113 24.569278
16 7 4.623635
148 2154 167.594222
2252 17 146.426680
55 8 16.501678
894 2226 83.080639
2043 2155 74.782924
7 1 3.818777
56 31 27.120702
2031 2067 60.082343
195 1928 159.616461
1984 2168 15.426170
1647 1760 8.377933
1569 1457 5.697001
161 18 21.251028
289 32 27.568998
14 2 13.038201
2035 2128 7.322422
2133 2311 19.380342
1483 1872 25.583760
2342 2112 37.689549
2227 2256 4.605345
370 1816 96.097913
2263 2290 13.383719
1092 2327 79.591561
2233 2310 19.268300
2302 2339 26.248282
896 1909 60.102040
1653 2018 105.686568
2287 2237 16.778755
2345 2351 6.223921
2289 2266 7.546801
307 2265 115.484847
2350 49 161.079465
1623 1345 16.941686
2154 2326 42.647127
11 71 26.666017
590 2291 99.750391
17 2347 176.483389
2253 2254 5.129572
2335 2338 14.159366
2289 2204 10.330194
16 2017 131.172007
2129 2205 7.430828
16 50 13.496952
125 2191 126.918785
697 2238 88.416693
2114 2193 7.061581
25 16 18.190942
2105 2192 33.885193
2327 2113 48.350571
1899 7 121.647006
1596 2154 99.827354
2311 17 173.136154
2187 8 144.739788
23 2226 159.265559
1652 2155 94.247824
839 1 70.920267
2333 31 156.577765
1596 2067 105.674807
1428 1928 33.423620
1596 2168 42.255503
1876 1760 21.122815
1800 1457 44.786851
32 18 3.442706
1680 32 102.215999
2304 2 159.889969
2332 2128 47.122458
896 2311 120.312882
700 1872 62.228937
1596 2112 103.533498
1232 2256 67.563719
640 1816 60.102802
2155 2290 48.229337
2338 2327 7.486366
8 2310 166.602174
2348 2339 8.848592
1652 1909 109.602905
1652 2018 103.713600
1093 2237 70.682560
728 2351 114.596236
2332 2266 32.872819
1988 2265 28.215396
168 49 30.018914
1058 1345 43.860309
2322 2326 18.859073
126 71 7.769595
1315 2291 64.442925
2327 2347 6.959597
60 2254 176.573965
9 2338 165.983670
1680 2204 90.304742
896 2017 63.146654
2325 2205 20.097378
1063 50 68.169199
1596 2191 97.466131
2335 2238 32.834782
30 2193 142.773920
2328 16 170.000837
669 2192 92.404025
2193 2113 7.831527
2351 7 176.181204
608 2154 103.484725
17 17 0.000000
93 8 23.331909
730 2226 85.943144
2263 2155 40.687743
9 1 8.540780
508 31 45.480548
421 2067 162.142751
319 1928 108.854065
1873 2168 23.714693
1927 1760 12.677570
1288 1457 8.892013
2339 18 174.828862
394 32 34.854300
15 2 12.057374
2125 2128 14.842792
2237 2311 12.330761
1707 1872 16.786746
73 2112 122.436947
2219 2256 32.889197
1114 1816 148.702433
2038 2290 25.137215
1430 2327 64.086033
2276 2310 35.987321
1036 2339 85.926543
1852 1909 4.266200
1429 2018 116.697087
1817 2237 31.931712
2337 2351 7.334622
2237 2266 5.087438
1649 2265 45.228694
132 49 23.154080
1401 1345 4.207294
2251 2326 36.949529
112 71 46.814169
1769 2291 44.132669
2254 2347 29.575742
559 2254 98.526362
2242 2338 23.344581
2235 2204 8.231808
779 2017 82.601766
368 2205 110.643727
104 50 24.719475
1287 2191 55.872261
1036 2238 70.166794
1653 2193 91.853827
2318 16 156.677540
96 2192 130.202453
391 2113 98.323424
1793 7 115.685444
42 2154 160.619352
2155 17 138.616528
952 8 72.717828
2190 2226 11.557196
26 2155 157.627739
287 1 38.505079
2254 31 143.466129
42 2067 154.434704
1874 1928 13.330659
2325 2168 22.372025
638 1760 58.190465
1617 1457 46.442947
49 18 8.597796
2 32 10.776105
175 2 30.595880
2339 2128 27.750628
980 2311 81.648834
1204 1872 38.322456
164 2112 112.210476
1847 2256 37.693604
863 1816 48.288187
60 2290 141.123649
2318 2327 26.269857
2337 2310 12.453455
2322 2339 19.105836
788 1909 58.033213
26 2018 147.182917
177 2237 122.611833
1399 2351 81.518630
2266 2266 0.000000
755 2265 91.478717
105 49 32.111150
843 1345 29.471284
873 2326 98.030595
2106 71 123.389064
2066 2291 59.583246
1036 2347 89.435801
1735 2254 38.466683
2262 2338 15.116338
2307 2204 22.014410
503 2017 84.044218
2168 2205 4.902282
18 50 6.863452
164 2191 119.395577
84 2238 130.569112
2346 2193 29.640220
34 16 18.190942
780 2192 89.143676
1909 2113 14.539384
2321 7 162.023150
1481 2154 101.911431
140 17 36.342531
2 8 3.818777
898 2226 77.706749
2197 2155 22.991454
13 1 10.573840
840 31 60.466301
81 2067 143.976044
1815 1928 8.487980
95 2168 169.644024
1646 1760 13.079395
1682 1457 13.081771
2220 18 146.248698
2191 32 136.194099
2281 2 156.725670
269 2128 117.562510
2310 2311 5.173378
1484 1872 29.328243
1843 2112 38.880416
65 2256 161.512612
1647 1816 9.629296
2294 2290 20.463210
644 2327 102.215601
92 2310 163.951546
2348 2339 8.848592
1572 1909 19.587967
2114 2018 8.038253
2130 2237 13.352551
2347 2351 3.818878
2265 2266 5.129180
981 2265 79.729420
37 49 27.618086
126 1345 73.435070
2326 2326 0.000000
97 71 3.426539
358 2291 117.442137
219 2347 139.685560
31 2254 143.466129
84 2338 149.227114
1652 2204 41.893201
1798 2017 17.773262
2328 2205 23.555007
2351 50 164.958854
785 2191 79.352278
868 2238 77.907299
196 2193 127.080870
2338 16 179.999508
70 2192 133.754339
2253 2113 22.059228
2188 7 142.931029
20 2154 139.291777
2251 17 146.728326
1539 8 112.601350
951 2226 77.838723
27 2155 153.519668
1763 1 120.904290
445 31 38.521374
197 2067 112.676692
39 1928 115.214988
47 2168 162.015247
640 1760 56.873898
292 1457 67.297980
84 18 33.513355
98 32 10.265664
115 2 30.308676
444 2128 165.522721
700 2311 95.972444
1597 1872 30.665741
286 2112 105.116973
180 2256 163.390161
585 1816 63.468610
2240 2290 11.170109
2331 2327 19.942554
2170 2310 17.984389
2351 2339 7.334622
2009 1909 46.470757
28 2018 138.463982
2165 2237 16.672794
1988 2351 42.396301
2268 2266 10.434650
1820 2265 37.693695
133 49 26.343561
1113 1345 52.440399
2341 2326 16.073631
359 71 63.413569
32 2291 171.424126
143 2347 146.567747
288 2254 115.496482
2166 2338 23.912413
2323 2204 27.619248
392 2017 89.250550
2345 2205 30.800502
158 50 21.456866
2 2191 146.637895
71 2238 172.230492
174 2193 138.027819
142 16 36.120671
2272 2192 47.093459
1910 2113 15.905965
86 7 27.932400
1620 2154 47.086674
2326 17 174.963110
251 8 33.986619
2256 2226 3.828670
2294 2155 50.345867
0 1 4.725006
2236 31 163.660841
1909 2067 11.590454
27 1928 130.365110
1816 2168 24.836328
316 1760 88.492576
1625 1457 9.143210
18 18 0.000000
95 32 16.461740
2325 2 165.580510
427 2128 110.928738
418 2311 115.043156
699 1872 62.122055
2191 2112 7.617232
2146 2256 37.516407
1927 1816 8.487980
1761 2290 41.574765
1540 2327 57.417864
369 2310 122.585239
697 2339 105.365072
1851 1909 8.453092
2068 2018 3.996909
2235 2237 10.155964
2339 2351 7.334622
2326 2266 11.071824
2198 2265 28.025146
239 49 21.211017
1233 1345 5.483798
1541 2326 60.583126
140 71 45.262886
553 2291 136.433409
2153 2347 39.490106
161 2254 126.298425
71 2338 166.421066
2325 2204 18.530018
1506 2017 57.047237
266 2205 114.281564
2167 50 154.048981
2191 2191 0.000000
2302 2238 42.650702
2018 2193 14.310696
198 16 25.824446
1064 2192 67.290808
143 2113 159.327837
1485 7 112.226173
104 2154 130.762574
59 17 26.770085
2221 8 148.383904
953 2226 75.364285
14 2155 152.593138
754 1 70.345625
2153 31 133.627894
292 2067 98.281152
311 1928 89.423476
15 2168 152.593138
260 1760 81.195918
1456 1457 6.243929
71 18 11.511567
53 32 13.391631
2244 2 159.689398
979 2128 67.202504
1204 2311 70.718093
180 1872 93.803519
26 2112 152.473212
503 2256 104.852514
644 1816 62.034753
59 2290 143.342139
2298 2327 27.121333
2324 2310 13.391942
2349 2339 13.038665
292 1909 87.292910
43 2018 148.674149
695 2237 88.453644
1820 2351 52.962584
2220 2266 49.713429
728 2265 130.584289
169 49 32.769138
731 1345 34.418965
2323 2326 14.791722
1288 71 75.665747
84 2291 136.627232
868 2347 97.584439
2155 2254 15.694634
115 2338 150.431179
2322 2204 32.717565
1847 2017 23.343012
2289 2205 11.529926
240 50 22.511651
53 2191 136.703736
49 2238 169.395160
286 2193 114.927132
2129 16 151.449193
1908 2192 21.327880
2112 2113 4.968429
2167 7 152.383325
2255 2154 10.463228
112 17 36.533555
837 8 68.221782
2255 2226 5.087438
2342 2155 35.498929
2350 1 175.275018
1673 31 104.055093
2193 2067 11.685088
1088 1928 43.813848
386 2168 165.501186
2033 1760 24.591500
1402 1457 9.821799
98 18 13.708367
246 32 25.894003
2272 2 162.888754
105 2128 126.051546
642 2311 101.669837
220 1872 90.454335
899 2112 66.362781
2191 2256 10.321171
2035 1816 14.487874
2226 2290 42.486696
2339 2327 3.442523
258 2310 126.421947
2351 2339 7.334622
1517 1909 21.828140
2155 2018 10.648212
80 2237 133.964911
2338 2351 6.695995
2310 2266 7.276301
1091 2265 74.877363
69 49 9.526206
1402 1345 9.900499
2310 2326 3.795747
49 71 3.418386
2202 2291 21.974924
1764 2347 52.274010
2189 2254 8.584005
2115 2338 38.550830
1984 2204 19.370433
2321 2017 31.403986
101 2205 149.274571
396 50 32.809903
504 2191 94.923663
2129 2238 10.606782
1429 2193 103.104017
80 16 30.132020
1848 2192 28.517035
1036 2113 128.458508
2039 7 141.717746
2323 2154 28.458768
2154 17 137.739310
1260 8 101.770948
2037 2226 65.690741
43 2155 158.728167
9 1 8.540780
1764 31 134.678318
2193 2067 11.685088
1260 1928 41.996055
2184 2168 62.838774
585 1760 60.102995
1451 1457 37.420884
616 18 51.761686
10 32 16.073307
189 2 36.506296
142 2128 115.968167
1597 2311 51.865791
896 1872 150.742621
43 2112 152.822482
392 2256 110.512057
1375 1816 48.928115
2251 2290 43.547450
6 2327 168.860445
2284 2310 24.952429
2350 2339 12.057833
42 1909 144.450919
46 2018 134.183095
472 2237 101.284022
755 2351 109.883868
2087 2266 19.158416
1399 2265 99.715876
132 49 23.154080
164 1345 69.389323
2348 2326 13.152291
178 71 50.472697
2209 2291 11.769931
362 2347 128.892420
2311 2254 39.954692
189 2338 151.688013
2304 2204 36.849545
180 2017 163.700733
2342 2205 35.619772
262 50 53.337711
76 2191 134.686672
97 2238 174.389327
784 2193 84.045154
2220 16 143.017745
14 2192 154.930453
334 2113 107.974508
104 7 26.162421
2112 2154 3.707497
16 17 5.171013
213 8 35.499094
1370 2226 102.220863
1879 2155 85.090923
5 1 6.223852
2340 31 171.341819
1485 2067 112.726011
2045 1928 48.015866
1152 2168 74.019584
1760 1760 0.000000
1287 1457 12.619517
2266 18 163.778912
65 32 27.430322
128 2 24.482774
63 2128 135.506426
1316 2311 65.240805
1369 1872 26.799601
842 2112 69.286896
386 2256 119.809657
482 1816 91.822083
2342 2290 25.308207
2326 2327 5.181515
20 2310 158.807489
868 2339 94.067380
1740 1909 10.168784
1799 2018 17.536230
6 2237 157.809443
2336 2351 8.848592
2238 2266 3.575636
2159 2265 37.048920
2322 49 154.614469
1121 1345 10.942603
2338 2326 4.047386
2326 71 170.005249
1813 2291 43.566692
2350 2347 8.540837
2065 2254 17.586643
2207 2338 23.555007
225 2204 129.151373
1855 2017 21.054164
237 2205 170.417479
1289 50 78.698459
2065 2191 10.756501
2205 2238 5.201422
2307 2193 27.171821
2186 16 139.651045
1455 2192 51.314576
697 2113 135.095887
2031 7 140.673148
78 2154 136.834187
2240 17 165.347891
1428 8 109.935341
2158 2226 16.672794
28 2155 148.439446
1 1 0.000000
2169 31 159.086365
104 2067 123.415212
2132 1928 26.827190
2168 2168 0.000000
526 1760 64.441595
1518 1457 34.196390
2066 18 129.014538
6 32 13.727589
90 2 26.247497
2129 2128 4.968442
1232 2311 103.829160
1847 1872 108.007530
76 2112 127.080157
1204 2256 107.118794
867 1816 52.804986
2154 2290 49.967859
80 2327 148.562833
2113 2310 48.586034
2323 2339 16.149699
1675 1909 55.028000
94 2018 125.881171
360 2237 108.508987
2345 2351 6.223921
2085 2266 17.412200
2325 2265 12.513173
136 49 34.893293
1393 1345 47.573827
2351 2326 10.139817
533 71 78.060102
756 2291 89.477428
697 2347 108.699916
2251 2254 15.169933
90 2338 161.096709
2309 2204 14.190472
1204 2017 127.236901
2170 2205 7.028255
1970 50 121.733264
54 2191 140.010076
99 2238 164.426136
1731 2193 52.675338
237 16 27.515097
509 2192 94.809191
1854 2113 20.045475
2315 7 163.926421
1182 2154 58.227029
2173 17 157.743998
668 8 60.280070
2193 2226 4.770030
2038 2155 72.541083
21 1 13.038202
2134 31 156.180209
612 2067 88.822717
2093 1928 49.513097
2176 2168 38.595507
1757 1760 16.940672
1399 1457 9.822733
2 18 7.334118
1957 32 119.675849
119 2 29.634726
106 2128 123.214904
643 2311 101.744527
1537 1872 19.132272
1010 2112 61.140216
2168 2256 48.563015
1280 1816 137.183232
2043 2290 30.929623
2310 2327 5.278008
42 2310 153.005778
2341 2339 11.291754
1405 1909 27.417259
499 2018 96.894391
2331 2237 34.567609
2331 2351 13.038665
2168 2266 11.853565
749 2265 89.135890
244 49 24.064424
1122 1345 12.682219
588 2326 107.484122
199 71 13.818430
284 2291 157.332944
2351 2347 3.818878
2191 2254 7.882590
49 2338 169.579497
2265 2204 6.993405
1732 2017 40.342545
34 2205 148.941132
2321 50 150.543040
2281 2191 10.745850
143 2238 126.318641
2323 2193 22.548490
2192 16 144.970694
1345 2192 53.247017
362 2113 153.786170
812 7 79.441999
21 2154 143.565865
288 17 31.597706
222 8 44.101801
242 2226 117.128802
46 2155 143.830528
13 1 10.573840
2312 31 174.818544
71 2067 121.403232
2319 1928 64.785310
64 2168 144.016731
863 1760 45.466012
1688 1457 43.735107
99 18 13.566662
15 32 16.149190
2262 2 154.823622
2268 2128 23.842165
392 2311 148.047381
1232 1872 136.895743
1900 2112 34.700090
980 2256 117.766585
923 1816 48.989325
1542 2290 54.701485
58 2327 150.122795
2071 2310 45.511889
2309 2339 9.469804
955 1909 50.046730
27 2018 143.399869
2043 2237 32.202701
2342 2351 9.857538
444 2266 151.564263
2168 2265 10.356483
9 49 16.501680
510 1345 54.493494
2350 2326 14.419481
1534 71 124.065133
616 2291 138.134475
2253 2347 30.035460
1792 2254 35.070055
2244 2338 27.484288
2236 2204 4.036689
980 2017 137.307818
2346 2205 25.859560
921 50 91.075251
35 2191 141.895288
2242 2238 20.640806
2200 2193 33.776748
2127 16 152.484501
1734 2192 39.012458
238 2113 115.541033
235 7 31.824756
583 2154 135.211660
1203 17 99.823765
2141 8 148.625166
2225 2226 5.097556
695 2155 125.412372
2341 1 171.459145
1 31 10.776105
1854 2067 18.221363
1929 1928 5.047202
1595 2168 41.145162
2290 1760 41.410003
1010 1457 22.894279
101 18 15.643050
1119 32 74.524723
1734 2 116.469302
2350 2128 38.474749
1878 2311 36.581003
1873 1872 5.275041
2263 2112 47.247240
228 2256 157.064299
1928 1816 6.658992
2171 2290 15.863753
2338 2327 7.486366
758 2310 96.336196
2350 2339 12.057833
1461 1909 24.472990
2258 2018 25.352653
58 2237 136.253486
2324 2351 10.776424
2338 2266 15.116338
1038 2265 79.758965
2296 49 156.458550
1569 1345 11.257800
2155 2326 41.128491
50 71 6.194273
2277 2291 38.876262
445 2347 134.921956
18 2254 146.487144
2116 2338 37.143207
2287 2204 16.936382
1289 2017 41.948773
444 2205 158.671731
779 50 58.399783
2015 2191 14.392023
2311 2238 10.604465
2258 2193 12.334365
2298 16 153.508885
147 2192 174.939895
868 2113 134.997418
1923 7 133.584527
2256 2154 11.312401
1792 17 111.862479
2319 8 160.689023
2237 2226 47.171782
2017 2155 11.581014
21 1 13.038202
1400 31 87.997664
2009 2067 38.199372
222 1928 99.275343
195 2168 174.982793
2257 1760 72.420633
1563 1457 37.318409
1120 18 77.581365
36 32 18.858652
2166 2 145.687094
2292 2128 25.938161
503 2311 141.506735
639 1872 63.577607
8 2112 135.897795
700 2256 132.268899
919 1816 45.779546
1624 2290 85.949778
25 2327 155.279495
449 2310 141.427165
2099 2339 41.633043
1452 1909 56.412580
64 2018 149.729143
2226 2237 47.171782
2332 2351 13.379999
142 2266 129.474817
2289 2265 3.941005
1 49 14.196480
506 1345 44.017456
2304 2326 23.308862
1317 71 117.715423
1373 2291 59.866578
391 2347 138.077890
2154 2254 12.836132
175 2338 139.531603
2167 2204 4.543590
700 2017 151.281163
2336 2205 30.188076
1454 50 88.161471
26 2191 157.973958
756 2238 83.553400
1290 2193 56.010840
2339 16 174.828867
1571 2192 40.309600
2016 2113 10.278761
2034 7 141.853704
238 2154 116.516163
71 17 10.281836
2194 8 143.311473
4 2226 159.663925
2171 2155 64.086250
75 1 20.843275
1936 31 141.303314
556 2067 92.947502
1984 1928 4.329543
1205 2168 61.376633
1702 1760 14.641828
1233 1457 11.044596
8 18 3.516692
558 32 46.393160
294 2 37.631347
138 2128 118.501931
926 2311 85.747435
1872 1872 0.000000
2294 2112 53.059689
1984 2256 63.976749
2036 1816 13.905803
1879 2290 38.472762
2347 2327 6.959597
67 2310 167.017970
2349 2339 13.038665
722 1909 87.590117
50 2018 119.658884
2298 2237 41.764957
2270 2351 19.981842
2170 2266 10.708110
365 2265 112.892498
105 49 32.111150
1177 1345 8.815653
2289 2326 6.838739
99 71 10.434898
238 2291 160.195782
2344 2347 12.351830
390 2254 108.958175
1979 2338 38.321944
2263 2204 12.334365
1910 2017 12.851494
2036 2205 14.131521
1788 50 107.429478
1571 2191 40.217647
2239 2238 5.097556
612 2193 99.863157
2235 16 162.981797
395 2192 101.401307
42 2113 158.224166
1823 7 129.428408
2322 2154 23.819600
1624 17 102.829527
2132 8 152.383326
389 2226 110.588538
15 2155 147.655486
37 1 16.687025
338 31 31.742934
334 2067 104.204216
2221 1928 78.715589
387 2168 165.621418
1714 1760 55.788061
1070 1457 40.018864
2349 18 167.942650
76 32 16.748518
2316 2 168.135832
2085 2128 7.175117
1847 2311 71.845295
503 1872 164.197496
102 2112 122.351642
1597 2256 89.551323
591 1816 75.540163
288 2290 155.706936
2186 2327 42.998438
1007 2310 113.835640
1 2339 172.665403
1674 1909 60.021968
44 2018 144.371230
978 2237 75.364285
2325 2351 10.139817
161 2266 170.592715
15 2265 162.496831
75 49 18.864166
1701 1345 119.756831
2349 2326 16.687297
1959 71 111.701175
1987 2291 28.124416
2341 2347 9.446080
671 2254 92.340020
333 2338 145.125921
2305 2204 32.229103
1597 2017 110.873019
2283 2205 39.494122
808 50 84.515164
27 2191 152.959845
108 2238 131.070190
1703 2193 78.943068
2332 16 159.924504
15 2192 149.811991
2327 2113 48.350571
2182 7 145.132877
2193 2154 7.493073
49 17 6.863451
78 8 19.477496
589 2226 143.392254
1761 2155 86.316454
48 1 13.627207
31 31 -1.#IND00
196 2067 115.563803
1966 1928 79.123735
1993 2168 43.282998
2126 1760 29.325959
1122 1457 17.691998
444 18 44.493922
2059 32 128.839621
206 2 30.667259
21 2128 135.151419
2345 2311 19.416887
648 1872 75.571355
1126 2112 57.381472
2247 2256 39.557564
1983 1816 10.539742
2310 2290 3.670317
2266 2327 10.450232
191 2310 154.048909
2322 2339 19.105836
1847 1909 28.433162
2115 2018 11.516056
2204 2237 4.770030
2325 2351 10.139817
2130 2266 14.290988
1487 2265 61.083529
2083 49 153.477363
1010 1345 17.631290
2337 2326 8.788135
160 71 10.746155
2311 2291 3.417893
2341 2347 9.446080
558 2254 99.139133
2322 2338 15.033205
2237 2204 4.770030
1283 2017 60.882056
142 2205 122.745899
1283 50 82.222258
2017 2191 15.166846
2128 2238 12.132562
499 2193 108.061791
58 16 26.490719
1622 2192 44.459235
2193 2113 7.831527
421 7 57.669836
292 2154 105.543814
1735 17 108.594712
617 8 55.055823
1849 2226 30.417879
64 2155 159.166005
105 1 26.247509
219 31 47.235020
239 2067 109.058144
561 1928 152.963041
225 2168 125.451677
471 1760 67.291012
833 1457 56.483893
2209 18 163.048176
3 32 15.499917
333 2 43.849614
641 2128 81.759481
2325 2311 12.366011
392 1872 158.757707
25 2112 155.452047
2345 2256 18.488453
1799 1816 88.010759
1735 2290 80.730344
2192 2327 41.914034
2260 2310 23.334893
2304 2339 23.410575
1617 1909 64.097216
1816 2018 87.328370
693 2237 89.407415
2343 2351 9.857538
181 2266 124.983629
2345 2265 23.331433
101 49 19.010014
1842 1345 46.585935
2309 2326 4.450068
1623 71 92.290984
179 2291 129.428914
2350 2347 8.540837
673 2254 91.820903
1728 2338 71.586446
2258 2204 36.823430
292 2017 94.844376
2337 2205 25.069350
2015 50 118.682260
8 2191 142.931029
502 2238 151.473487
620 2193 88.150105
2266 16 164.883296
1117 2192 71.270323
197 2113 116.515640
250 7 38.159883
843 2154 72.693497
29 17 8.787945
2179 8 153.161925
196 2226 127.706600
1985 2155 74.171964
101 1 23.779010
18 31 6.217834
1431 2067 116.889784
2273 1928 60.226081
1209 2168 73.326934
184 1760 99.933266
1515 1457 15.760028
2268 18 169.718263
2227 32 140.732792
729 2 64.895918
37 2128 130.379973
532 2311 104.999496
1482 1872 22.803067
2227 2112 14.406027
226 2256 162.685388
1419 1816 33.729300
695 2290 95.477002
361 2327 122.109982
1593 2310 53.935657
2328 2339 5.171267
947 1909 75.225743
1208 2018 131.582402
2021 2237 54.548135
2310 2351 13.627636
2206 2266 7.139867
2237 2265 3.828670
133 49 26.343561
1234 1345 8.425137
2339 2326 5.036629
71 71 0.000000
1367 2291 63.637514
2349 2347 9.857538
2343 2254 17.980089
2351 2338 6.695995
1816 2204 28.664802
1507 2017 52.647145
2290 2205 10.330193
1506 50 94.353081
1572 2191 40.833908
2253 2238 50.313625
2193 2193 0.000000
2331 16 160.615281
22 2192 151.551229
1739 2113 24.569278
1530 7 111.778711
9 2154 141.110231
673 17 55.347346
1874 8 130.425234
94 2226 139.841119
54 2155 133.640190
103 1 25.176881
615 31 48.320056
1739 2067 20.797111
2152 1928 82.231295
53 2168 141.445979
639 1760 57.205948
955 1457 29.442700
97 18 14.652644
54 32 17.337936
2314 2 169.860215
2220 2128 64.092865
2345 2311 19.416887
583 1872 67.054068
840 2112 70.778117
2325 2256 27.236029
1545 1816 52.994669
1541 2290 53.329217
176 2327 137.001161
1177 2310 103.384302
13 2339 162.636543
731 1909 61.311967
14 2018 142.173532
2294 2237 26.967876
15 2351 172.665863
2204 2266 9.854130
2324 2265 17.188197
104 49 29.247143
1673 1345 51.773692
2307 2326 12.366011
535 71 76.717804
1883 2291 41.766338
2348 2347 6.223922
59 2254 171.429941
454 2338 128.674763
196 2204 176.055324
42 2017 150.638009
2324 2205 24.745513
2174 50 165.026198
286 2191 110.687733
2151 2238 60.502639
1917 2193 37.157629
290 16 37.431198
acc0 17
acc1 79
acc2 130
acc3 207
acc4 274
acc5 317
acc6 349
acc7 396
acc8 441
acc9 474
acc10 498
acc11 534
acc12 563
acc13 586
acc14 614
