1178 1289 8.429697
1568 1624 4.188829
1036 1093 4.214302
1399 1344 4.207286
1429 1148 14.137004
1120 1232 5.458805
1288 1288 0.000000
1679 1623 4.188363
788 1233 29.188123
1623 1568 4.188836
1316 1204 5.483798
1119 1175 4.216394
1287 1287 0.000000
1289 1234 4.214069
1457 1400 4.202356
1205 1036 8.800924
1064 1176 5.464996
1120 1120 0.000000
1315 1092 8.800823
758 758 0.000000
1680 1680 0.000000
1204 1260 4.214309
1235 1345 13.918944
1512 1569 4.192106
1664 1664 0.000000
1568 1512 4.191407
813 813 0.000000
586 529 4.226579
1234 1177 4.215621
1681 1681 0.000000
1428 1316 5.560799
1346 1346 0.000001
1847 1720 78.970806
1683 1571 5.905999
1760 1456 132.505792
1454 1399 9.822723
1959 1679 16.646316
473 473 0.000001
950 1119 8.845708
1514 1514 0.000000
1959 1511 25.208001
1608 1608 0.000000
286 240 3.605422
474 474 0.000001
361 417 3.743804
1567 1567 0.000001
1626 1626 0.000000
1119 1063 4.214842
1005 1117 5.483803
1061 1061 0.000000
769 1289 106.951697
1510 1624 13.423198
980 1093 8.425579
1399 1344 4.207286
980 1148 8.815752
1638 1232 91.927678
1720 1288 98.593740
1455 1623 9.143519
698 1233 150.720651
1510 1568 9.605317
1582 1204 89.090520
1399 1175 10.981007
1106 1287 87.064468
768 1234 115.117472
769 1400 102.622416
980 1036 4.211380
1581 1176 80.913325
1399 1120 14.078414
475 1092 36.000878
979 758 17.660913
2066 1680 27.806492
994 1260 87.613640
769 1345 104.789530
1943 1569 92.677279
1356 1664 146.409798
1455 1512 9.724551
980 813 12.604140
414 529 16.603738
1399 1177 16.847841
1511 1681 12.562013
1035 1316 17.631650
1455 1346 19.720722
1188 1720 151.563009
1569 1571 12.118881
1510 1456 9.724561
1455 1399 4.202348
1454 1679 13.081776
1581 473 92.383334
769 1119 89.090128
712 1514 119.556664
1847 1511 18.248001
712 1608 44.785702
1512 240 70.473968
810 474 18.775399
414 417 14.344578
1455 1567 5.697001
1511 1626 19.059835
1092 1063 171.199183
1397 1117 14.078637
1342 1061 14.048766
1290 1289 6.398740
1680 1624 4.187723
1149 1093 4.215859
1343 1344 6.362989
1204 1148 4.215862
1008 1232 10.942608
1233 1288 4.214851
1735 1623 6.043993
394 1233 45.392422
1735 1568 9.433327
1092 1204 5.458805
1007 1175 8.816006
1174 1287 8.430464
1178 1234 4.215654
1514 1400 13.686449
1373 1036 17.646989
896 1176 14.137039
1008 1120 5.483803
399 1092 117.668745
702 758 4.188687
1957 1680 21.119198
1429 1260 8.891760
1124 1345 22.128126
1850 1569 17.586330
1607 1664 4.187923
1681 1512 9.272815
814 813 6.160302
528 529 5.275047
676 1177 29.750026
1736 1681 4.192741
1204 1316 5.483798
1345 1346 6.361991
475 1720 104.836876
1514 1571 4.192106
1720 1456 91.700906
1343 1399 4.208019
2108 1679 27.559453
416 473 4.330118
1231 1119 5.458805
1570 1514 4.191421
2108 1511 36.681450
1609 1608 5.943383
285 240 5.412403
586 474 6.658498
474 417 4.330137
1622 1567 4.188836
1345 1626 16.941161
879 1063 104.180704
1061 1117 4.214842
949 1061 5.515603
768 1289 113.010825
1567 1624 9.466106
881 1093 76.866856
1455 1344 8.409225
1581 1148 99.086959
769 1232 96.967989
1315 1288 167.324885
1511 1623 5.791007
413 1233 121.859710
1567 1568 6.060971
1024 1204 77.691032
1455 1175 14.137162
1894 1287 64.080245
769 1234 109.081201
1510 1400 13.686440
1581 1036 100.892154
1762 1176 149.014192
1455 1120 17.692358
345 1092 113.469378
923 758 19.322193
1959 1680 16.646185
769 1260 82.792498
1638 1345 83.929940
2001 1569 78.270940
1524 1664 137.904471
1511 1512 6.159769
811 813 15.542354
583 529 13.818569
1455 1177 21.047832
1455 1681 16.752171
1581 1316 93.259981
1399 1346 16.082893
1133 1720 154.110534
1512 1571 15.542372
1566 1456 13.565396
1399 1399 0.000000
1900 1679 20.761799
696 473 13.970946
1286 1119 8.800824
1511 1514 18.473871
345 1511 79.588367
657 1608 47.871513
1569 240 73.865193
414 474 17.539806
402 417 67.527635
1454 1567 8.387540
1568 1626 15.283650
2181 1063 90.577862
1509 1117 19.590483
1455 1061 21.487980
1011 1289 16.720771
1736 1624 6.043993
1206 1093 8.431683
1287 1344 4.211162
1541 1148 19.724367
1232 1232 0.000000
1177 1288 8.430480
1846 1623 13.666704
1012 1233 22.128129
1679 1568 8.375317
1372 1204 8.846184
1062 1175 8.430460
1119 1287 8.801184
1514 1234 14.227929
1570 1400 12.587523
1262 1036 16.860251
785 1176 19.724676
1063 1120 4.214094
1345 1092 171.574103
1267 758 42.804478
1794 1680 12.881255
1428 1260 8.891763
1068 1345 26.279889
1961 1569 22.505031
1720 1664 4.192251
1736 1512 11.835001
869 813 4.196923
754 529 13.666540
1911 1177 50.170774
1793 1681 6.210998
1315 1316 4.211159
1347 1346 6.363010
1691 1720 125.393074
1515 1571 4.191407
1511 1456 4.197118
1112 1399 49.884968
1897 1679 34.907632
528 473 4.265960
1175 1119 4.216394
1515 1514 6.160725
1897 1511 42.434234
1776 1608 9.629089
336 240 7.241762
416 474 8.192302
473 417 4.330547
1734 1567 9.433327
1571 1626 4.189504
1214 1063 112.646948
1173 1117 4.216394
1005 1061 4.211908
713 1289 103.950893
1622 1624 11.883849
1035 1093 13.919444
1343 1344 6.362989
881 1148 80.636958
1695 1232 94.625588
1847 1288 29.979226
1454 1623 12.573248
1760 1233 138.250917
1566 1568 12.118871
1414 1204 86.327867
1398 1175 12.704597
385 1287 58.895688
1316 1234 163.143036
713 1400 100.031359
770 1036 85.160239
1637 1176 84.058546
1343 1120 12.682727
590 1092 29.923492
755 758 15.283649
1892 1680 64.963144
1192 1260 77.202706
768 1345 110.843778
1723 1569 78.158284
1132 1664 157.352401
712 1512 107.818789
867 813 12.318804
526 529 15.802488
1315 1177 166.047739
1791 1681 12.882030
881 1316 85.778285
712 1346 113.867193
1244 1720 148.680978
1624 1571 15.284573
1509 1456 15.760028
1398 1399 6.311165
1620 1679 14.984216
415 473 8.192273
1638 1119 99.953116
627 1514 71.804120
698 1511 167.438071
1300 1608 152.142001
1624 240 76.181221
641 474 10.168501
583 417 16.400646
712 1567 100.128395
1680 1626 14.984216
2049 1063 104.283320
1510 1117 21.550416
1581 1061 100.890981
1179 1289 13.952242
1681 1624 4.188370
1318 1093 12.682491
1174 1344 12.641409
1596 1148 22.393001
1063 1232 8.800824
1122 1288 12.646089
1790 1623 12.572357
341 1233 50.705776
1624 1568 4.188829
1427 1204 8.846081
951 1175 10.980599
1118 1287 12.646089
1436 1234 138.343822
1458 1400 9.822723
1317 1036 14.048829
1122 1176 10.018305
1232 1120 5.458805
1152 1092 29.045988
646 758 5.905699
1900 1680 25.229182
1596 1260 16.928000
955 1345 24.982026
1795 1569 16.747184
1551 1664 8.375057
1680 1512 9.272511
701 813 5.791200
587 529 8.695935
1517 1177 30.298119
1737 1681 4.192139
1595 1316 12.866753
1400 1346 9.901433
345 1720 151.864790
1570 1571 6.060992
1345 1456 8.409225
1000 1399 51.668103
2057 1679 40.395563
474 473 5.048038
1063 1119 4.214842
1683 1514 9.272815
2057 1511 49.017077
1495 1608 8.379166
196 240 11.701927
473 474 5.048038
416 417 4.790759
1678 1567 8.374664
1627 1626 5.943750
951 1063 5.515603
1060 1117 4.214094
1173 1061 5.464996
1638 1289 81.990365
1566 1624 15.283640
1581 1093 103.028542
1398 1344 9.901444
770 1148 86.969715
1582 1232 89.090514
475 1288 146.067367
1955 1623 28.970086
306 1233 118.480921
768 1568 107.993303
1358 1204 89.610236
1343 1175 8.816006
544 1287 101.065382
1133 1234 70.897045
768 1400 108.645597
714 1036 87.920809
881 1176 99.362755
1398 1120 16.734136
698 1092 25.807118
993 758 69.156601
2108 1680 28.736812
1301 1260 95.847088
1302 1345 86.051443
1512 1569 4.192106
994 1664 35.845844
1997 1512 96.100473
866 813 18.474754
358 529 19.779457
1343 1177 17.999589
1997 1681 91.022560
980 1316 16.426406
1581 1346 69.156354
1356 1720 143.218604
1623 1571 21.196734
769 1456 100.479867
1343 1399 4.208019
1957 1679 18.261196
527 473 8.452964
993 1119 89.609833
684 1514 72.760591
1760 1511 131.249214
908 1608 170.856867
1457 240 68.290473
472 474 10.089157
358 417 16.282791
1398 1567 9.037460
1720 1626 99.866190
1386 1063 84.763371
945 1117 23.793375
1398 1061 17.646782
1122 1289 8.800813
1792 1624 9.629035
1094 1093 6.421229
1342 1344 12.724580
1428 1148 14.137006
1175 1232 4.215645
1344 1288 4.211154
1622 1623 5.943750
1401 1233 8.846086
1847 1568 15.639761
1260 1204 4.214309
895 1175 14.137262
1062 1287 12.675622
1123 1234 8.432056
1515 1400 19.541864
1542 1036 26.681166
1288 1176 5.465001
952 1120 8.845704
1847 1092 147.740736
1208 758 25.543922
1553 1680 87.278560
1541 1260 14.351365
1459 1345 13.785859
2111 1569 33.420999
1552 1664 5.905999
1793 1512 15.268095
590 813 13.234241
112 529 31.220079
1800 1177 50.567951
1680 1681 5.808087
1762 1316 22.172416
1235 1346 8.425915
1776 1720 4.203662
1739 1571 9.433324
475 1456 154.872188
1620 1399 21.675088
1675 1679 23.196401
360 473 8.082741
783 1119 16.741802
1458 1514 4.197126
976 1511 160.458014
1831 1608 13.666527
388 240 12.790539
361 474 7.922625
360 417 6.930375
1510 1567 4.191414
1315 1626 146.352584
1720 1063 98.242541
1229 1117 5.458805
893 1061 8.892110
1890 1289 94.128749
1943 1624 88.489483
978 1093 17.950338
1161 1344 93.181298
714 1148 90.000015
1302 1232 92.935520
1760 1288 138.014014
1398 1623 12.961291
1514 1233 16.802068
769 1568 102.159527
1192 1204 73.947706
1342 1175 12.641400
527 1287 142.226488
1638 1234 80.046882
1218 1400 92.631130
881 1036 79.360695
1650 1176 154.344241
1581 1120 84.860826
1760 1092 37.925746
1776 758 79.987850
2112 1680 31.265889
1302 1260 89.480606
882 1345 98.143325
1384 1569 101.112611
1218 1664 25.807250
1996 1512 100.132924
754 813 19.060718
472 529 8.452964
1891 1177 92.523930
1999 1681 82.990165
1189 1316 93.181002
1161 1346 105.902057
1512 1720 92.949333
768 1571 125.734575
1622 1456 12.573255
1454 1399 9.822723
1777 1679 77.026822
471 473 10.089157
1302 1119 99.851381
1581 1514 63.832527
344 1511 75.852897
1299 1608 151.440609
1570 240 75.290298
585 474 8.487599
526 417 16.603738
656 1567 103.781740
1999 1626 91.003984
1555 1063 82.792727
1566 1117 23.081858
1399 1061 20.838576
787 1289 26.681420
1793 1624 9.629302
1150 1093 10.018149
1285 1344 16.189268
1318 1148 12.641262
952 1232 14.078020
1064 1288 10.929996
1904 1623 16.091794
503 1233 38.654396
1456 1568 5.697001
1539 1204 14.227926
1287 1175 5.465001
1007 1287 14.048996
1847 1234 35.422942
1683 1400 20.943543
1430 1036 21.488336
1177 1176 6.429019
1175 1120 4.215642
475 1092 36.000878
875 758 31.272706
1777 1680 82.049545
1652 1260 20.148688
843 1345 29.471284
2153 1569 37.003503
1663 1664 5.807728
1737 1512 13.234074
815 813 12.319071
1031 529 30.444457
2191 1177 59.716892
1568 1681 8.375317
1596 1316 14.512695
1124 1346 16.856982
344 1720 147.402341
1684 1571 8.374657
413 1456 134.307778
943 1399 55.626892
978 1679 165.285535
586 473 8.487599
949 1119 12.631612
1457 1514 9.723640
1245 1511 86.141692
1666 1608 9.305220
158 240 14.378720
587 474 8.487088
420 417 12.789567
1679 1567 5.905999
1682 1626 4.187737
475 1063 136.186484
1230 1117 8.432039
1230 1061 8.800824
1776 1289 105.939213
1623 1624 5.942828
770 1093 83.032037
1342 1344 12.724580
1161 1148 83.571410
1750 1232 91.522461
306 1288 122.526401
712 1623 103.936535
1847 1233 33.347831
1776 1568 90.235480
1695 1204 83.023604
1581 1175 86.969069
1841 1287 46.123122
1372 1234 163.266039
1499 1400 80.806855
1050 1036 89.480324
1399 1176 12.704098
1342 1120 16.856974
1691 1092 108.571248
700 758 9.465793
250 1680 98.541129
1024 1260 81.290403
1582 1345 81.251127
2047 1569 98.458809
1187 1664 154.433681
1719 1512 98.178531
881 813 70.992404
810 529 15.639476
1581 1177 74.869866
1832 1681 87.728793
770 1316 92.729398
881 1346 110.579219
1245 1720 148.680994
1456 1571 19.322109
713 1456 98.108833
1342 1399 9.901433
1833 1679 73.352744
470 473 15.117985
1499 1119 75.439883
1996 1514 106.852391
475 1511 158.172137
1411 1608 146.036246
627 240 65.569339
923 474 25.127521
403 417 63.612203
1996 1567 92.242806
1833 1626 91.885916
1022 1063 92.386081
1341 1117 10.942603
1343 1061 16.720201
844 1289 29.165704
1737 1624 8.377960
1486 1093 21.550345
1118 1344 16.856974
1652 1148 25.566367
1176 1232 4.215637
953 1288 17.646776
1848 1623 13.666346
1998 1233 104.368490
1734 1568 12.560477
1540 1204 16.741598
838 1175 17.770134
1006 1287 16.720771
1119 1234 20.036612
1512 1400 5.620987
1655 1036 34.570014
1233 1176 4.216406
727 1120 19.909174
1720 1092 82.850837
647 758 8.374844
2067 1680 31.253895
1315 1260 6.399041
1125 1345 27.881626
1515 1569 15.541430
1777 1664 8.392685
1625 1512 8.379517
871 813 9.724246
976 529 24.576792
1096 1177 163.704619
1625 1681 4.187737
1763 1316 20.449479
1236 1346 13.918944
1665 1720 4.192316
1738 1571 9.433610
1847 1456 21.274848
1498 1399 80.807414
976 1679 159.056860
361 473 7.347577
837 1119 16.801670
399 1514 65.523515
720 1511 58.822840
1775 1608 12.572240
125 240 13.352151
360 474 11.099067
311 417 11.243629
1566 1567 6.060031
1152 1626 154.343961
1691 1063 77.984376
893 1117 11.044704
1060 1061 6.399744
993 1289 106.640101
1678 1624 14.984206
1161 1093 80.368173
881 1344 98.142937
1035 1148 12.641613
1639 1232 97.848892
1119 1288 12.646089
1719 1623 89.972004
345 1233 62.786330
1622 1568 9.466116
1302 1204 86.543987
881 1175 93.122052
2039 1287 129.088522
1302 1234 80.148619
1106 1400 93.672138
1273 1036 84.152615
1751 1176 95.650602
881 1120 95.582782
1720 1092 82.850837
1105 758 70.918695
1245 1680 83.023598
993 1260 81.290212
1695 1345 86.489875
1837 1569 66.130071
769 1664 45.281705
1399 1512 8.398052
1581 813 110.204173
640 529 8.426540
1511 1177 20.886871
1719 1681 95.736926
978 1316 21.458398
770 1346 104.788960
1132 1720 154.110515
1567 1571 24.221356
1890 1456 81.524183
1581 1399 83.373259
1553 1679 81.786512
307 473 14.981774
1582 1119 96.968365
1997 1514 103.372011
413 1511 138.497478
656 1608 47.871506
684 240 69.758730
217 474 18.968480
459 417 67.674422
1399 1567 9.037786
1832 1626 96.403058
1218 1063 87.064469
889 1117 27.698476
1454 1061 19.501701
563 1289 38.177823
1905 1624 16.091941
1207 1093 13.963494
1398 1344 9.901444
1036 1148 5.464996
840 1232 19.589842
898 1288 21.488512
2062 1623 27.391797
1233 1233 0.000000
1567 1568 6.060971
1203 1204 4.215642
894 1175 16.760417
894 1287 21.488512
1720 1234 108.267277
1738 1400 21.203001
1821 1036 40.767774
672 1176 25.566232
840 1120 14.227449
590 1092 29.923492
759 758 6.060590
740 1680 91.336978
1763 1260 23.766959
1513 1345 8.955698
2154 1569 38.551874
1606 1664 9.305220
1792 1512 15.267919
812 813 6.160332
140 529 31.659301
1010 1177 8.815637
1905 1681 12.869990
1483 1316 8.409213
1459 1346 8.409240
1608 1720 6.043993
1795 1571 12.116997
1315 1456 160.498298
777 1399 51.198138
754 1679 175.812048
415 473 8.192273
1008 1119 8.425902
1460 1514 9.724551
754 1511 171.620695
1215 1608 21.776825
195 240 16.701940
309 474 11.591100
415 417 9.574793
1790 1567 13.425645
1513 1626 8.378816
399 1063 58.257197
949 1117 8.846061
837 1061 11.136505
1302 1289 83.106348
2049 1624 86.506387
1273 1093 80.675792
1581 1344 81.251147
659 1148 92.903876
882 1232 90.649625
413 1288 126.025307
1997 1623 87.775000
590 1233 152.699263
1890 1568 78.091539
1584 1204 76.971995
1637 1175 90.000010
1115 1287 30.035198
1188 1234 67.526921
882 1400 95.670599
1035 1036 9.960183
1315 1176 171.570304
770 1120 89.090507
344 1092 117.490469
516 758 96.062578
402 1680 91.604640
1023 1260 87.613256
994 1345 97.475074
1885 1569 104.791960
1386 1664 20.943126
1946 1512 79.018979
518 813 85.686883
977 529 23.869300
684 1177 69.771951
1720 1681 90.909142
1134 1316 90.389776
1273 1346 105.019214
768 1720 48.008813
2049 1571 97.421048
1567 1456 8.388242
712 1399 100.031910
1674 1679 28.968809
401 473 71.660681
994 1119 83.252135
657 1514 116.987125
590 1511 158.662844
627 1608 171.622679
628 240 69.287351
640 474 12.677353
259 417 17.633705
1342 1567 12.866292
1998 1626 94.899975
994 1063 86.052427
1621 1117 25.317854
881 1061 79.361159
1180 1289 20.016947
1625 1624 5.943770
1543 1093 25.543713
1006 1344 20.832533
1149 1148 6.428571
727 1232 25.317442
1289 1288 6.399766
1789 1623 16.987897
957 1233 31.879642
1904 1568 18.775989
1651 1204 19.909465
1174 1175 6.428998
838 1287 22.964122
1290 1234 4.214102
1569 1400 9.037790
1487 1036 29.165887
898 1176 16.760417
1176 1120 4.215634
1514 1092 158.974740
703 758 9.465875
1833 1680 78.268554
1708 1260 22.971994
1293 1345 28.846039
1458 1569 8.387533
1719 1664 4.192316
1905 1512 21.828257
760 813 15.541978
38 529 42.520280
2152 1177 56.246907
1792 1681 8.392976
1650 1316 16.941695
1068 1346 21.071833
413 1720 131.772111
1628 1571 9.466106
306 1456 131.187173
1781 1399 65.178543
1245 1679 88.830633
309 473 10.794597
1061 1119 9.997909
1847 1514 25.098372
1892 1511 67.342559
1947 1608 25.250592
445 240 15.138956
528 474 8.452996
307 417 14.307331
1623 1567 4.189497
1572 1626 9.466106
895 1063 8.892110
1116 1117 6.420711
1229 1061 8.801184
1499 1289 88.440817
1776 1624 91.059080
714 1093 85.990387
1273 1344 92.386370
1050 1148 90.000016
1583 1232 95.139173
698 1288 154.832492
1720 1623 84.814900
475 1233 142.586414
1943 1568 88.414004
1022 1204 90.389776
1049 1175 90.000294
2152 1287 50.998488
1245 1234 70.621827
1722 1400 84.795462
1161 1036 83.600753
1077 1176 83.601351
1161 1120 93.210650
306 1092 58.108692
530 758 25.136595
296 1680 93.533270
1582 1260 91.196315
1106 1345 96.747865
739 1569 78.076299
882 1664 41.107063
770 1512 98.389161
463 813 82.260126
582 529 19.061748
1554 1177 99.086716
2110 1681 27.261215
1161 1316 86.818702
1554 1346 99.208188
1076 1720 157.028004
1943 1571 100.628226
1776 1456 93.404516
770 1399 90.664828
2221 1679 40.288063
413 473 17.539806
824 1119 92.295908
1455 1514 21.885175
306 1511 135.283325
1077 1608 161.967962
1133 240 91.374063
308 474 14.459420
977 417 30.829702
657 1567 98.212765
1777 1626 95.845638
1890 1063 90.866700
1622 1117 26.829471
1594 1061 165.648690
1237 1289 22.605710
1511 1624 8.378823
1429 1093 16.503401
1119 1344 12.682727
1206 1148 10.018131
783 1232 23.082054
954 1288 20.838268
1624 1623 5.942828
1288 1233 4.214851
1848 1568 15.639759
1707 1204 23.477684
1118 1175 10.018305
782 1287 26.681420
399 1234 54.868941
1403 1400 18.929607
1599 1036 33.647804
784 1176 19.724518
615 1120 25.889388
961 1092 117.727070
1941 758 75.756562
1146 1680 154.192799
1318 1260 9.959740
620 1345 42.604293
2225 1569 44.134418
1494 1664 12.561945
1682 1512 12.562005
589 813 11.835403
181 529 29.258140
1267 1177 141.103294
1794 1681 8.392381
1652 1316 17.163799
900 1346 25.422601
306 1720 131.430697
1460 1571 8.387533
961 1456 65.426386
1900 1399 33.880427
1980 1679 102.499800
527 473 8.452964
613 1119 27.300617
1739 1514 13.234065
1870 1511 120.173959
1270 1608 20.997596
157 240 19.314721
699 474 13.970953
811 417 23.790953
1846 1567 15.639761
1720 1626 99.866190
1007 1063 4.211908
1004 1117 8.425156
892 1061 12.619587
1609 1289 99.702198
1734 1624 13.079403
743 1093 85.990226
712 1344 101.988144
1273 1148 83.600753
1358 1232 89.610230
1214 1288 118.452797
657 1623 102.128896
1720 1233 102.737687
2049 1568 86.961342
854 1204 87.704012
1161 1175 90.000295
1060 1287 22.142349
1540 1234 154.456357
1105 1400 99.980839
1134 1036 92.935821
1696 1176 98.704892
712 1120 97.848823
413 1092 54.063950
642 758 22.380851
2057 1680 44.424150
1246 1260 92.935820
1358 1345 82.524926
1951 1569 55.796255
1468 1664 140.849000
1834 1512 80.603007
574 813 89.259759
259 529 23.050763
1398 1177 22.089208
1833 1681 83.067864
714 1316 96.069386
1497 1346 102.812094
1457 1720 97.068806
1738 1571 9.433610
1722 1456 80.719651
1161 1399 90.000290
1343 1679 17.163799
359 473 11.380352
1105 1119 89.869676
628 1514 76.728505
1720 1511 87.609900
684 1608 175.812291
2047 240 138.207859
358 474 20.016306
472 417 8.192273
1997 1567 87.976873
1681 1626 9.304445
1203 1063 174.535008
1280 1117 30.034249
1637 1061 103.950609
1013 1289 26.279892
1960 1624 19.416994
1598 1093 26.829416
881 1344 98.142937
1315 1148 8.429926
1009 1232 12.682732
1178 1288 13.952262
2109 1623 30.195492
591 1233 150.076708
1846 1568 17.586758
1148 1204 4.215862
782 1175 21.644880
895 1287 19.501967
1214 1234 128.302004
1739 1400 25.108750
1092 1036 4.214309
953 1176 12.704257
1009 1120 8.425902
1204 1092 5.458805
565 758 125.693316
1626 1680 14.984216
1709 1260 23.767027
1345 1345 0.000001
514 1569 79.409205
1439 1664 13.082037
1794 1512 17.358853
645 813 9.272973
948 529 133.766194
1065 1177 5.464996
1682 1681 5.807176
1429 1316 8.408910
1125 1346 22.129019
698 1720 104.396275
1740 1571 12.560470
399 1456 71.115777
1957 1399 32.822313
2188 1679 34.710616
698 473 13.971285
1120 1119 6.421697
1628 1514 13.424046
1031 1511 150.569092
2050 1608 26.671449
95 240 16.977829
698 474 12.869700
110 417 24.697566
1735 1567 9.433607
399 1626 70.758644
698 1063 147.766056
892 1117 12.740465
1286 1061 12.675117
1722 1289 93.018483
1831 1624 91.885985
866 1093 21.025384
1049 1344 93.947864
712 1148 78.127038
768 1232 103.028112
1436 1288 128.430355
1342 1623 16.941680
961 1233 56.056580
713 1568 100.128746
1527 1204 79.982468
1751 1175 101.283865
1910 1287 50.066993
993 1234 109.470485
1330 1400 91.562215
658 1036 84.764710
1694 1176 87.096412
714 1120 85.990348
1847 1092 147.740736
1831 758 79.409733
206 1680 95.297618
826 1260 91.559265
1218 1345 95.963505
2189 1569 40.934081
546 1664 58.274290
657 1512 105.514496
1636 813 113.671433
525 529 21.044469
1946 1177 94.787221
1568 1681 8.375317
1525 1316 90.708185
1049 1346 106.639782
601 1720 57.205909
1795 1571 12.116997
768 1456 106.446808
1049 1399 91.039760
1112 1679 51.848479
627 473 70.517730
1510 1119 19.590325
770 1514 110.203562
1691 1511 68.767292
1075 1608 161.968228
797 240 78.088088
1776 474 108.920773
1524 417 96.344923
1511 1567 4.192098
1997 1626 98.517228
882 1063 85.590677
1678 1117 28.789035
1161 1061 77.202731
562 1289 37.179741
1791 1624 12.572357
1038 1093 9.998700
936 1344 100.950714
1708 1148 28.436995
615 1232 31.318927
785 1288 25.136191
1456 1623 9.143206
702 1233 158.223610
1959 1568 22.505030
1484 1204 14.227989
1006 1175 12.641400
951 1287 16.445600
345 1234 59.324497
1460 1400 22.144776
1544 1036 33.348920
729 1176 23.251612
728 1120 19.909173
1436 1092 53.591759
1800 758 143.369725
2221 1680 41.974737
1595 1260 16.861473
1066 1345 16.720201
487 1569 119.115294
1440 1664 11.603000
1511 1512 6.159769
534 813 15.268547
1086 529 34.360881
1066 1177 8.429694
1960 1681 16.646317
1818 1316 26.260528
901 1346 29.153086
1119 1720 94.124219
1796 1571 13.425641
1691 1456 66.928953
1077 1399 91.039482
1679 1679 0.000000
359 473 11.380352
558 1119 29.487454
1403 1514 8.398772
887 1511 61.928713
1774 1608 16.987457
502 240 17.830049
754 474 16.091702
697 417 16.646716
1845 1567 17.586330
345 1626 75.267118
1514 1063 29.165433
1284 1117 8.800824
1231 1061 12.645339
1105 1289 106.248428
1888 1624 88.004631
463 1093 88.310453
770 1344 92.729398
658 1148 87.096143
1133 1232 83.716388
399 1288 62.538082
1887 1623 88.005051
344 1233 59.071333
1831 1568 91.359056
994 1204 90.389770
1454 1175 16.760334
333 1287 56.692915
1539 1234 154.986858
1274 1400 88.960224
1189 1036 96.398949
1525 1176 83.841037
1049 1120 92.935825
1514 1092 158.974740
645 758 8.374798
1385 1680 88.171765
1022 1260 93.947860
713 1345 101.988510
1357 1569 75.210124
1555 1664 18.757167
1832 1512 90.671875
1637 813 107.818657
923 529 22.802552
627 1177 67.571607
1998 1681 87.120456
1034 1316 20.832531
714 1346 101.987941
1187 1720 150.904805
1457 1571 13.565405
882 1456 93.249759
825 1399 93.120069
1000 1679 55.173110
584 473 8.487077
768 1119 95.138337
881 1514 115.100458
1514 1511 18.473871
600 1608 50.829905
1738 240 84.717891
261 474 15.274289
516 417 63.292723
684 1567 92.721919
1719 1626 104.545279
769 1063 91.196571
1113 1117 25.684336
1636 1061 98.008682
acc0 21
acc1 101
acc2 228
acc3 321
acc4 432
acc5 518
acc6 578
acc7 618
acc8 645
acc9 675
acc10 686
acc11 696
acc12 705
acc13 712
acc14 717
