1693 1289 73.153375
1928 1624 113.559133
1573 1093 149.808664
34 1344 90.662865
1573 1148 145.605579
1319 1232 157.871262
1749 1288 81.758254
1737 1623 13.079420
1749 1233 80.223465
1684 1568 24.448225
1908 1204 132.632683
1931 1175 141.638757
533 1287 152.358772
1693 1234 71.428794
1928 1400 123.838607
769 1036 79.108204
647 1176 150.249611
1824 1120 138.128944
1683 1092 150.720562
537 758 21.147839
1738 1680 14.641810
1683 1260 145.429852
1636 1345 72.075341
1796 1569 21.147322
1936 1664 42.738714
1683 1512 17.359180
1928 813 64.091737
588 529 17.589025
590 1177 150.904836
1797 1681 23.377084
1572 1316 142.477471
1800 1346 42.778389
313 1720 97.356645
1908 1571 19.587713
1683 1456 21.515329
1400 1399 6.310185
1792 1679 8.392976
587 473 12.450626
590 1119 142.074113
1742 1514 26.454840
1570 1511 15.541420
700 1608 87.415016
812 240 109.526472
533 474 17.115416
588 417 20.592643
1908 1567 33.561547
1798 1626 21.997898
591 1063 138.014082
701 1117 142.201030
365 1061 127.228908
1345 1289 4.211170
1569 1624 4.189504
1149 1093 4.215859
1931 1344 133.154681
1203 1148 6.428291
1176 1232 4.215637
1232 1288 4.214085
1568 1623 4.188836
1288 1233 4.214851
1908 1568 29.136798
1148 1204 4.215862
1174 1175 6.428998
1287 1287 0.000000
1177 1234 4.215621
1459 1400 15.940864
1095 1036 16.260284
1120 1176 4.215634
1175 1120 4.215642
1092 1092 0.000000
812 758 9.605355
1792 1680 6.210998
1824 1260 37.773200
1459 1345 13.785859
1569 1569 0.000001
1607 1664 4.187923
1624 1512 5.791007
813 813 0.000000
1928 529 73.641425
1178 1177 6.427989
1681 1681 0.000000
1204 1316 5.483798
1346 1346 0.000001
1720 1720 0.000000
1571 1571 0.000001
1456 1456 0.000001
1399 1399 0.000000
1735 1679 4.192734
473 473 0.000001
949 1119 12.631612
1514 1514 0.000000
1456 1511 4.197118
1608 1608 0.000000
160 240 7.150453
1928 474 77.403093
417 417 0.000000
1567 1567 0.000001
1626 1626 0.000000
952 1063 8.417943
1172 1117 4.215642
1005 1061 4.211908
1692 1289 67.356139
1683 1624 14.985118
1626 1093 158.223327
533 1344 155.870990
1683 1148 150.249524
1826 1232 125.732863
1805 1288 78.934723
1793 1623 12.572363
1693 1233 77.217995
1794 1568 16.747171
242 1204 130.032185
1936 1175 129.132497
534 1287 149.849695
1692 1234 65.670960
1742 1400 40.038691
1746 1036 115.160108
591 1176 146.098208
1978 1120 113.071901
1573 1092 144.416288
538 758 26.079160
1683 1680 17.409802
1573 1260 142.154889
1744 1345 49.611530
1684 1569 18.756552
1931 1664 69.833471
1629 1512 30.785930
594 813 31.834257
644 529 16.786765
646 1177 154.433760
1850 1681 12.607289
1683 1316 141.520661
1799 1346 37.935695
700 1720 90.028007
2019 1571 30.262056
1627 1456 23.022654
1568 1399 9.037460
1793 1679 12.882030
586 473 8.487599
589 1119 145.219050
1687 1514 28.326857
1569 1511 9.605317
757 1608 83.434649
589 240 96.748155
644 474 16.845623
533 417 20.642526
2019 1567 44.824942
1799 1626 27.268017
534 1063 139.901486
758 1117 141.399834
532 1061 139.901523
1290 1289 6.398740
1570 1624 9.466106
1094 1093 6.421229
125 1344 74.412316
1094 1148 10.018129
1287 1232 4.214094
1233 1288 4.214851
1680 1623 4.187730
1176 1233 4.216406
2019 1568 40.692867
1092 1204 5.458805
1008 1175 8.815649
1344 1287 4.211162
1236 1234 12.842361
1177 1400 12.704608
1372 1036 16.446002
1232 1176 4.215637
1233 1120 8.432039
1036 1092 4.214309
816 758 15.542035
1793 1680 8.392976
1099 1260 42.534044
1177 1345 8.815653
1513 1569 4.191421
1551 1664 8.375057
1457 1512 4.197830
1924 813 79.211959
417 529 6.960402
1233 1177 4.215654
1625 1681 4.187737
1260 1316 4.211376
1402 1346 4.207294
1664 1720 4.192251
1570 1571 6.060992
1512 1456 4.197111
1343 1399 4.208019
1734 1679 4.192133
474 473 5.048038
1177 1119 16.296095
1626 1514 5.791007
1512 1511 6.159769
1719 1608 8.377638
126 240 10.714945
418 474 4.330109
361 417 3.743804
1175 1567 19.724478
1627 1626 5.943750
1064 1063 6.398751
1061 1117 4.214842
1118 1061 4.214094
1749 1289 76.105677
1738 1624 13.079412
1572 1093 154.792034
843 1344 33.335127
1738 1148 149.014306
2040 1232 128.134392
1638 1288 87.920766
1794 1623 16.987153
1805 1233 77.626023
1737 1568 12.560484
2019 1204 121.178983
1653 1175 152.966700
647 1287 150.663385
1749 1234 74.583962
1687 1400 42.013156
658 1036 84.764710
534 1176 147.118960
1238 1120 38.940810
1626 1092 154.903118
593 758 22.380754
1682 1680 11.611888
1738 1260 143.905618
1800 1345 47.856399
1740 1569 22.380874
1824 1664 42.356158
1738 1512 16.741345
480 813 25.099136
533 529 19.061420
702 1177 156.748557
1683 1681 11.611907
1573 1316 137.944184
1744 1346 44.194862
181 1720 101.677773
242 1571 73.254643
1626 1456 17.519947
1511 1399 5.620987
1737 1679 14.642687
642 473 12.677342
646 1119 146.245786
1688 1514 34.045594
1792 1511 15.267921
869 1608 80.915211
590 240 95.282098
588 474 16.586616
644 417 21.119516
1936 1567 110.542357
1800 1626 32.660945
647 1063 142.197119
645 1117 142.438481
313 1061 123.875910
1234 1289 4.214069
1512 1624 5.791007
1205 1093 5.458805
1653 1344 145.831867
1147 1148 10.018574
1121 1232 8.432039
1400 1288 5.516006
1735 1623 6.043993
1234 1233 6.420689
1238 1568 41.222186
1316 1204 5.483798
1062 1175 8.430460
1231 1287 4.214842
1459 1234 12.740869
1515 1400 19.541864
1539 1036 22.964396
1289 1176 8.430480
1235 1120 20.036632
1148 1092 4.215859
981 758 12.866713
1679 1680 5.808087
1978 1260 67.329844
1515 1345 17.780464
1570 1569 6.060021
1552 1664 5.905999
1568 1512 4.191407
1931 813 56.884750
585 529 4.227081
1235 1177 10.018307
1736 1681 4.192741
1429 1316 8.408910
1289 1346 4.211138
1665 1720 4.192316
1515 1571 4.191407
1569 1456 8.388242
1568 1399 9.037460
1623 1679 4.188363
529 473 4.266439
612 1119 29.923299
1625 1514 8.378816
1455 1511 4.197822
1663 1608 9.305132
127 240 11.008319
417 474 4.330137
360 417 6.930375
1340 1567 21.813578
1683 1626 4.188370
1009 1063 9.959926
1116 1117 6.420711
1060 1061 6.399744
1805 1289 73.462613
1850 1624 16.777149
1683 1093 154.192595
900 1344 33.687798
1572 1148 150.580309
48 1232 77.809616
1750 1288 87.400663
1792 1623 9.629038
1692 1233 71.428774
1739 1568 22.380874
1238 1204 141.059196
2205 1175 118.054445
701 1287 159.002775
1805 1234 72.183387
1741 1400 34.751437
1684 1036 150.663321
701 1176 156.748431
1908 1120 47.367316
1738 1092 150.076630
482 758 29.813081
1626 1680 14.984216
1572 1260 146.651280
1635 1345 66.132707
1739 1569 17.180072
2205 1664 74.140648
1797 1512 30.216765
650 813 28.326622
642 529 8.426008
1748 1177 73.116146
1738 1681 9.122792
1627 1316 142.281721
1743 1346 38.937746
365 1720 95.796095
1936 1571 118.072345
1682 1456 16.751488
1399 1399 0.000000
1794 1679 18.021713
533 473 22.027747
422 1119 135.313174
1741 1514 21.337645
1737 1511 16.741352
812 1608 84.932980
700 240 103.819032
587 474 8.487088
645 417 24.784789
1931 1567 122.282009
1686 1626 20.762987
479 1063 132.968897
756 1117 150.811246
758 1061 142.155225
1347 1289 9.959914
1792 1624 9.629035
1204 1093 8.431713
1936 1344 123.396361
1371 1148 12.641613
1064 1232 8.800820
1289 1288 6.399766
1624 1623 5.942828
1345 1233 5.483798
1824 1568 119.124010
1315 1204 4.214090
950 1175 12.704246
1288 1287 6.398751
1293 1234 22.605710
1236 1400 23.793504
866 1036 16.813486
1063 1176 8.429702
446 1120 37.413312
1091 1092 4.214090
927 758 12.587869
1847 1680 9.870729
1316 1260 4.211376
1236 1345 19.956963
1512 1569 4.192106
1440 1664 11.603000
1401 1512 8.398787
1936 813 61.070612
418 529 8.589139
1289 1177 5.465001
1624 1681 4.188370
1205 1316 8.425575
1401 1346 4.207262
1607 1720 8.377638
1684 1571 8.374657
1344 1456 5.560799
1232 1399 8.846083
1680 1679 5.808087
415 473 8.192273
1732 1119 34.780667
1516 1514 12.319859
1679 1511 9.272812
1553 1608 4.189037
238 240 9.921352
419 474 8.192287
418 417 4.790040
781 1567 40.931399
1682 1626 4.187737
953 1063 13.863494
1341 1117 10.942603
948 1061 8.418688
1750 1289 81.757348
1682 1624 9.305299
1627 1093 154.902860
676 1344 41.887170
1627 1148 150.774819
646 1232 154.192839
647 1288 154.832068
1570 1623 15.283640
1638 1233 85.989695
1570 1568 12.118861
1824 1204 41.871053
1924 1175 121.554403
588 1287 156.233130
647 1234 156.522484
1685 1400 30.915629
712 1036 76.049223
535 1176 144.939166
2019 1120 58.821017
1627 1092 150.619866
479 758 17.586455
1625 1680 9.305318
1626 1260 149.432864
1748 1345 72.002713
1852 1569 25.136697
1653 1664 63.045098
1628 1512 24.886209
592 813 21.337710
587 529 8.695935
589 1177 151.563100
1963 1681 21.119198
1628 1316 138.288053
1856 1346 46.585959
421 1720 95.946745
1824 1571 124.911630
1738 1456 20.924073
1624 1399 12.960839
1849 1679 16.787448
475 473 10.089173
477 1119 139.505780
1854 1514 29.328736
1793 1511 17.358858
870 1608 75.348028
532 240 95.149599
645 474 20.762023
642 417 14.358525
1824 1567 116.138093
1797 1626 16.987913
423 1063 131.553502
533 1117 137.873167
645 1061 142.197194
1458 1289 8.891652
1513 1624 8.379517
1206 1093 8.431683
1400 1344 4.207278
1373 1148 12.704384
951 1232 14.078022
1457 1288 8.892013
1398 1623 12.961291
1177 1233 4.215654
242 1568 72.140295
1093 1204 8.431713
896 1175 14.137042
1456 1287 8.891663
1515 1234 16.802628
949 1400 29.148757
1146 1036 16.260159
783 1176 21.644880
1567 1120 23.081858
1093 1092 6.421269
704 758 15.284017
1960 1680 16.646184
1908 1260 131.553162
1293 1345 28.846039
1571 1569 12.118881
1439 1664 13.082037
1681 1512 9.272815
758 813 4.192051
641 529 6.412995
1010 1177 8.815637
1626 1681 9.304445
1484 1316 8.955792
1457 1346 8.408482
1496 1720 11.835001
1517 1571 15.541410
1513 1456 9.724571
1398 1399 6.311165
1678 1679 5.807185
527 473 8.452964
555 1119 37.669225
1682 1514 9.272518
1510 1511 6.160725
1495 1608 8.379166
158 240 14.378720
363 474 10.026899
310 417 7.973112
1233 1567 20.932962
1625 1626 5.942818
840 1063 12.793994
949 1117 8.846061
1230 1061 8.800824
1638 1289 81.990365
1626 1624 11.883859
1628 1093 150.619558
730 1344 34.418965
1628 1148 146.410871
590 1232 150.076514
534 1288 152.358610
1849 1623 16.777155
701 1233 160.090855
1849 1568 17.586762
125 1204 116.238381
1476 1175 130.328976
645 1287 158.050021
703 1234 158.223355
1740 1400 29.720378
1690 1036 118.415972
1582 1176 86.969990
1936 1120 133.106913
1572 1092 149.809029
423 758 19.587301
1627 1680 20.762987
1627 1260 146.352196
1801 1345 53.094262
1685 1569 24.448244
2019 1664 100.764046
1627 1512 19.060729
536 813 20.919656
645 529 21.576945
1637 1177 78.127233
1964 1681 24.784788
1626 1316 145.580777
1801 1346 47.856399
1684 1720 104.812918
1978 1571 84.001355
1628 1456 28.758701
1401 1399 12.620646
1570 1679 18.757415
644 473 20.762320
700 1119 153.170709
1689 1514 39.820140
1513 1511 12.318923
181 1608 96.514089
868 240 112.803570
642 474 10.168487
587 417 12.797857
242 1567 72.631415
1744 1626 35.208626
701 1063 149.433075
813 1117 145.505509
810 1061 154.863940
1288 1289 6.399766
1793 1624 9.629302
1150 1093 10.018149
2205 1344 109.338298
1090 1148 13.952536
1234 1232 12.842340
1401 1288 8.418965
1681 1623 9.305308
1290 1233 9.997909
1936 1568 113.130683
1091 1204 8.800823
726 1175 23.251606
1176 1287 8.429705
1070 1234 30.035219
1293 1400 32.265575
1652 1036 30.999765
1399 1176 12.704098
730 1120 25.096660
980 1092 5.483803
983 758 12.866746
1569 1680 8.375317
2019 1260 120.343453
949 1345 29.488844
1458 1569 8.387533
1662 1664 11.612082
1400 1512 5.620987
1653 813 42.095055
472 529 8.452964
1066 1177 8.429694
1682 1681 5.807176
1595 1316 12.866753
1233 1346 8.425137
1775 1720 8.920343
1737 1571 12.560470
1345 1456 8.409225
1624 1399 12.960839
1567 1679 5.905999
471 473 10.089157
1459 1119 30.376236
1627 1514 8.379502
1569 1511 9.605317
1329 1608 14.512698
163 240 16.592809
531 474 8.452980
472 417 8.192273
445 1567 58.967200
1572 1626 9.466106
1121 1063 9.998866
1006 1117 8.425902
1174 1061 8.429702
1751 1289 87.400663
1797 1624 27.268034
1630 1093 140.474754
786 1344 30.443985
713 1148 84.057978
536 1232 142.330603
1751 1288 93.018754
1684 1623 26.566901
1751 1233 91.522480
1795 1568 21.148063
1936 1204 46.893084
875 1175 130.329872
591 1287 146.513081
1751 1234 85.875717
1852 1400 33.416764
1517 1036 146.610751
479 1176 140.768623
875 1120 132.427356
1682 1092 154.192802
426 758 29.136646
1681 1680 5.808087
1628 1260 142.462830
1799 1345 42.777609
1851 1569 20.939980
1238 1664 133.249476
1850 1512 21.566313
651 813 34.044991
475 529 8.452287
1806 1177 81.796452
1909 1681 25.229190
1629 1316 133.781210
1686 1346 29.898570
589 1720 88.359516
2205 1571 93.119901
1625 1456 12.573262
1457 1399 9.822733
1569 1679 13.261828
588 473 21.122942
536 1119 134.067470
1855 1514 33.986754
1512 1511 6.159769
313 1608 92.826388
476 240 91.530609
698 474 12.869700
756 417 26.170263
1238 1567 47.016781
1743 1626 29.562024
649 1063 133.844429
588 1117 142.074175
421 1061 131.553555
1459 1289 12.619509
1737 1624 8.377960
1261 1093 8.800928
1457 1344 8.409225
1318 1148 12.641262
1512 1232 14.227924
1346 1288 9.959914
1343 1623 14.512839
1121 1233 5.458805
1512 1568 4.191407
1036 1204 8.800928
784 1175 19.724520
1345 1287 9.959924
788 1234 25.543828
1732 1400 29.719616
1649 1036 33.647590
1178 1176 12.857008
781 1120 25.208514
981 1092 8.425579
699 758 18.757401
1791 1680 8.392976
1238 1260 143.745876
1036 1345 175.788311
1793 1569 12.116997
1496 1664 9.272573
1514 1512 12.318913
814 813 6.160302
361 529 10.637428
1291 1177 13.952242
1848 1681 9.870971
1261 1316 9.959789
1400 1346 9.901433
1441 1720 14.964090
1574 1571 18.172462
1458 1456 12.485758
1680 1399 14.714066
1848 1679 12.607851
640 473 10.168492
666 1119 38.319110
1681 1514 12.561347
1792 1511 15.267921
1776 1608 9.629089
72 240 19.507703
420 474 10.089145
308 417 10.143149
1059 1567 33.348914
1738 1626 6.043993
951 1063 5.515603
892 1117 12.740465
1004 1061 9.959926
1747 1289 64.840134
1963 1624 25.250703
1629 1093 145.735688
731 1344 37.718048
1626 1148 154.344385
592 1232 142.318715
1582 1288 85.160529
1739 1623 23.946119
1750 1233 85.874811
1793 1568 13.426031
1099 1204 45.312808
1824 1175 134.016612
478 1287 145.639392
1638 1234 80.046882
1854 1400 42.378700
601 1036 81.757731
645 1176 154.433703
2205 1120 119.971571
713 1092 85.990353
539 758 31.281956
1850 1680 16.786731
1682 1260 147.766036
1856 1345 51.474360
1741 1569 27.829734
1908 1664 100.200705
1573 1512 27.624345
424 813 25.832449
756 529 20.939777
1636 1177 72.219073
1629 1681 26.566891
1738 1316 140.199875
1745 1346 49.611530
757 1720 85.941165
1238 1571 25.207656
1681 1456 13.082209
1623 1399 11.411995
1905 1679 16.846370
698 473 13.971285
812 1119 158.449896
1911 1514 33.324111
1571 1511 21.569684
766 1608 44.711373
979 240 115.962882
364 474 12.789752
755 417 22.204274
2205 1567 99.511284
1856 1626 35.814657
535 1063 137.183295
867 1117 154.986600
422 1061 128.702897
1403 1289 13.863618
1571 1624 15.284573
1260 1093 8.800924
1399 1344 4.207286
756 1148 19.724564
1458 1232 16.832478
1399 1288 8.418204
1399 1623 11.411995
1344 1233 8.425898
1569 1568 6.060971
980 1204 10.942608
671 1175 25.566349
1512 1287 12.794416
1234 1234 0.000000
612 1400 46.603018
1987 1036 47.637771
839 1176 17.769783
445 1120 39.653434
924 1092 8.845810
592 758 17.180305
1905 1680 13.971538
1315 1260 6.399041
507 1345 45.664426
1792 1569 13.426031
1494 1664 12.561945
1625 1512 8.379517
701 813 5.791200
419 529 12.232906
954 1177 12.703742
1680 1681 5.808087
1259 1316 8.425887
1514 1346 8.955698
1552 1720 9.433381
1513 1571 9.605307
1455 1456 6.243929
1120 1399 14.078414
1904 1679 13.971538
583 473 12.450611
1236 1119 32.591175
1624 1514 13.423207
1622 1511 8.379502
1385 1608 12.961111
157 240 19.314721
312 474 14.088750
363 417 9.810731
446 1567 58.032527
1628 1626 11.884771
1065 1063 12.798333
1342 1117 12.682727
1062 1061 6.398751
1972 1289 72.027954
1627 1624 17.819363
1516 1093 153.891739
645 1344 161.776295
1682 1148 152.966661
589 1232 152.699116
1693 1288 78.961229
1905 1623 17.880075
647 1233 154.193022
1740 1568 27.830601
875 1204 47.572646
2019 1175 58.187214
423 1287 141.373546
761 1234 154.791552
1688 1400 47.727804
1574 1036 142.861061
478 1176 143.137322
242 1120 49.967823
1628 1092 145.735227
591 758 12.560203
1906 1680 16.845821
1625 1260 151.440476
1743 1345 44.194005
1908 1569 25.144844
125 1664 105.901252
1626 1512 13.423207
425 813 29.285073
698 529 9.870743
1694 1177 81.295089
1686 1681 28.968809
1682 1316 144.154198
1798 1346 33.442652
476 1720 96.403560
125 1571 90.434067
1573 1456 31.272819
1343 1399 4.208019
1679 1679 0.000000
530 473 8.452980
532 1119 145.142430
1852 1514 21.566783
1679 1511 9.272812
514 1608 163.222867
643 240 98.595303
756 474 21.840416
534 417 25.189371
1924 1567 108.494796
1909 1626 21.000082
478 1063 135.779303
1094 1117 147.408725
756 1061 150.470235
1177 1289 5.465001
1905 1624 16.091941
1095 1093 12.842483
1232 1344 5.483798
867 1148 17.769885
1455 1232 12.740858
1175 1288 8.429705
1904 1623 16.091794
1064 1233 8.801188
1456 1568 5.697001
1037 1204 12.645989
1401 1175 16.847841
1455 1287 8.892009
507 1234 38.654398
1036 1400 174.483992
1597 1036 28.559489
897 1176 14.137264
900 1120 27.698466
1315 1092 8.800823
984 758 16.791557
1570 1680 13.260995
1148 1260 5.465001
340 1345 54.541514
1737 1569 9.433330
1550 1664 13.261172
1680 1512 9.272511
875 813 34.196501
360 529 12.279973
1346 1177 8.815637
1627 1681 14.984216
1651 1316 14.512635
1348 1346 12.724590
1830 1720 12.669902
1739 1571 9.433324
1288 1456 8.891660
1289 1399 13.863647
1736 1679 9.123621
587 473 12.450626
507 1119 41.871227
1289 1514 12.794410
1791 1511 15.268093
1718 1608 13.079485
340 240 20.497237
361 474 7.922625
262 417 11.071901
444 1567 60.492028
1681 1626 9.304445
898 1063 17.876820
1396 1117 14.078414
1284 1061 12.675622
1639 1289 87.920766
1625 1624 5.943770
1738 1093 152.699165
534 1344 153.739340
1629 1148 141.524690
702 1232 154.903107
701 1288 161.968259
1961 1623 22.203743
534 1233 150.512534
1907 1568 25.145424
2205 1204 60.028427
1908 1175 46.578508
479 1287 142.227046
1750 1234 80.223465
1689 1400 53.494837
603 1036 93.018409
533 1176 148.265594
1099 1120 134.687193
714 1092 91.927986
649 758 18.757154
1736 1680 4.192126
1516 1260 146.332715
1804 1345 69.311230
1795 1569 16.747184
1924 1664 100.201150
1572 1512 21.569674
590 813 13.234241
586 529 4.226579
704 1177 150.775113
1628 1681 20.762987
1797 1316 129.720432
1635 1346 60.193661
532 1720 97.120810
1099 1571 149.809024
1572 1456 25.260059
1232 1399 8.846083
1847 1679 9.870969
364 473 17.540030
424 1119 129.400850
1853 1514 25.098970
1791 1511 15.268093
1571 1608 107.138663
810 240 107.945609
586 474 6.658498
698 417 16.646591
1653 1567 133.442118
1965 1626 25.250692
645 1063 147.766171
1039 1117 137.465678
701 1061 142.463595
1176 1289 8.430480
1456 1624 9.143203
1317 1093 10.942603
1824 1344 128.995037
1425 1148 22.088608
953 1232 16.733815
1120 1288 8.800820
1625 1623 11.883869
1347 1233 13.918944
1978 1568 96.760019
1314 1204 9.998882
1230 1175 10.018307
1007 1287 14.048996
949 1234 31.879642
868 1400 175.798318
986 1036 35.201225
1010 1176 12.641400
1237 1120 32.591197
1037 1092 9.998730
266 758 29.940237
1512 1680 9.272511
242 1260 132.878067
788 1345 33.575342
1515 1569 15.541430
1384 1664 14.714104
1736 1512 11.835001
2205 813 81.201186
584 529 8.696649
1124 1177 16.295080
1738 1681 9.122792
1430 1316 13.785941
1291 1346 9.959935
1831 1720 8.426280
1459 1571 5.697001
1287 1456 8.891663
1063 1399 16.446002
1568 1679 8.375317
364 473 17.540030
238 1119 53.148454
1568 1514 15.541430
1513 1511 12.318923
1273 1608 18.031935
555 240 25.470426
532 474 12.450601
414 417 14.344578
388 1567 63.060681
1514 1626 5.791007
785 1063 16.861494
837 1117 14.227667
950 1061 8.417943
1860 1289 71.080604
1906 1624 17.880071
546 1093 83.095756
841 1344 26.585409
1630 1148 136.292173
480 1232 138.129015
1692 1288 73.154286
1569 1623 9.466116
761 1233 149.809003
1685 1568 30.217064
1978 1204 66.928100
1238 1175 41.857691
535 1287 146.439692
1747 1234 63.414072
1796 1400 29.265755
1685 1036 145.892971
758 1176 158.355074
1924 1120 121.236796
1625 1092 158.223085
647 758 8.374844
1628 1680 26.567802
1850 1260 137.903648
1745 1345 55.133350
1907 1569 21.840922
1978 1664 102.499307
1686 1512 34.044711
481 813 29.328493
364 529 16.603283
760 1177 154.953202
1626 1681 9.304445
1516 1316 142.121479
1802 1346 53.095111
1570 1720 99.121814
875 1571 154.739970
1629 1456 34.605569
1680 1399 14.714066
1791 1679 6.210998
645 473 25.229506
366 1119 131.002364
1796 1514 17.358853
1456 1511 4.197118
365 1608 91.510432
757 240 106.134697
475 474 5.047246
364 417 14.344102
125 1567 84.237887
1801 1626 38.111139
537 1063 129.917343
532 1117 141.093947
476 1061 135.779347
1928 1289 125.354441
1679 1624 9.305299
1203 1093 10.017899
1289 1344 9.959935
1487 1148 25.239226
785 1232 23.082054
1402 1288 13.863637
1397 1623 16.769491
1122 1233 8.431271
1513 1568 9.605326
1427 1204 8.846081
1118 1175 10.018305
1064 1287 12.675117
340 1234 48.337304
127 1400 74.314936
1986 1036 48.709497
1343 1176 12.641400
388 1120 43.979847
868 1092 11.044704
315 758 27.625175
1737 1680 9.123639
1428 1260 8.891763
1070 1345 37.821696
1456 1569 8.388242
1720 1664 4.192251
1511 1512 6.159769
645 813 9.272973
363 529 14.288972
1348 1177 17.998676
1683 1681 11.611907
1708 1316 20.449519
1235 1346 8.425915
1721 1720 5.652261
1458 1571 8.388257
1570 1456 13.565386
1735 1399 17.455988
1624 1679 9.305299
311 473 15.524772
340 1119 47.511827
1680 1514 17.358370
1344 1511 8.955694
1217 1608 19.909511
612 240 25.307372
643 474 12.677342
419 417 9.574108
284 1567 70.743611
1573 1626 15.284573
1007 1063 4.211908
1453 1117 16.503401
724 1061 18.031792
1582 1289 79.108088
1629 1624 29.661085
1625 1093 160.090466
732 1344 41.711744
714 1148 90.000015
424 1232 137.413361
645 1288 159.851374
1571 1623 21.196734
645 1233 157.352508
1851 1568 25.136697
1653 1204 23.477579
1978 1175 113.363094
756 1287 165.648502
701 1234 160.090816
1911 1400 46.149068
657 1036 78.961310
761 1176 145.605326
1931 1120 143.998741
1797 1092 138.192994
705 758 21.196666
1572 1680 24.448225
1797 1260 133.810172
594 1345 141.062535
1794 1569 13.425641
875 1664 50.135068
1682 1512 12.562005
427 813 37.751404
755 529 16.777326
759 1177 158.355253
1627 1681 14.984216
1625 1316 147.968535
1969 1346 54.068774
869 1720 82.931602
1931 1571 117.435954
1736 1456 14.964032
1346 1399 16.082893
1961 1679 21.119720
753 473 16.091850
702 1119 146.626454
1740 1514 16.741988
1794 1511 20.918934
1570 1608 101.923472
477 240 90.503118
753 474 16.091711
586 417 10.539754
1978 1567 100.628555
1964 1626 22.204139
756 1063 154.863941
365 1117 128.306303
1324 1061 112.994852
1344 1289 9.959935
1847 1624 13.666346
1039 1093 16.260304
1924 1344 113.340513
1313 1148 20.016309
728 1232 25.317441
1063 1288 12.675117
1285 1623 20.997538
1458 1233 12.740362
1924 1568 104.791437
1428 1204 11.044596
614 1175 29.095290
1121 1287 12.646098
126 1234 69.446210
126 1400 75.608776
1766 1036 38.177678
1291 1176 20.016967
444 1120 42.586497
979 1092 8.845706
923 758 19.322193
1903 1680 13.971538
1427 1260 8.418421
612 1345 46.076547
1905 1569 18.775989
1664 1664 0.000000
1623 1512 8.378823
756 813 9.605401
531 529 10.543894
1120 1177 10.018326
1514 1681 12.561347
1374 1316 16.083289
1292 1346 16.190255
1440 1720 14.964070
1740 1571 12.560470
1679 1456 13.082209
1397 1399 12.620625
1733 1679 9.122792
525 473 18.344113
788 1119 35.583781
1518 1514 24.625813
1847 1511 18.248001
1383 1608 12.961067
17 240 27.396036
476 474 13.330858
312 417 14.557935
162 1567 79.592698
1516 1626 13.424046
895 1063 8.892110
1003 1117 13.918947
1228 1061 12.646098
acc0 20
acc1 93
acc2 232
acc3 365
acc4 506
acc5 595
acc6 654
acc7 698
acc8 720
acc9 753
acc10 778
acc11 792
acc12 812
acc13 821
acc14 838
