928
1588
2017
903
770
1245
1150
1050
1472
644
383
1476
1296
1665
1470
1173
1554
1488
691
2212
1240
1983
440
2285
1182
1341
808
1441
875
816
1496
666
1101
2305
788
460
717
1698
751
2178
1048
1290
1335
1562
1128
1340
64
723
1487
1951
484
1917
1038
1995
384
720
2288
1195
2184
1705
596
902
1289
2321
1712
1817
1304
547
1867
2224
427
651
773
1260
1158
615
2259
1688
1829
1455
1855
1975
1333
1754
1184
1256
1802
330
326
839
1587
1288
825
839
450
1551
449
806
1078
1660
939
1437
45
952
332
147
505
776
266
813
752
1662
1045
1892
686
2072
55
2243
1937
1883
701
1634
49
1188
1422
403
917
1708
1398
1517
634
1005
1348
328
477
1961
573
1105
364
715
1452
78
2152
1293
1567
171
975
1042
755
375
844
538
611
758
647
1083
294
537
591
642
1696
2023
974
444
1755
1509
1316
899
1260
122
225
569
607
732
2029
439
1148
1731
0
1573
1363
1659
772
1233
2273
806
616
16
1830
1208
1297
1787
886
103
150
2192
1379
1913
2170
170
1129
77
1750
940
621
896
2258
2238
1757
1757
2016
1619
1736
2174
991
175
1989
526
565
1988
242
2328
171
1274
276
1788
1367
1230
43
2134
2236
272
228
894
224
2026
287
1526
204
193
336
823
1933
1654
2082
639
1617
857
477
384
2320
908
1430
317
1782
912
1477
425
298
2164
403
1014
47
1252
593
950
1795
561
1955
1986
1378
975
554
1227
2218
1849
1284
1818
1550
2147
1707
2035
1223
1919
1852
2059
25
1039
857
1264
1538
527
2233
1378
2341
2128
1855
928
2060
1089
869
1156
1986
394
1172
1846
284
2153
1621
1017
1536
1732
370
1132
743
1741
1276
1177
1603
5
69
2236
350
1694
1323
550
1927
2195
1646
1825
892
1236
2179
171
1233
1923
217
414
1596
692
1653
1147
850
874
9
1783
1869
1775
867
1362
2186
520
2292
1581
1530
1246
218
225
1562
1954
164
2226
263
519
767
240
99
640
749
1331
541
1086
2342
1362
317
859
857
1666
1000
216
620
2195
1077
2036
1926
1942
556
177
40
977
1449
1533
528
592
1462
188
1822
166
1795
953
166
1261
1128
2216
943
1946
234
17
944
2136
2242
2049
966
1251
2170
400
1601
1252
158
145
1824
168
869
990
551
1325
584
1021
738
1104
1575
902
858
724
604
162
1871
886
1959
1391
575
1552
1326
716
1904
1079
1113
2065
194
2184