1 2 0.913073
1 3 0.909496
1 4 0.611861
1 5 0.871805
1 6 0.760652
1 7 0.868185
1 8 0.884325
1 9 0.923845
1 10 0.892192
1 11 0.922340
1 12 0.930486
2 3 0.920957
2 4 0.717266
2 5 0.881892
2 6 0.721452
2 7 0.902281
2 8 0.893697
2 9 0.853311
2 10 0.889744
2 11 0.888196
2 12 0.942303
3 4 0.668595
3 5 0.910373
3 6 0.725058
3 7 0.944052
3 8 0.944584
3 9 0.881202
3 10 0.919708
3 11 0.875959
3 12 0.953658
4 5 0.707035
4 6 0.598378
4 7 0.715517
4 8 0.679471
4 9 0.608195
4 10 0.627639
4 11 0.653513
4 12 0.697530
5 6 0.763451
5 7 0.902396
5 8 0.956325
5 9 0.843779
5 10 0.923969
5 11 0.851583
5 12 0.901976
6 7 0.717931
6 8 0.740459
6 9 0.745386
6 10 0.739432
6 11 0.736792
6 12 0.722254
7 8 0.909267
7 9 0.826677
7 10 0.861441
7 11 0.849542
7 12 0.940730
8 9 0.874333
8 10 0.950889
8 11 0.857862
8 12 0.917061
9 10 0.878156
9 11 0.879589
9 12 0.873625
10 11 0.856229
10 12 0.894782
11 12 0.905220
