1633
1633
1633
1632
1520
1466
1386
992
941
711
1948
1949
1552
1495
1830
997
993
1470
1638
710
879
654
2205
2238
23
2125
1609
1332
1446
823
767
1430
1581
1317
1525
309
1160
739
559
1934
1318
1318
657
488
545
1329
1218
743
745
16
1525
1524
881
1441
1633
1633
1633
1632
1520
1466
1386
992
941
711
1948
1949
1552
1495
1830
997
993
1470
1638
710
879
654
2205
2238
23
2125
1609
1332
1446
823
767
1430
1581
1317
1525
309
1160
739
559
1934
1318
1318
657
488
545
1329
1218
743
745
16
1525
1524
881
1441
1633
1633
1633
1632
1520
1466
1386
992
941
711
1948
1949
1552
1495
1830
997
993
1470
1638
710
879
654
2205
2238
23
2125
1609
1332
1446
823
767
1430
1581
1317
1525
309
1160
739
559
1934
1318
1318
657
488
545
1329
1218
743
745
16
1525
1524
881
1441
1633
1633
1633
1632
1520
1466
1386
992
941
711
1948
1949
1552
1495
1830
997
993
1470
1638
710
879
654
2205
2238
23
2125
1609
1332
1446
823
767
1430
1581
1317
1525
309
1160
739
559
1934
1318
1318
657
488
545
1329
1218
743
745
16
1525
1524
881
1441
1633
1633
1633
1632
1520
1466
1386
992
941
711
1948
1949
1552
1495
1830
997
993
1470
1638
710
879
654
2205
2238
23
2125
1609
1332
1446
823
767
1430
1581
1317
1525
309
1160
739
559
1934
1318
1318
657
488
545
1329
1218
743
745
16
1525
1524
881
1441
1633
1633
1633
1632
1520
1466
1386
992
941
711
1948
1949
1552
1495
1830
997
993
1470
1638
710
879
654
2205
2238
23
2125
1609
1332
1446
823
767
1430
1581
1317
1525
309
1160
739
559
1934
1318
1318
657
488
545
1329
1218
743
745
16
1525
1524
881
1441