881 1108 22.022350
1338 1042 100.290983
1973 1691 21.119720
1329 1100 33.871798
1526 682 50.553417
1868 1756 6.413001
1424 1367 9.901454
1584 1696 5.905999
63 2312 148.562833
1476 1306 12.618809
5 4 5.108021
458 852 25.832230
2231 2231 0.000000
1247 1523 26.107890
1313 530 40.767606
1119 447 35.517200
2319 2333 3.442523
444 1936 138.714848
2080 625 95.449526
84 180 10.391890
1864 456 88.898718
365 1065 132.724707
1678 2012 20.167257
1242 1133 20.035683
1449 1672 13.082209
1165 664 29.750037
979 1147 8.846057
1499 1327 29.430523
229 2052 102.522146
995 547 23.374899
1119 1542 154.791538
1711 1209 27.300983
760 289 110.292927
2222 2253 5.610948
1796 643 154.826935
1805 854 49.070119
909 797 5.697098
648 1987 72.320114
1116 1117 6.420711
1881 1155 41.004681
1802 386 117.100961
2324 2 164.499790
2128 1675 101.981781
1 15 7.334119
909 964 4.201991
1530 1528 12.319817
1885 551 91.948665
1520 806 92.555346
547 547 0.000000
51 2253 141.395829
1360 739 41.711073
799 1813 63.044057
391 1790 73.933924
1823 1607 46.308579
819 1492 33.802894
1968 1882 98.614780
666 1355 110.889263
1000 1168 8.816006
737 1416 55.301985
1739 450 67.291012
379 2142 97.999138
1713 2187 79.028685
1826 1769 8.696595
369 2008 128.620247
900 1516 30.541671
2336 2329 19.385200
1240 1088 106.247825
1608 602 52.320775
1296 1309 83.106348
2151 2189 3.488156
1672 1813 122.704832
107 2231 132.342440
788 562 16.747104
1838 1669 12.607851
1313 1595 16.860810
389 2153 101.048805
531 816 33.986730
2150 1616 42.255381
2345 2344 5.108085
1347 532 150.530215
709 543 12.572600
693 1744 94.071286
897 1287 21.488517
1273 354 133.445040
2338 38 156.677349
674 785 8.374444
565 948 54.290233
1031 310 44.431409
1873 1992 37.041218
927 925 12.620782
1915 1691 12.869990
909 968 22.144853
596 442 70.518535
602 1947 70.497593
1625 1961 19.416994
972 1354 69.841823
749 1631 98.344618
784 473 119.507504
1354 742 41.711073
2084 317 109.803617
2038 1675 106.458954
2021 1853 16.453534
1183 1353 12.641400
2078 461 90.084692
840 1741 54.727411
2291 1046 90.036762
1623 870 162.480023
1885 1441 33.423803
1570 786 38.942204
2339 1531 65.797002
2152 1958 16.963717
1117 1761 154.110416
1881 2252 68.174615
165 428 81.243494
1176 784 19.724518
2097 660 80.986553
65 44 3.418387
756 723 129.491168
236 1608 88.708328
2336 2287 13.578852
278 328 5.167215
538 709 21.998080
1831 1721 12.669906
1545 1712 9.433410
96 1392 80.283493
337 1821 165.455952
28 2322 169.826310
1034 923 8.408565
854 627 21.337142
1399 1961 32.822320
378 277 9.154098
5 383 44.902608
558 2240 143.272470
1872 508 138.281923
20 20 0.000000
444 678 55.027309
1545 1606 33.078688
902 1776 140.493423
1321 1536 53.865916
1796 395 73.458000
476 696 26.639226
289 258 67.765800
1094 812 16.802117
365 264 8.318217
2213 1997 17.711930
191 2198 169.595348
98 2241 174.870892
133 170 11.557372
347 1584 73.134266
1518 1930 104.989127
1920 2075 16.084792
965 627 21.203271
1856 1827 110.041522
897 1905 52.021095
1490 723 113.671006
2342 19 170.319890
1179 530 134.016430
1358 1741 55.134222
2191 527 142.378748
390 266 85.783628
942 835 31.679190
1383 942 49.822056
1640 1753 8.377933
1747 461 67.290888
201 243 3.582397
33 2251 148.639210
1102 1435 25.262522
1707 726 175.812045
665 721 4.187875
2303 2267 38.604553
865 977 5.620902
241 1877 163.913953
659 660 5.807549
821 1556 54.657764
1374 1210 23.793504
841 337 30.859769
1644 1592 21.196724
658 2098 78.039831
846 1144 110.653154
233 193 7.322336
915 1356 49.780744
146 369 18.880562
480 1263 40.767688
236 23 46.342687
327 2214 111.820918
1238 415 108.460946
1153 1658 25.566368
835 1564 36.210648
1231 2153 55.710151
1918 131 109.003857
410 213 14.378392
1423 677 120.708467
2333 2299 9.469805
448 447 5.048021
637 1356 69.330893
1306 908 45.714926
288 1958 91.605916
416 907 78.503006
2009 1451 31.683071
879 934 4.202183
1148 1765 31.734280
532 868 17.813998
700 1431 39.447506
1540 1457 146.157903
274 2123 159.823371
1812 462 78.534309
22 2313 161.808809
2108 1014 74.556386
1085 1942 107.972032
1369 527 44.017645
495 1977 167.767271
326 152 16.856113
1685 696 128.169291
1409 1746 18.464683
1175 1204 175.784355
92 2260 169.795586
777 1170 21.644884
1822 670 153.360668
1097 649 22.647500
1249 797 33.633237
2181 325 105.023203
1641 574 58.122866
2198 2258 13.946788
728 899 17.520591
135 103 6.742073
2063 1957 11.243661
1210 1015 171.574407
1559 1591 133.610856
1467 1251 51.960498
819 1824 54.616635
1540 585 54.306534
1077 1367 62.420252
334 794 75.247345
1023 1937 116.877152
253 1973 94.602670
1345 840 25.017726
274 2166 148.551698
1612 939 33.963357
3 2317 169.860215
656 1437 43.427771
1959 1961 9.574145
477 2107 152.283786
2241 109 137.790858
1017 1362 59.949168
1641 545 152.732301
1139 1030 19.957889
763 1600 44.711373
1913 236 126.716015
900 1003 56.944751
775 1773 79.987925
1016 1675 87.771222
18 48 11.422324
1462 890 81.185749
747 690 9.305376
1818 255 97.570728
891 162 53.314303
286 1002 46.813849
730 1264 159.002357
1456 1066 24.991823
944 1911 99.273071
203 2001 140.839341
33 153 38.524796
1051 2293 90.315880
1285 1563 20.998833
1078 548 141.822182
1564 1224 30.191784
1234 267 132.299888
1006 619 38.937700
1427 416 55.690872
846 633 65.519727
2039 1435 51.573250
661 2005 71.642849
2305 2 160.027592
523 608 116.422489
1515 1226 61.533810
2064 147 159.222226
2065 1332 82.757545
954 949 31.538062
2241 82 139.277649
838 1768 144.629175
1591 768 113.871994
1599 2066 108.494572
459 1807 73.830688
1931 1761 12.677061
644 762 36.016361
2108 1959 12.383865
2173 2087 15.090035
1455 1460 31.194726
1056 773 25.995467
476 265 15.371086
64 64 0.000000
247 2249 141.450599
1594 1048 94.839561
669 993 74.917142
1456 1347 19.720742
1541 1427 12.587223
1765 779 143.369993
2153 1581 62.876047
756 244 105.784611
1852 608 96.403691
880 1108 27.698559
222 1042 50.277247
1002 1691 110.889262
1660 1100 28.106402
1417 682 59.376533
1836 1756 112.213191
1339 1367 163.573597
518 1696 60.916086
15 2312 163.850577
1749 1306 38.137991
1 4 8.540780
1860 852 51.451496
2299 2231 39.625446
1416 1523 31.679165
1454 530 158.725253
1172 447 41.004194
2318 2333 5.036630
1815 1936 48.979726
2098 625 149.665766
40 180 17.236789
1022 456 45.880645
591 1065 143.905615
1395 2012 37.934620
1493 1133 153.892407
1325 1672 69.109745
623 664 85.928738
1258 1147 8.431287
1886 1327 30.588646
2078 2052 81.083543
403 547 103.732330
703 1542 42.910522
1378 1209 12.632471
1263 289 135.397975
2303 2253 13.114972
638 643 28.178626
255 854 38.458557
1421 797 61.829864
502 1987 171.410649
1566 1117 23.081858
1368 1155 74.097535
178 386 77.238584
22 2 10.573840
1475 1675 133.518160
5 15 6.228753
1634 964 35.674327
1696 1528 9.272524
331 551 17.077039
1299 806 70.888236
602 547 4.203862
2186 2253 14.496534
1638 739 48.564428
2084 1813 22.427678
2113 1790 36.512863
1770 1607 32.660270
1240 1492 160.409688
932 1882 51.470015
1442 1355 150.847004
821 1168 71.548215
801 1416 30.616486
1853 450 76.013143
548 2142 87.969415
395 2187 108.650163
2209 1769 32.899113
992 2008 78.809330
1567 1516 33.685269
2331 2329 9.999410
784 1088 146.650944
323 602 20.121548
1621 1309 142.462632
316 2189 154.335029
388 1813 159.357140
78 2231 133.185927
501 562 24.334263
1553 1669 24.448766
1454 1595 146.158083
722 2153 88.670792
787 816 142.703035
1301 1616 127.917963
2301 2344 11.589857
901 532 125.156409
1562 543 84.799172
1087 1744 98.241763
1011 1287 26.279901
1407 354 81.708255
2346 38 160.689242
1315 785 163.138517
622 948 62.273840
918 310 41.797225
836 1992 127.017930
1508 925 148.319943
577 1691 67.837566
1634 968 50.425462
523 442 105.400827
547 1947 73.457808
1621 1961 28.969484
1017 1354 17.631663
807 1631 105.843178
267 473 34.095977
1106 742 154.682568
1993 317 90.891596
1789 1675 12.881271
1702 1853 87.728858
2085 1353 92.431796
2119 461 90.969718
1622 1741 40.860054
2020 1046 135.487344
424 870 26.996298
1938 1441 45.691888
1287 786 29.529765
512 1531 84.463518
1284 1958 38.106895
1509 1761 134.961014
1859 2252 59.640820
571 428 107.889932
1289 784 26.681427
375 660 28.940675
2316 44 150.309871
1456 723 45.952848
2140 1608 33.819454
91 2287 173.146669
139 328 70.866459
874 709 23.022517
1697 1721 122.000719
143 1712 95.496479
2169 1392 109.592308
1486 1821 19.132154
52 2322 149.982172
1035 923 5.560901
905 627 20.924606
1767 1961 106.066415
1888 277 89.855241
6 383 41.690588
642 2240 95.671213
478 508 109.271965
2331 20 174.828864
183 678 98.309266
143 1606 102.575313
898 1776 118.926174
500 1536 161.752098
127 395 26.831303
336 696 107.814994
1540 258 81.931707
1122 812 158.450157
591 264 25.111914
2335 1997 54.031415
232 2198 168.150612
16 2241 158.885369
2324 170 136.561879
1644 1584 27.135938
2069 1930 80.468891
1413 2075 38.055611
856 627 31.833564
1894 1827 53.102382
2152 1905 17.891367
499 723 12.457198
3 19 10.573840
1684 530 148.169212
1038 1741 150.642181
2207 527 96.476217
340 266 85.511731
1604 835 102.007732
1588 942 167.412888
578 1753 60.102995
691 461 34.908379
1929 243 153.934125
100 2251 140.442120
1389 1435 65.780977
1427 726 167.038971
860 721 140.501330
217 2267 123.129930
360 977 35.164790
1033 1877 52.274417
1666 660 52.252263
1000 1556 37.522541
1621 1210 121.083944
1180 337 53.670515
1142 1592 25.543664
1583 2098 107.369002
1573 1144 121.125275
2074 193 153.540991
1164 1356 150.025910
1059 369 104.977027
1426 1263 32.265602
2140 23 145.062432
437 2214 105.307321
1028 415 39.032002
1651 1658 38.171660
1425 1564 148.100535
2153 2153 0.000000
101 131 4.179072
173 213 4.902153
1983 677 127.695243
19 2299 160.531602
1123 447 42.586999
1609 1356 147.968628
1586 908 50.464128
1768 1958 99.707357
1387 907 151.623071
2059 1451 35.284846
989 934 9.901239
556 1765 152.720486
1090 868 12.619599
615 1431 154.478348
1203 1457 163.239668
375 2123 153.306733
885 462 124.929734
2324 2313 22.214838
1537 1014 126.134925
1351 1942 125.896455
1741 527 125.817951
2157 1977 42.092928
253 152 67.609649
923 696 21.514440
1411 1746 18.464683
813 1204 21.549924
36 2260 143.466128
1238 1170 73.946725
1147 670 151.211273
535 649 12.881515
628 797 9.433060
2217 325 108.989905
524 574 34.858500
2180 2258 52.390625
1483 899 155.036636
104 103 5.129292
2009 1957 11.486386
726 1015 54.269847
1181 1591 111.149205
794 1251 60.976747
267 1824 83.918171
289 585 94.903978
1391 1367 150.510909
374 794 118.646312
196 1937 135.783398
326 1973 169.522733
1626 840 40.975359
375 2166 141.476742
1334 939 24.982088
103 2317 161.334427
655 1437 41.106900
1734 1961 20.592834
1907 2107 30.839568
2047 109 133.221910
1532 1362 17.781331
2058 545 94.394777
1355 1030 72.354946
704 1600 44.785702
1526 236 131.384805
525 1003 135.982351
1494 1773 17.358812
1394 1675 14.714064
2300 48 146.464400
1035 890 141.254468
2127 690 81.561945
1613 255 149.770857
1508 162 79.387105
2113 1002 83.135139
1399 1264 144.027967
756 1066 150.470239
904 1911 52.368941
517 2001 168.249736
324 153 15.005294
112 2293 137.002050
614 1563 52.611502
837 548 57.007793
1063 1224 48.850884
1738 267 157.972232
1677 619 67.149874
1707 416 68.813705
1573 633 91.137671
1483 1435 49.847205
441 2005 84.614732
2283 2 156.529674
1628 608 90.028276
1627 1226 62.297390
650 147 34.283202
1910 1332 104.407457
1346 949 34.595502
2047 82 131.667107
1428 1768 29.527159
999 768 44.972446
589 2066 158.250072
1301 1807 27.641256
2130 1761 24.307858
1010 762 142.477048
2062 1959 9.154248
2041 2087 9.818123
866 1460 145.803608
1853 773 113.870013
757 265 29.816113
46 64 15.546724
2135 2249 40.687737
1199 1048 109.194975
1829 993 48.027538
756 1347 158.185505
1008 1427 175.792723
1763 779 152.169478
2066 1581 59.024405
1456 244 68.663122
2173 608 127.684040
601 1108 29.923442
1056 1042 89.480598
1895 1691 100.200648
1198 1100 86.789244
1308 682 72.339881
453 1756 114.234101
1282 1367 165.951237
568 1696 75.203981
4 2312 160.002765
1446 1306 160.498139
6 4 9.445961
1802 852 50.597328
2198 2231 3.461984
1857 1523 21.566783
1823 530 75.894394
703 447 113.559362
2343 2333 3.517094
183 1936 97.926015
2125 625 99.132311
335 180 76.819609
1365 456 90.080196
2131 1065 131.546054
839 2012 62.388077
1491 1133 142.587826
1533 1672 136.983419
1842 664 62.122282
753 1147 21.776249
1809 1327 125.755659
2119 2052 77.478219
1615 547 60.673940
1208 1542 20.932496
1760 1209 57.930501
891 289 50.022420
217 2253 167.163701
127 643 88.523958
358 854 49.664546
1811 797 63.044600
670 1987 161.738356
1096 1117 134.686900
857 1155 114.569558
1860 386 130.266747
133 2 23.801281
599 1675 89.091043
3 15 13.038201
1421 964 61.546342
1691 1528 34.044730
826 551 30.216835
219 806 44.576101
436 547 8.487284
13 2253 161.096967
736 739 17.819382
1716 1813 82.879245
586 1790 179.999901
1313 1607 87.920421
267 1492 70.308811
1724 1882 56.008505
901 1355 44.147394
1083 1168 171.569532
1083 1416 25.277972
222 450 88.931942
1942 2142 22.515942
1505 2187 44.679366
1575 1769 127.472749
2081 2008 85.062539
418 1516 138.497470
91 2329 149.227117
819 1088 69.983968
322 602 23.493075
1371 1309 35.201145
1453 2189 46.999636
1188 1813 60.466555
2330 2231 36.918372
287 562 21.455198
884 1669 39.649243
1823 1595 29.813524
1086 2153 116.385731
947 816 116.493211
459 1616 125.949234
2328 2344 16.690387
1958 532 167.201920
1772 543 65.761854
505 1744 76.221919
1284 1287 19.197500
2036 354 98.010009
2138 38 144.333604
286 785 32.794228
1517 948 63.506428
470 310 22.347982
1004 1992 118.772330
891 925 131.727380
1302 1691 29.336888
692 968 25.699222
536 442 88.051949
436 1947 80.110153
1371 1961 127.853425
1532 1354 66.184908
974 1631 100.031917
1240 473 106.771814
625 742 29.562112
1716 317 75.404177
509 1675 87.773615
1703 1853 92.226325
1578 1353 12.866771
276 461 92.254337
759 1741 162.819825
414 1046 95.831880
982 870 5.560901
826 1441 31.834070
729 786 4.188468
2196 1531 60.894114
1821 1958 101.326713
1957 1761 109.753013
1368 2252 105.195107
1185 428 140.737854
1683 784 48.610522
2073 660 145.903634
2307 44 174.826689
1906 723 72.205675
2053 1608 31.353107
2331 2287 30.132416
380 328 6.930395
1607 709 46.503290
2311 1721 64.508891
1182 1712 149.014043
2223 1392 60.154858
1457 1821 131.280359
10 2322 162.023150
422 923 29.847334
766 627 131.193720
724 1961 70.758119
194 277 18.952159
1 383 44.897527
1283 2240 103.718405
1342 508 58.398969
34 20 5.036659
1815 678 118.599781
1115 1606 82.151116
2049 1776 18.001447
1124 1536 130.651268
593 395 108.755476
812 696 28.326403
2040 258 109.697131
647 812 17.358919
1091 264 43.968100
226 1997 98.620724
2271 2198 48.525419
1692 2241 78.419005
22 170 25.069936
1928 1584 48.087250
875 1930 75.023447
456 2075 92.564894
1863 627 67.786395
376 1827 82.127503
1011 1905 47.981512
670 723 14.985170
9 19 4.623635
950 530 134.169505
1854 1741 8.426564
885 527 117.275387
1619 266 134.089865
1380 835 99.192312
1935 942 102.058772
510 1753 91.935015
1053 461 128.702473
199 243 10.358442
2242 2251 39.557493
1115 1435 103.132982
1316 726 163.058563
677 721 66.763861
2222 2267 50.313624
526 977 29.627166
474 1877 78.524834
1326 660 50.362897
737 1556 140.983906
1296 1210 161.976260
1737 337 74.838588
1928 1592 18.775989
1671 2098 38.444339
1714 1144 71.732370
2075 193 157.722829
1551 1356 151.600667
731 369 114.702429
1962 1263 132.362147
2053 23 142.568513
137 2214 164.864215
777 415 116.939125
868 1658 54.265107
1348 1564 50.991979
2191 2153 3.568284
205 131 8.599088
2071 213 118.265606
2190 677 87.840462
2351 2299 20.110005
893 447 26.996221
1705 1356 80.714464
1633 908 39.448107
1230 1958 39.186900
1127 907 27.698466
1870 1451 131.280352
1103 934 8.845813
1549 1765 47.519562
1484 868 30.541598
1599 1431 9.143300
289 1457 62.953321
2097 2123 71.327185
1830 462 161.655922
133 2313 163.660951
1930 1014 124.965097
1746 1942 109.753013
1042 527 71.081176
106 1977 108.281765
2345 152 155.871104
2041 696 81.391488
971 1746 68.372484
1736 1204 148.680987
2262 2260 10.204312
1028 1170 162.000440
1039 670 133.844361
1319 649 35.845784
1803 797 52.527431
256 325 79.622562
1001 574 121.421578
2245 2258 46.798042
2039 899 142.945747
2232 103 130.726009
223 1957 148.359783
1202 1015 124.941087
1281 1591 153.318772
973 1251 21.062930
1240 1824 136.895564
1203 585 35.060961
1046 1367 100.290711
1426 794 108.645491
541 1937 76.267483
1866 1973 25.989471
1512 840 33.203495
2097 2166 62.994881
1448 939 37.894436
2317 2317 0.000000
1713 1437 25.521921
1595 1961 116.939398
1935 2107 78.580423
444 109 75.192959
972 1362 24.982669
2032 545 143.080587
1630 1030 101.988229
844 1600 174.208502
1578 236 116.997422
418 1003 125.896190
1497 1773 30.216436
1227 1675 22.647597
2251 48 139.717520
422 890 109.159043
689 690 5.807181
1481 255 79.152113
927 162 108.057311
2067 1002 80.317050
1767 1264 27.641235
1906 1066 43.813849
2037 1911 79.334375
1812 2001 96.640317
2143 153 115.859039
1873 2293 43.938522
1255 1563 157.799595
426 548 52.082318
1149 1224 118.892226
892 267 102.272057
1593 619 140.977831
1316 416 54.103820
893 633 117.111312
728 1435 139.489749
1242 2005 110.431989
81 2 20.843275
596 608 66.495751
2016 1226 64.720578
1155 147 60.456750
1670 1332 21.085432
870 949 142.105504
2035 82 115.467416
1343 1768 129.720263
285 768 71.629425
2113 2066 7.175117
1637 1807 12.572344
2086 1761 20.926673
2084 762 89.354111
2190 1959 18.473605
1990 2087 14.687529
2111 1460 40.262036
1338 773 42.055928
924 265 38.637325
2313 64 147.871348
129 2249 140.277529
758 1048 66.989283
555 993 63.855390
1906 1347 30.588718
560 1427 159.179837
1232 779 38.600097
734 1581 58.465398
1906 244 91.068483
621 608 71.739424
542 1108 46.355566
2089 1042 63.208067
1952 1691 92.294484
1015 1100 167.317474
1578 682 44.847903
1581 1756 44.670832
1706 1367 25.138763
1783 1696 120.129773
2212 2312 18.528535
1480 1306 35.788291
2 4 9.857484
254 852 39.902150
20 2231 143.082122
748 1523 68.742336
1791 530 175.773354
1208 447 133.923624
7 2333 163.309700
1982 1936 46.725933
2142 625 143.572174
1659 180 88.419334
690 456 55.027301
1091 1065 163.139831
360 2012 170.297911
1817 1133 80.538106
947 1672 42.454257
1788 664 62.035128
1761 1147 32.514022
2093 1327 49.057008
102 2052 154.747584
629 547 119.277452
1172 1542 140.256970
1871 1209 64.930372
1508 289 72.142917
158 2253 127.779664
930 643 45.483777
543 854 127.195048
1634 797 44.711244
482 1987 87.043604
1095 1117 141.058506
1859 1155 137.678493
1980 386 170.425894
57 2 17.088032
776 1675 48.610518
58 15 24.607396
1353 964 29.488844
1972 1528 33.484800
1938 551 104.054919
1676 806 166.739074
439 547 22.027608
2203 2253 50.791629
961 739 16.770279
1993 1813 63.557686
452 1790 78.534295
1454 1607 87.687497
784 1492 128.175541
292 1882 168.668519
362 1355 102.077754
1321 1168 99.543261
1000 1416 157.649255
2089 450 165.659866
2184 2142 16.451117
818 2187 115.955689
875 1769 47.009205
1164 2008 55.343554
262 1516 131.685792
10 2329 170.319535
267 1088 59.852951
458 602 108.037628
1374 1309 57.448731
1351 2189 63.550972
310 1813 86.053628
2273 2231 47.127469
1340 562 54.243951
1721 1669 20.265857
1791 1595 128.941000
678 2153 84.211413
1824 816 51.451496
1637 1616 117.345620
2312 2344 19.997321
666 532 112.163042
719 543 49.056744
1280 1744 98.593846
2152 1287 50.998488
2266 354 117.396137
2176 38 144.675722
1933 785 157.495184
242 948 46.788552
616 310 101.458487
112 1992 110.352819
760 925 17.661200
356 1691 87.909901
1421 968 38.765135
1628 442 87.590113
321 1947 92.342783
1374 1961 126.878754
1914 1354 30.033789
361 1631 122.700075
1902 473 174.951985
698 742 66.763870
1058 317 97.542589
1200 1675 152.966559
386 1853 100.307205
126 1353 90.519070
229 461 89.029897
865 1741 131.411857
1185 1046 171.569540
1985 870 61.649125
2169 1441 87.271290
1403 786 31.899667
4 1531 105.007610
1741 1958 38.655539
1541 1761 22.380540
857 2252 121.138445
1254 428 91.688947
1679 784 45.281772
274 660 30.197212
52 44 31.849029
196 723 33.752679
349 1608 156.939446
2287 2287 0.000000
2177 328 115.635183
567 709 123.867541
2137 1721 38.232862
1115 1712 116.586277
1938 1392 82.704626
1005 1821 142.421340
2274 2322 31.437077
806 923 31.271906
1941 627 163.028599
730 1961 64.478088
2137 277 113.594391
14 383 42.324321
900 2240 125.776510
361 508 89.487042
2342 20 173.771266
483 678 119.083974
2061 1606 75.639925
2095 1776 23.919108
1711 1536 42.951913
1563 395 79.372206
757 696 30.216598
1203 258 63.058840
764 812 45.790252
2131 264 101.833250
2327 1997 43.137731
155 2198 164.934969
1410 2241 94.980443
57 170 23.145806
712 1584 158.803405
115 1930 109.477996
1778 2075 99.308572
1029 627 60.723516
1782 1827 55.469728
1821 1905 106.842326
502 723 20.952607
2323 19 157.566203
1984 530 77.561289
1742 1741 5.652629
991 527 93.120022
1377 266 61.775858
790 835 63.832594
1544 942 96.626357
1826 1753 88.064730
1166 461 129.828900
2010 243 102.901815
124 2251 129.570037
996 1435 61.482900
754 726 135.214601
400 721 79.816429
158 2267 165.503199
499 977 132.577130
1285 1877 131.553213
877 660 43.734965
801 1556 173.939028
1371 1210 45.101069
220 337 81.758931
696 1592 44.847903
2185 2098 27.581962
1123 1144 134.687193
2272 193 131.770486
992 1356 179.999895
557 369 91.042984
334 1263 123.131568
349 23 44.641570
231 2214 116.765743
1460 415 125.284717
1712 1658 9.123459
1934 1564 107.564024
2113 2153 9.472918
167 131 8.231992
494 213 89.031896
317 677 108.971596
2334 2299 14.541347
1573 447 68.127195
1882 1356 121.283679
1941 908 148.689081
1757 1958 103.739297
425 907 116.677456
1306 1451 145.438660
1216 934 16.733750
1558 1765 95.200968
952 868 155.040886
1262 1431 8.891767
2040 1457 117.147183
275 2123 164.378504
991 462 130.183974
2314 2313 5.181515
782 1014 50.991997
1215 1942 39.186921
1821 527 78.462767
1922 1977 4.329543
2328 152 144.970028
1595 696 48.609877
686 1746 57.999082
1036 1204 8.800928
11 2260 153.838070
2011 1170 48.159618
1150 670 142.257793
1118 649 128.151652
1725 797 152.169500
2079 325 164.182494
2032 574 84.422927
2295 2258 40.282885
925 899 153.461793
2218 103 159.984433
240 1957 94.448557
1066 1015 28.847035
520 1591 67.266760
694 1251 33.754148
784 1824 150.186883
2040 585 83.199522
445 1367 147.805650
2238 794 111.270968
200 1937 155.537980
175 1973 108.860616
1233 840 19.590004
275 2166 152.705828
1283 939 53.760754
2323 2317 24.720786
818 1437 34.274028
923 1961 148.688933
1544 2107 97.585620
218 109 13.584464
402 1362 66.650664
988 545 37.935595
1304 1030 37.822576
1433 1600 9.143299
1308 236 132.809254
1567 1003 37.522541
1557 1773 47.519882
808 1675 171.624824
38 48 30.111430
1276 890 40.019771
128 690 76.047048
561 255 73.107870
760 162 99.162831
559 1002 37.935012
724 1264 127.599311
2066 1066 54.549179
1779 1911 95.327206
1889 2001 10.286003
166 153 54.649977
791 2293 125.299128
1758 1563 131.991402
2345 548 126.951811
1178 1224 67.526921
867 267 40.291646
1317 619 154.733946
754 416 22.204256
1714 633 118.825506
925 1435 42.924300
1491 2005 66.368650
2244 2 159.689398
536 608 87.589164
592 1226 111.027088
695 147 56.818906
584 1332 126.904878
1235 949 37.753505
1982 82 112.054353
816 1768 48.288145
732 768 116.993242
2067 2066 4.915090
2046 1807 88.881797
1932 1761 20.592405
2037 762 82.327775
2064 1959 8.713972
2238 2087 15.721776
287 1460 67.999511
2089 773 109.553504
812 265 33.086009
27 64 7.466279
713 2249 92.742691
1065 1048 108.555096
613 993 77.654575
287 1347 60.707478
2015 1427 122.255138
312 779 107.474221
1297 1581 25.995392
2253 244 120.759951
1932 608 136.561470
1839 1108 43.104254
1853 1042 150.020640
2187 1691 71.096525
792 1100 157.799402
1183 682 29.750545
405 1756 81.605252
504 1367 138.078469
454 1696 87.560615
123 2312 156.413838
654 1306 124.143572
14 4 7.966079
2028 852 64.654224
54 2231 136.270208
1137 1523 39.908393
1770 530 80.415768
810 447 121.967279
23 2333 179.999508
2035 1936 42.619321
2302 625 107.457939
2194 180 158.506748
1495 456 150.715577
1546 1065 148.557700
976 2012 144.010900
955 1133 61.092269
1479 1672 136.572067
1432 664 107.295557
672 1147 151.211072
2094 1327 46.612558
150 2052 111.097315
345 547 93.036095
810 1542 46.389370
1337 1209 102.309088
927 289 119.170366
227 2253 145.066611
1563 643 152.169415
211 854 40.258167
692 797 41.824092
845 1987 138.497943
1792 1117 38.905968
1043 1155 5.464996
458 386 71.660687
2314 2 169.860215
1689 1675 79.416135
14 15 5.171012
692 964 47.727095
767 1528 146.315939
466 551 109.908724
1925 806 58.033209
1996 547 84.240746
2344 2253 17.980089
967 739 27.083497
1166 1813 144.939546
1152 1790 129.432334
1330 1607 20.970156
388 1492 110.452074
1858 1882 102.141938
762 1355 146.901470
737 1168 107.780032
1070 1416 66.054160
613 450 25.945260
2178 2142 15.944681
1221 2187 66.777253
510 1769 171.303208
1551 2008 63.217985
529 1516 136.002254
2314 2329 4.047386
1902 1088 146.066981
1980 602 146.087376
1631 1309 87.920766
1085 2189 119.071943
1099 1813 91.429293
193 2231 160.288361
1956 562 80.292619
1278 1669 21.950240
1682 1595 131.389678
1816 2153 86.184686
1479 816 67.530266
1995 1616 67.316763
50 2344 156.679382
362 532 16.032682
1055 543 57.276833
921 1744 110.475361
1821 1287 137.903604
1195 354 46.496411
234 38 49.619631
1489 785 152.376513
648 948 120.623486
833 310 108.989783
791 1992 151.614143
1263 925 20.838348
687 1691 56.508960
1353 968 51.667083
1396 442 51.469904
298 1947 163.725725
675 1961 67.777078
411 1354 74.834269
1645 1631 81.655276
819 473 62.297534
957 742 56.256752
1507 317 117.790564
911 1675 130.479415
2304 1853 38.689654
1308 1353 73.360519
2160 461 94.530090
1514 1741 21.337645
1254 1046 106.247853
1062 870 150.523284
1381 1441 22.144781
1740 786 50.363359
5 1531 110.068758
897 1958 57.527071
560 1761 165.746170
2301 2252 7.633806
803 428 92.189288
1121 784 17.882107
2309 660 129.127985
10 44 22.731378
336 723 27.567785
2350 1608 70.345297
45 2287 174.567650
2000 328 94.125551
537 709 27.267757
2251 1721 52.662975
333 1712 130.317550
1381 1392 69.232644
864 1821 59.825562
2306 2322 7.193166
1462 923 136.361701
1787 627 117.181111
1869 1961 90.024164
2121 277 174.256037
58 383 63.394955
1612 2240 73.302432
1041 508 139.232389
9 20 3.516692
1701 678 105.966739
1182 1606 146.411384
2179 1776 28.018828
396 1536 129.481265
930 395 124.309608
924 696 30.915196
139 258 10.849308
1112 812 122.704683
983 264 42.857584
26 1997 122.200728
2215 2198 57.410073
384 2241 136.477792
2314 170 160.333546
1601 1584 101.923664
1575 1930 100.812085
2047 2075 78.583834
1840 627 130.998780
1590 1827 76.475421
1741 1905 25.945306
845 723 60.443375
2317 19 164.967036
1534 530 56.955432
1630 1741 8.377960
1830 527 113.699556
876 266 44.295405
1937 835 120.025721
1907 942 89.356602
2083 1753 32.973839
332 461 81.256127
1268 243 121.501735
346 2251 131.150902
1673 1435 84.143344
726 726 0.000000
2019 721 99.049857
2044 2267 26.828441
864 977 8.398708
614 1877 163.412986
2141 660 82.796437
1083 1556 154.004636
1631 1210 153.170664
873 337 112.603925
1875 1592 25.136697
1468 2098 113.214521
893 1144 162.307906
328 193 11.581218
1835 1356 131.972516
1129 369 131.002560
374 1263 62.538082
23 23 0.000000
1998 2214 17.574719
1253 415 46.869015
980 1658 50.363031
420 1564 150.863408
2152 2153 5.017199
248 131 12.712299
195 213 66.870694
1911 677 64.756148
2349 2299 13.426001
1963 447 84.281984
562 1356 73.083789
1870 908 80.272425
320 1958 131.820650
572 907 18.763953
1926 1451 127.631269
1044 934 13.863567
1764 1765 5.475303
756 868 5.697098
1264 1431 12.619442
1064 1457 19.501863
2073 2123 24.714000
342 462 43.433351
57 2313 156.691471
1305 1014 74.981064
316 1942 93.087208
180 527 31.093806
1809 1977 10.539550
1866 152 146.886715
1204 696 37.561162
629 1746 59.795323
1203 1204 4.215642
27 2260 169.734839
372 1170 90.000076
1598 670 153.432742
1286 649 135.352664
1664 797 171.625403
305 325 79.946130
1687 574 71.353558
2248 2258 42.208643
1509 899 46.286035
103 103 0.000000
2059 1957 14.307404
1965 1015 50.798181
894 1591 160.677916
567 1251 80.538161
388 1824 139.669808
471 585 12.450611
1629 1367 107.204000
1962 794 75.756942
141 1937 116.302897
2328 1973 51.986316
1291 840 29.165718
2309 2166 17.236195
558 939 65.178851
2342 2317 6.959597
521 1437 126.675599
1204 1961 134.607702
1588 2107 103.088776
716 109 85.774621
830 1362 171.044428
1001 545 53.094787
1021 1030 57.209372
1601 1600 5.943292
1977 236 161.424599
262 1003 116.880957
1659 1773 12.881341
581 1675 167.118694
88 48 29.847040
806 890 146.754698
847 690 63.012686
1429 255 92.640038
1263 162 124.261581
198 1002 51.779994
1869 1264 71.081125
1232 1066 18.023199
588 1911 144.068664
301 2001 173.614663
2242 153 134.270706
1436 2293 61.112880
1033 1563 163.208724
1496 548 52.805486
816 1224 100.016953
223 267 3.853808
1877 619 163.413085
1990 416 94.206291
1123 633 91.522470
946 1435 101.833250
1817 2005 95.019226
154 2 32.219118
1396 608 46.603024
1036 1226 138.240837
1126 147 117.637456
1101 1332 46.190818
1262 949 147.735050
183 82 26.862571
1401 1768 134.731165
1946 768 63.060670
391 2066 92.877628
1995 1807 93.035751
2038 1761 17.593799
224 762 33.138317
2189 1959 17.794427
2039 2087 3.593318
1907 1460 25.127995
1523 773 146.315665
336 265 83.655101
44 64 5.432421
1780 2249 36.727715
1511 1048 97.702306
1620 993 78.526660
1231 1347 26.166848
1117 1427 162.049126
314 779 101.098120
1649 1581 74.157729
72 244 18.266111
1382 608 73.510705
430 1108 49.999283
1739 1042 150.642109
608 1691 126.042565
848 1100 160.410100
769 682 131.389800
1272 1756 120.027320
479 1367 67.146111
1557 1696 134.718425
2344 2312 19.997321
1675 1306 138.276422
58 4 13.397458
1608 852 174.208502
2260 2231 3.442086
1502 1523 124.593049
1682 530 158.422800
1114 447 46.075633
2350 2333 8.848591
2241 1936 25.206319
2179 625 147.444674
2193 180 163.548808
1047 456 131.553545
983 1065 163.279410
1229 2012 43.424672
441 1133 117.362705
1824 1672 83.067204
999 664 18.223525
559 1147 145.682501
2102 1327 58.902961
2160 2052 73.895298
686 547 122.704872
1114 1542 127.088266
291 1209 133.421497
242 289 5.744198
2044 2253 60.528488
593 643 33.766912
2002 854 150.536974
1353 797 37.522703
1490 1987 45.928125
368 1117 117.668365
1155 1155 0.000000
246 386 48.078117
2199 2 147.331019
237 1675 78.065386
2 15 12.057374
1071 964 32.265525
197 1528 124.781572
1381 551 72.258361
1266 806 82.792141
383 547 25.189564
0 2253 158.378273
1560 739 129.155792
332 1813 165.135821
1040 1790 133.013100
528 1607 107.616565
1902 1492 96.380801
2169 1882 43.473040
1632 1355 20.969856
396 1168 80.453064
821 1416 136.025764
1207 450 143.999170
1978 2142 79.938554
1884 2187 63.868146
2083 1769 51.418202
1835 2008 33.573778
642 1516 142.644870
22 2329 165.840985
1069 1088 121.207470
1860 602 167.329887
675 1309 118.415718
1211 2189 106.507067
1580 1813 52.994744
58 2231 143.664677
640 562 111.190388
633 1669 175.807944
1430 1595 19.322179
1298 2153 66.080474
1449 816 109.007520
147 1616 112.570092
87 2344 162.444591
762 532 36.629879
1534 543 112.064461
761 1744 157.619129
1741 1287 43.136460
544 354 95.939701
12 38 10.092726
2133 785 142.996698
809 948 149.384024
788 310 104.015222
1051 1992 79.151080
1037 925 5.515603
552 1691 129.343247
1071 968 57.448353
1335 442 49.816129
439 1947 82.639252
1793 1961 10.539554
830 1354 126.134017
1531 1631 72.181051
1069 473 113.168581
1196 742 43.707949
1728 317 112.286431
1945 1675 52.304185
580 1853 109.786346
1786 1353 91.120727
102 461 31.761477
1569 1741 27.829734
1052 1046 38.388796
1373 870 24.959552
1968 1441 118.350866
1987 786 153.830007
2345 1531 69.931203
1011 1958 56.603815
1008 1761 154.734102
2278 2252 3.605993
1751 428 139.021809
1571 784 43.289592
108 660 85.002436
28 44 6.206623
284 723 26.726129
2049 1608 27.601392
2288 2287 5.154920
377 328 20.093612
1451 709 92.312436
2070 1721 95.422521
1521 1712 125.272513
932 1392 79.737354
1309 1821 55.683771
2307 2322 11.330329
1276 923 113.120370
240 627 65.569339
2111 1961 10.916289
1971 277 159.644200
2 383 48.833139
1334 2240 89.982010
451 508 8.452980
35 20 3.442706
2035 678 121.671804
554 1606 88.941037
2137 1776 31.163889
1760 1536 11.835001
945 395 63.611321
1683 696 139.543919
176 258 8.923752
534 812 17.359289
1849 264 165.165465
2212 1997 19.562157
2294 2198 44.467132
773 2241 107.791760
2199 170 119.395578
890 1584 142.681606
510 1930 136.610110
176 2075 118.608081
1217 627 152.699261
1886 1827 13.330983
1284 1905 41.996455
1617 723 46.503238
2 19 6.695471
2129 530 87.938502
1855 1741 12.669835
342 527 83.105900
72 266 60.834414
1385 835 69.282128
477 942 99.046944
1575 1753 61.575946
1728 461 139.021366
1718 243 133.073454
166 2251 138.189396
1364 1435 94.222103
670 726 4.187868
2267 721 130.584287
227 2267 129.512910
261 977 41.751191
1274 1877 84.100055
2092 660 96.742938
396 1556 114.630641
675 1210 150.721010
1458 337 61.033609
1116 1592 163.258400
1133 2098 130.110543
1963 1144 121.860512
138 193 60.860510
490 1356 149.555855
503 369 95.582505
2238 1263 64.279044
11 23 3.516692
2212 2214 10.155964
1704 415 67.253168
1120 1658 136.551905
1256 1564 157.799595
2016 2153 10.910737
2080 131 130.072463
572 213 39.240361
725 677 43.952133
29 2299 149.982071
1397 447 50.046580
2086 1356 84.855143
1926 908 79.423101
1480 1958 122.473270
740 907 12.572976
1633 1451 87.687135
1661 934 37.551985
1887 1765 52.082374
924 868 4.202176
1319 1431 5.560799
1681 1457 11.603000
2275 2123 57.562959
203 462 42.039382
67 2313 153.851653
1295 1014 16.720771
1453 1942 83.215216
1011 527 117.360649
1978 1977 4.790782
250 152 67.158861
266 696 41.723360
995 1746 146.073428
1147 1204 8.432028
2315 2260 36.921766
1460 1170 61.977726
613 670 4.192142
671 649 117.036177
1974 797 61.927904
74 325 57.747220
988 574 125.755790
34 2258 143.050775
946 899 53.338267
2317 103 161.334427
1870 1957 101.326688
1482 1015 123.055257
612 1591 167.439580
1607 1251 126.673754
1902 1824 97.285892
640 585 4.203689
1501 1367 137.115774
480 794 116.138100
2045 1937 8.318244
2312 1973 52.743355
869 840 149.458866
187 2166 146.106557
642 939 101.210301
9 2317 168.860444
395 1437 138.515146
926 1961 148.660063
264 2107 164.378488
1606 109 114.274471
411 1362 50.798476
318 545 32.806073
1303 1030 43.860280
1769 1600 9.629115
1183 236 91.952286
1283 1003 14.048772
1783 1773 53.899080
994 1675 65.509527
2311 48 174.826686
1034 890 146.312191
1134 690 33.538022
985 255 90.479741
2255 162 126.458246
241 1002 52.467667
2065 1264 123.359925
1737 1066 34.463188
1903 1911 39.845513
342 2001 137.436468
433 153 22.533082
2062 2293 54.938444
474 1563 154.854841
2049 548 85.405505
838 1224 45.561684
146 267 10.560029
1205 619 150.076502
2173 416 105.981800
448 633 88.251893
1117 1435 115.611179
1493 2005 57.389196
2124 2 141.525243
1335 608 37.814616
1098 1226 102.961228
1923 147 123.614439
960 1332 132.427155
1988 949 141.705192
444 82 71.880847
1288 1768 137.183088
1197 768 117.133126
2066 2066 0.000001
2166 1807 34.069346
1762 1761 5.651742
2036 762 86.284832
2224 1959 21.836212
2240 2087 18.183035
1964 1460 28.174568
555 773 36.629537
1683 265 155.525442
11 64 21.189649
551 2249 98.032106
954 1048 113.944879
2089 993 85.447482
2111 1347 44.735265
1509 1427 149.627285
334 779 26.786356
1294 1581 42.982932
2254 244 119.500909
1846 608 73.016935
2055 1108 53.051235
669 1042 113.218437
2237 1691 63.582258
2008 1100 92.291286
1977 682 80.616962
1161 1756 128.446598
1061 1367 163.809744
1497 1696 135.198417
0 2312 163.719932
1854 1306 76.337511
3 4 6.223853
1980 852 75.233918
43 2231 167.200454
455 1523 61.195159
1430 530 53.106729
446 447 5.047238
2250 2333 15.642242
1701 1936 61.826417
185 625 94.897737
454 180 81.323638
1550 456 158.159539
1849 1065 40.314991
1572 2012 39.467479
661 1133 142.438213
908 1672 130.479444
1591 664 161.242616
1905 1147 142.586045
325 1327 57.412785
2200 2052 71.009831
971 547 129.207071
1430 1542 5.697001
1321 1209 5.483798
201 289 7.187794
682 2253 105.878856
1324 643 64.176082
2096 854 139.485842
1071 797 37.139290
499 1987 158.756986
1875 1117 144.576663
988 1155 8.815756
1608 386 87.418657
67 2 21.644133
1742 1675 64.911325
6 15 3.516692
1811 964 58.415166
2292 1528 72.084960
1193 551 147.118987
984 806 63.095904
352 547 102.882577
4 2253 162.019848
1438 739 167.426746
1053 1813 146.439592
1433 1790 117.406723
1791 1607 86.122342
310 1492 87.657879
1938 1882 4.329677
1347 1355 50.862658
1070 1168 90.000011
359 1416 68.295610
1341 450 55.269203
354 2142 163.700340
655 2187 108.903243
1518 1769 130.929375
387 2008 87.637760
558 1516 62.676111
2323 2329 22.434267
388 1088 132.724707
254 602 98.595328
1625 1309 122.518139
1237 2189 63.619106
1069 1813 101.065311
3 2231 150.793002
370 562 101.916799
508 1669 111.660139
1770 1595 42.056151
1113 2153 75.425999
1533 816 77.192426
2046 1616 68.828767
83 2344 165.269594
1442 532 97.164306
1984 543 112.631607
1014 1744 39.800509
1372 1287 162.353108
636 354 21.947245
2264 38 143.217212
618 785 12.559631
2132 948 130.243746
367 310 24.534985
1436 1992 36.016380
422 925 27.417301
214 1691 95.856692
919 968 40.861887
1225 442 41.405198
1996 1947 29.432860
1296 1961 53.974544
1169 1354 105.902763
1872 1631 91.886420
1089 473 32.911581
863 742 54.531636
163 317 73.291046
950 1675 42.454257
1186 1853 45.983636
1913 1353 30.033789
101 461 35.624276
1596 1741 120.464646
684 1046 147.766049
339 870 120.738019
331 1441 75.215105
1708 786 167.439869
2320 1531 79.207252
180 1958 163.036436
946 1761 154.890979
2333 2252 13.565668
1810 428 127.917798
812 784 143.789217
275 660 26.968874
66 44 6.194276
262 723 103.631923
2345 1608 74.133272
2342 2287 26.840000
2099 328 99.537912
160 709 77.540530
18 1721 121.118456
554 1712 122.417808
292 1392 93.087557
1813 1821 45.263658
65 2322 170.005248
1091 923 8.892106
1926 627 91.748322
288 1961 90.992278
1697 277 155.525442
3 383 51.486790
529 2240 102.756384
1645 508 117.923118
2317 20 169.907076
218 678 87.371339
333 1606 100.012271
2048 1776 20.147003
1871 1536 19.132272
638 395 91.790626
1176 696 142.258085
306 258 4.264548
2170 812 74.044154
1542 264 68.984330
174 1997 142.770122
189 2198 176.511652
1927 2241 40.256820
67 170 49.105387
676 1584 87.323650
1981 1930 22.327927
850 2075 67.716031
204 627 36.427714
1885 1827 8.452934
180 1905 162.108831
969 723 129.574737
2273 19 166.420929
1562 530 150.187267
1686 1741 4.192139
1769 527 87.774885
1648 266 80.323768
680 835 74.486211
309 942 109.392732
1981 1753 24.772474
1519 461 64.091936
1681 243 78.125509
95 2251 132.887503
963 1435 151.622926
781 726 9.465956
668 721 14.985161
2023 2267 55.424762
1201 977 10.980599
1758 1877 35.931184
1955 660 80.616967
1321 1556 69.156412
1625 1210 142.201184
781 337 29.082230
641 1592 48.806029
238 2098 118.515697
448 1144 132.633002
140 193 59.969022
387 1356 107.425765
962 369 119.509771
1321 1263 9.959825
39 23 3.442706
2120 2214 63.965046
2042 415 100.043142
1656 1658 11.611990
1619 1564 4.189497
2015 2153 10.823880
204 131 6.950239
497 213 87.949718
2112 677 78.623989
152 2299 137.025579
953 447 30.822887
2171 1356 87.804244
2059 908 114.008223
1675 1958 24.784788
518 907 29.257318
240 1451 68.535312
1731 934 89.658780
1708 1765 4.203708
812 868 4.196922
1151 1431 14.137008
1009 1457 21.987205
187 2123 155.126569
1889 462 174.952314
2199 2313 38.524624
1240 1014 16.857734
2151 1942 64.862337
1284 527 150.020692
2078 1977 7.686034
87 152 19.011278
1959 696 155.215146
1658 1746 119.424384
867 1204 19.589843
2260 2260 0.000000
1704 1170 152.966559
725 670 4.187875
1536 649 67.753873
765 797 133.610560
2164 325 164.023989
261 574 53.351376
151 2258 169.678522
560 899 25.092300
2273 103 174.462523
1926 1957 97.360395
882 1015 130.219256
949 1591 162.338406
1451 1251 149.624610
1069 1824 150.020702
752 585 9.629420
1587 1367 27.333241
851 794 9.605520
1826 1937 8.589089
2301 1973 51.928948
1405 840 42.085393
2073 2166 35.542684
529 939 103.927872
2 2317 166.847711
294 1437 143.950709
266 1961 170.367612
1904 2107 20.152414
824 109 83.376889
718 1362 165.487455
524 545 99.584060
1012 1030 113.868042
1546 1600 9.465935
769 236 51.543144
558 1003 29.469789
1584 1773 113.159520
1957 1675 21.119715
82 48 36.891467
336 890 39.621854
1843 690 148.169155
1032 255 56.817909
2224 162 122.589522
337 1002 47.944499
645 1264 37.803070
2113 1066 59.019155
2156 1911 18.095816
1830 2001 22.354552
1921 153 156.816267
1004 2293 108.044774
241 1563 76.063562
1945 548 74.876168
1343 1224 45.100692
2169 267 112.677127
1264 619 156.233056
261 416 10.859179
1963 633 108.509294
560 1435 135.213127
955 2005 91.839479
172 2 28.890822
1225 608 31.318927
1513 1226 49.348751
1766 147 92.982059
1688 1332 119.757634
1065 949 26.025885
1778 82 127.160423
1564 1768 109.034636
440 768 48.086370
161 2066 110.312521
147 1807 131.146719
2087 1761 22.661160
268 762 29.816110
240 1959 94.716097
2237 2087 19.292236
1738 1460 17.183359
669 773 47.625444
1289 265 136.409368
2341 64 153.159907
1774 2249 48.602531
1988 1048 84.808841
1207 993 65.029991
1909 1347 32.194705
1957 1427 125.900475
239 779 34.336117
1320 1581 116.669791
201 244 5.358807
1212 608 82.851086
1469 1108 157.977373
613 1042 114.857701
1744 1691 14.641791
717 1100 62.297707
1786 682 113.312646
545 1756 138.465836
1372 1367 34.952551
1494 1696 125.710940
2177 2312 22.548488
1768 1306 84.408362
2323 4 168.860445
246 852 49.531151
55 2231 136.603917
498 1523 115.025285
528 530 10.543859
390 447 4.330123
2276 2333 13.578852
1827 1936 16.603406
570 625 4.204267
1494 180 89.680447
1522 456 56.884646
1145 1065 149.964783
702 2012 148.452567
1132 1133 6.420711
471 1672 159.237772
440 664 12.869700
1030 1147 32.445828
2029 1327 117.110738
2234 2052 66.298153
2034 547 142.390487
1373 1542 9.037537
733 1209 160.090822
244 289 6.805466
2023 2253 42.359595
708 643 52.122912
157 854 96.636036
1108 797 150.811260
1795 1987 103.732616
1686 1117 62.629453
1212 1155 4.215870
2268 386 144.498065
55 2 15.041136
198 1675 82.998196
9 15 15.868051
1108 964 153.749081
486 1528 141.090354
1243 551 123.741483
269 806 68.842344
298 547 97.849211
273 2253 138.425152
1774 739 167.427236
1728 1813 119.897110
530 1790 175.773374
1682 1607 103.934771
1188 1492 149.701794
1579 1882 114.872340
1958 1355 77.360789
500 1168 42.321072
396 1416 87.945971
1338 450 66.658624
431 2142 96.480441
294 2187 123.929143
2069 1769 98.969415
343 2008 112.953610
313 1516 147.249079
2306 2329 25.558898
1089 1088 6.399723
246 602 85.268683
1793 1309 121.007097
1215 2189 94.805734
1089 1813 46.189972
103 2231 129.844225
1477 562 124.394510
2018 1669 79.919411
528 1595 56.426420
913 2153 104.609227
1325 816 37.877845
2166 1616 101.507409
97 2344 150.423760
1632 532 130.943111
742 543 121.877525
1384 1744 133.396862
180 1287 129.001708
993 354 119.704395
174 38 18.530658
1488 785 158.430686
583 948 136.439836
412 310 26.639171
2062 1992 78.554671
1318 925 19.458428
1919 1691 25.229887
1811 968 45.268681
1431 442 123.587728
227 1947 100.017205
1631 1961 37.554330
718 1354 125.730163
478 1631 149.334505
388 473 99.889548
575 742 9.629681
1519 317 149.933470
2107 1675 28.597844
663 1853 106.646652
2208 1353 98.494516
2258 461 106.539776
1344 1741 38.937729
574 1046 137.183157
1762 870 47.494353
292 1441 126.199601
2109 786 73.544546
0 1531 107.133188
1369 1958 129.201823
2015 1761 102.297803
2279 2252 5.537129
574 428 101.465447
476 784 125.593093
187 660 39.936487
2306 44 179.999601
724 723 5.943763
1943 1608 20.150509
2341 2287 25.308207
252 328 79.008070
506 709 108.592832
1971 1721 108.755747
2175 1712 31.408755
1241 1392 105.211367
1019 1821 118.328708
2316 2322 24.720786
145 923 48.454454
2059 627 122.319952
1907 1961 8.191981
109 277 59.191356
2218 383 104.988805
1448 2240 89.327022
393 508 16.603753
2316 20 173.781956
1982 678 118.173977
963 1606 167.038352
2212 1776 35.648296
1378 1536 62.444437
708 395 109.241666
1289 696 140.744676
174 258 8.923752
589 812 13.234255
1145 264 50.312411
2137 1997 14.734508
2261 2198 8.583999
1527 2241 78.593929
55 170 14.678625
473 1584 79.187701
1826 1930 43.389629
1048 2075 136.145049
2043 627 138.393548
1940 1827 8.589089
1369 1905 127.725405
482 723 91.886151
103 19 15.117190
563 530 108.210692
1798 1741 4.203557
1812 527 69.724784
1897 266 134.041082
1668 835 62.966787
264 942 97.469044
2209 1753 62.389007
1058 461 108.614581
1834 243 122.164431
270 2251 137.193276
1082 1435 106.877185
614 726 6.044202
1785 721 54.068409
682 2267 120.804610
1090 977 8.417951
1255 1877 49.999693
2049 660 79.579610
359 1556 134.195397
1793 1210 134.068099
1314 337 139.658718
1820 1592 29.813004
2188 2098 42.007840
1397 1144 167.367385
2293 193 143.830224
283 1356 109.832945
161 369 73.312383
1374 1263 8.418653
12 23 5.171014
2122 2214 62.160470
1478 415 56.291594
649 1658 51.132625
1731 1564 9.433607
2067 2153 10.453025
166 131 4.378171
2136 213 137.516648
1323 677 158.914656
2182 2299 17.799942
590 447 110.074381
746 1356 51.103082
2009 908 112.555991
1967 1958 42.267186
966 907 22.144853
223 1451 118.502537
1139 934 123.942456
1820 1765 4.226861
476 868 21.274687
1433 1431 12.485964
1176 1457 14.137165
2309 2123 23.087831
2168 462 106.550037
55 2313 163.619904
1184 1014 17.999589
1237 1942 125.131288
2152 527 148.906106
2029 1977 5.227031
2301 152 144.625957
926 696 42.012778
403 1746 70.498020
980 1204 10.942608
21 2260 146.908448
566 1170 76.359650
558 670 6.211202
619 649 125.393297
125 797 82.014618
131 325 63.364252
2058 574 139.796302
2258 2258 0.000000
1117 899 39.662458
2 103 20.593642
1787 1957 16.400555
1173 1015 61.395293
699 1591 51.345360
1975 1251 43.979586
310 1824 91.169908
695 585 12.881369
546 1367 121.559747
909 794 19.321221
1882 1937 4.329675
2345 1973 41.922418
1236 840 29.453169
2275 2166 53.392472
525 939 121.400957
104 2317 164.253191
1884 1437 25.128097
1685 1961 24.784788
1383 2107 78.645537
1552 109 115.467668
1169 1362 156.121164
1977 545 154.810374
744 1030 36.798864
1712 1600 6.043993
1641 236 145.246401
1448 1003 29.152990
518 1773 150.394488
1509 1675 17.359171
71 48 6.996430
724 890 17.519758
1322 690 105.082869
928 255 86.366060
160 162 10.091515
391 1002 45.822180
868 1264 34.561872
1175 1066 20.016008
2019 1911 8.848079
491 2001 80.490419
124 153 21.704830
1057 2293 101.250978
1130 1563 96.968375
2321 548 125.446409
1428 1224 126.407865
266 267 4.915050
1154 619 146.098366
360 416 3.844900
1397 633 128.970770
1509 1435 112.470085
2322 2005 51.372593
2246 2 158.959358
1431 608 116.117539
645 1226 131.190516
1503 147 104.441205
1516 1332 102.812761
1199 949 163.151701
456 82 59.586115
1178 1768 147.119006
623 768 124.532464
2191 2066 10.756499
934 1807 146.270463
1986 1761 14.358158
183 762 37.003156
2151 1959 14.306305
1876 2087 11.119435
1514 1460 9.724551
1250 773 162.118249
1679 265 152.621387
2285 64 174.845073
743 2249 133.676856
1346 1048 112.994348
1250 993 147.553648
671 1347 41.887756
946 1427 148.460988
286 779 33.986352
1213 1581 146.367672
2279 244 124.102329
872 608 97.068615
1020 1108 152.118404
1620 1042 115.824998
401 1691 67.777481
1138 1100 115.508020
1913 682 63.908917
1218 1756 129.216422
1741 1367 105.368766
1659 1696 104.515328
2348 2312 10.776424
1757 1306 29.357485
9 4 12.351675
323 852 117.949252
2199 2231 6.147768
2072 1523 33.473644
1330 530 102.573345
391 447 4.330552
2278 2333 10.281262
218 1936 104.262714
512 625 8.425996
888 180 96.081122
1825 456 166.668705
1542 1065 165.648674
750 2012 149.260363
1134 1133 6.421675
787 1672 82.040340
285 664 34.694573
1067 1147 149.964824
228 1327 60.802817
101 2052 149.875118
1658 547 79.339900
1431 1542 8.387963
1124 1209 173.578397
339 289 3.636369
73 2253 137.734687
945 643 125.746631
2079 854 68.749860
1158 797 154.953368
1617 1987 106.548572
1820 1117 141.677400
1379 1155 10.981007
254 386 78.762920
3 2 4.725006
795 1675 109.414899
2323 15 173.781958
1715 964 145.248582
1390 1528 149.626883
1748 551 143.896858
814 806 51.824120
321 547 27.457492
117 2253 152.119640
886 739 125.372877
1058 1813 152.358731
1989 1790 100.129550
1430 1607 58.326132
1672 1492 68.767383
215 1882 115.512700
1579 1355 11.257800
801 1168 150.579971
415 1416 67.020151
669 450 29.989403
626 2142 146.334793
1074 2187 95.975931
1981 1769 58.333848
2239 2008 68.504323
525 1516 115.024468
2329 2329 0.000000
310 1088 44.602033
2028 602 162.069959
1197 1309 5.465001
1746 2189 57.007975
819 1813 101.269904
2323 2231 13.706940
616 562 8.920566
1487 1669 80.154252
1330 1595 93.259981
1105 2153 103.264769
507 816 128.187232
934 1616 71.261248
62 2344 166.201577
419 532 10.539747
290 543 87.052145
1643 1744 63.260122
646 1287 154.832419
1189 354 51.491897
257 38 25.126777
1650 785 164.715475
670 948 17.046550
640 310 22.331922
1057 1992 105.828399
1429 925 24.959054
1223 1691 122.838641
1108 968 165.921982
556 442 12.450604
352 1947 176.324979
1513 1961 25.208001
933 1354 175.792540
1342 1631 60.192720
310 473 12.239086
967 742 12.961400
799 317 96.288794
1286 1675 29.336888
2114 1853 17.761473
261 1353 103.608903
150 461 80.984137
1565 1741 50.321718
165 1046 110.066506
643 870 20.924002
1858 1441 129.038826
1319 786 167.133202
2344 1531 74.992415
1042 1958 121.742446
1483 1761 17.182902
2253 2252 5.129176
684 428 111.962353
757 784 140.550876
2275 660 95.477002
2274 44 143.471583
1909 723 83.372927
1945 1608 20.150531
2234 2287 7.181627
2212 328 119.572500
311 709 56.937874
59 1721 118.784647
1994 1712 21.227894
1243 1392 117.726031
1987 1821 12.232582
2286 2322 13.283155
1148 923 16.760575
2009 627 119.991057
2225 1961 21.631068
2325 277 151.032401
193 383 14.498624
313 2240 111.930860
2110 508 90.074608
2307 20 153.752198
1827 678 167.391897
1521 1606 140.500392
1943 1776 10.539610
821 1536 88.785804
1324 395 137.808139
1679 696 162.591100
259 258 4.968995
264 812 32.435736
1171 264 123.492666
2138 1997 11.581070
2161 2198 3.488156
1414 2241 86.215819
14 170 40.349366
1465 1584 43.376267
2083 1930 18.472641
245 2075 112.726750
2204 627 105.433351
1717 1827 12.669902
1042 1905 134.150820
648 723 108.671348
2330 19 174.828865
1772 530 87.774726
472 1741 128.964848
990 527 87.932057
919 266 54.448768
1719 835 87.049841
1904 942 75.225039
1386 1753 136.393371
1743 461 74.428737
340 243 7.858186
433 2251 115.548917
569 1435 158.640193
724 726 11.883875
889 721 9.142828
321 2267 124.574957
752 977 12.961381
1130 1877 116.540638
887 660 21.515220
500 1556 75.092856
1100 1210 13.963560
811 337 115.027124
1686 1592 103.105893
60 2098 134.710477
953 1144 142.246497
435 193 24.410435
2115 1356 51.487610
1912 369 167.209946
593 1263 36.094430
58 23 7.247503
350 2214 160.847491
585 415 12.798300
1290 1658 142.196646
1675 1564 8.375317
241 2153 109.634836
52 131 10.415184
1921 213 94.908859
828 677 96.733809
208 2299 151.490308
871 447 122.672511
745 1356 46.218612
240 908 78.748621
1756 1958 101.243327
686 907 21.515220
2063 1451 42.273427
1304 934 141.460033
1765 1765 0.000000
1035 868 8.409280
1430 1431 6.243544
1682 1457 13.081771
108 2123 120.472726
2205 462 111.448694
2313 2313 0.000000
958 1014 4.207760
1211 1942 43.979586
897 527 120.929529
1920 1977 8.191996
2312 152 143.701424
1734 696 165.358173
1615 1746 104.545703
868 1204 16.503509
2313 2260 33.696887
2042 1170 112.604471
782 670 5.905699
786 649 131.389608
651 797 121.543047
2347 325 138.030508
1977 574 76.267484
2283 2258 3.941005
1008 899 19.720768
230 103 60.417275
48 1957 115.289285
673 1015 40.502784
1259 1591 30.191008
956 1251 93.672146
1672 1824 83.067204
528 585 4.226557
1366 1367 6.362012
740 794 15.283540
1937 1937 0.000000
2134 1973 68.106902
1797 840 55.611084
108 2166 122.582217
418 939 96.585547
2218 2317 13.706940
1074 1437 167.380560
2041 1961 89.144995
309 2107 176.293549
1194 109 69.525667
933 1362 126.119044
261 545 73.108085
1471 1030 49.780704
1599 1600 5.943383
1417 236 134.618834
529 1003 134.335271
568 1773 174.525099
286 1675 76.715769
2229 48 148.287634
2108 890 70.123975
341 690 73.202624
783 255 89.673997
162 162 0.000001
893 1002 19.719829
1987 1264 46.232110
2112 1066 58.165424
159 1911 113.436276
2207 2001 55.795885
2136 153 123.471914
836 2293 116.943960
1274 1563 54.911212
0 548 56.678362
1401 1224 61.093257
2240 267 116.467645
1710 619 174.347742
83 416 29.085255
871 633 80.719631
1008 1435 135.540141
2321 2005 46.698619
2284 2 156.725670
334 608 25.445015
417 1226 136.020171
1655 147 85.929707
1126 1332 115.832691
1511 949 30.372345
1827 82 116.299394
1063 1768 142.377187
1072 768 146.651018
286 2066 101.416455
2150 1807 74.172067
1818 1761 4.203569
1929 762 79.188333
2223 1959 21.256359
2171 2087 7.072592
1852 1460 21.274971
222 773 73.953257
1176 265 130.479001
2262 64 164.410947
1638 2249 88.520993
1262 1048 65.109947
1853 993 128.525330
2155 1347 48.837023
925 1427 25.408277
388 779 23.791231
1375 1581 112.595135
2209 244 169.393620
1603 608 95.185544
496 1108 41.871227
1207 1042 23.921531
1634 1691 4.187723
1610 1100 47.894920
484 682 119.084002
745 1756 54.126231
646 1367 55.173149
775 1696 161.242631
2243 2312 14.369190
1967 1306 72.028697
230 4 34.866547
322 852 117.563972
36 2231 140.024280
1814 1523 62.480024
363 530 11.592346
503 447 4.266444
2249 2333 17.502962
483 1936 78.673162
572 625 14.254688
1783 180 130.935066
244 456 25.734438
1657 1065 150.663190
1556 2012 60.095961
853 1133 14.227665
507 1672 92.271799
1197 664 152.966658
1404 1147 143.977140
281 1327 77.801365
2258 2052 61.320013
1411 547 150.734441
1206 1542 16.741598
500 1209 120.103222
98 289 17.585846
321 2253 137.639992
1970 643 122.271725
131 854 59.258704
1327 797 163.208792
565 1987 150.114618
641 1117 148.680990
1268 1155 8.430162
1804 386 126.311792
1 2 4.725006
1524 1675 102.057369
230 15 28.098109
919 964 65.781039
1745 1528 42.951926
1079 551 137.183160
693 806 8.375090
2024 547 156.975325
205 2253 129.484871
1157 739 154.344221
1519 1813 78.730110
1088 1790 152.358731
1496 1607 8.379166
1069 1492 158.068978
1241 1882 135.313013
1355 1355 0.000001
415 1168 134.711088
500 1416 127.672190
366 450 99.889534
2126 2142 66.335298
656 2187 105.859264
578 1769 110.831667
490 2008 91.562139
1283 1516 57.674057
45 2329 155.961183
1961 1088 133.767662
1802 602 154.826670
1253 1309 4.214085
2223 2189 3.461984
1902 1813 104.015490
230 2231 169.531204
1690 562 75.204622
446 1669 83.557251
1651 1595 4.189490
413 2153 142.193198
471 816 57.253530
796 1616 129.154982
2134 2344 40.595000
420 532 6.658498
2129 543 115.250621
475 1744 128.964064
1848 1287 29.979226
256 354 7.694859
1997 38 136.061231
1125 785 30.191095
1771 948 114.821245
501 310 96.006128
1174 1992 122.081100
1430 925 24.959047
1444 1691 129.864951
1715 968 123.365734
565 442 56.960321
383 1947 86.784013
1961 1961 0.000000
1618 1354 95.673895
451 1631 66.440527
1961 473 157.671951
630 742 6.044202
1166 317 83.595865
1174 1675 33.412059
111 1853 140.207043
484 1353 153.200489
2308 461 113.805658
1960 1741 29.258527
522 1046 117.059556
1844 870 141.822341
2005 1441 44.792809
1064 786 16.861489
2128 1531 41.386402
1339 1958 39.031758
925 1761 46.602692
100 2252 137.790911
2020 428 171.359902
895 784 8.388304
2350 660 117.120587
2286 44 173.805793
335 723 24.926839
1829 1608 20.952255
10 2287 153.160087
2076 328 165.688025
447 709 92.409828
194 1721 92.329049
2061 1712 91.637900
1968 1392 92.053436
1820 1821 5.274708
2335 2322 4.047386
1371 923 21.987306
1226 627 111.026743
127 1961 105.537503
94 277 24.489847
2323 383 140.100224
525 2240 107.774481
987 508 134.335576
19 20 5.171011
2241 678 137.195698
1364 1606 112.844968
2138 1776 27.748733
1000 1536 150.569107
1589 395 119.415716
1450 696 163.248570
141 258 13.691955
814 812 12.319042
1546 264 75.182961
2074 1997 84.844148
2230 2198 6.650540
307 2241 122.318705
28 170 43.437828
1393 1584 133.736902
1386 1930 95.480721
822 2075 144.162529
1049 627 143.905709
1773 1827 8.696591
1372 1905 130.680282
565 723 54.513037
104 19 16.844273
290 530 92.396660
1575 1741 12.560484
1271 527 103.662944
392 266 88.132110
827 835 49.138636
1555 942 37.664536
875 1753 116.117332
1993 461 145.828549
243 243 0.000000
324 2251 121.240842
912 1435 123.956463
501 726 13.666536
2254 721 95.911354
1940 2267 40.957389
260 977 42.819180
1877 1877 0.000001
802 660 133.442176
1871 1556 108.971182
1044 1210 18.023643
1653 337 158.413218
368 1592 79.371972
2192 2098 57.644070
871 1144 45.786491
39 193 43.977494
284 1356 104.961614
938 369 58.917158
1375 1263 5.516006
38 23 5.036659
2076 2214 66.763424
2011 415 170.847404
1603 1658 9.305220
1618 1564 9.466106
2066 2153 7.740609
247 131 10.849308
2242 213 139.753840
678 677 5.807181
2163 2299 48.896511
846 447 47.283880
1413 1356 9.901433
70 908 80.359534
793 1958 87.323120
743 907 28.758618
1586 1451 134.105241
1303 934 147.734461
1821 1765 4.226867
700 868 9.142918
1710 1431 14.964089
1402 1457 9.821799
2164 2123 3.707501
1769 462 132.858326
11 2313 162.023150
1352 1014 20.833145
2097 1942 12.790588
1424 527 46.234214
252 1977 97.150476
2161 152 176.512253
1236 696 125.669187
1880 1746 102.717571
1315 1204 4.214090
77 2260 136.292899
585 1170 144.939461
837 670 9.272887
1064 649 138.275919
1081 797 31.442891
2340 325 132.928671
318 574 92.827801
2305 2258 7.009413
1541 899 166.434275
9 103 16.884037
1226 1957 43.979586
1459 1015 33.687733
598 1591 107.313651
874 1251 96.889567
1188 1824 120.775107
864 585 15.268505
1197 1367 12.641400
738 794 4.188482
1939 1937 9.574279
156 1973 150.626966
723 840 30.786039
2124 2166 7.743194
262 939 94.092363
1 2317 163.312677
1221 1437 51.960390
1291 1961 38.106892
2061 2107 3.706744
1362 109 78.230643
1618 1362 138.288042
1687 545 145.712278
1044 1030 92.386007
1768 1600 9.629116
126 236 18.028811
642 1003 137.395717
454 1773 162.884135
241 1675 81.713346
188 48 33.672912
160 890 48.990986
903 690 66.928923
1654 255 105.532861
2189 162 119.395578
389 1002 39.032002
590 1264 36.094463
1962 1066 47.274991
2115 1911 14.334004
885 2001 60.927417
304 153 68.902396
2149 2293 46.360142
2062 1563 33.986290
2322 548 130.176667
1288 1224 54.555033
2205 267 116.311087
899 619 14.963843
2041 416 95.571625
1732 633 140.671290
1957 1435 101.037614
15 2005 125.748612
1979 2 131.166558
239 608 31.676724
1257 1226 159.964342
1616 147 112.570092
968 1332 175.792970
1594 949 170.962156
483 82 50.962738
1149 1768 35.060638
1432 768 60.556653
241 2066 103.448970
796 1807 54.306610
1989 1761 26.918204
2088 762 78.023825
1960 1959 4.790055
1988 2087 6.065763
2155 1460 42.552386
1829 773 71.029328
1450 265 126.199844
53 64 36.891467
1360 2249 104.027998
1235 1048 119.046163
1523 993 167.395870
1960 1347 36.474812
1483 1427 4.202340
556 779 13.425941
1592 1581 66.128880
2204 244 149.241195
929 608 90.341151
1801 1108 128.799665
555 1042 100.652869
1579 1691 5.905999
1742 1100 152.699111
2032 682 91.457884
664 1756 175.807189
1848 1367 125.506438
2194 1696 52.193116
2203 2312 25.313490
1756 1306 26.005833
193 4 35.499095
2268 852 111.440829
2286 2231 8.573970
823 1523 179.999379
866 530 18.248398
560 447 8.487589
132 2333 147.658861
1606 1936 37.554625
1417 625 63.415907
1504 180 124.124431
2095 456 164.093798
1171 1065 38.897421
2062 2012 3.635675
797 1133 16.741802
1953 1672 18.261555
732 664 72.351053
1267 1147 55.190734
2148 1327 76.386132
276 2052 98.068302
1409 547 141.423559
1261 1542 14.351356
396 1209 140.812804
243 289 3.605422
1162 2253 86.161400
1589 643 62.648677
2347 854 103.612412
1715 797 146.602895
622 1987 141.344405
1928 1117 143.998887
1324 1155 8.815756
2028 386 148.166338
8 2 3.818777
2220 1675 37.946883
2342 15 163.310111
1158 964 163.152450
739 1528 50.103637
1861 551 150.394434
523 806 20.940352
2023 547 152.542233
2243 2253 42.208647
549 739 116.282198
1743 1813 73.056470
1759 1790 118.056702
1718 1607 8.377695
1580 1492 137.688115
2223 1882 72.769552
1186 1355 8.815645
359 1168 132.122273
1321 1416 103.991314
1620 450 69.122235
631 2142 152.102100
797 2187 116.071739
1640 1769 91.059675
915 2008 144.180550
1334 1516 90.709134
3 2329 169.425694
1099 1088 67.353352
178 602 74.253608
1478 1309 8.892006
2062 2189 11.137468
267 1813 102.475019
2232 2231 5.097556
1883 562 152.963025
1068 1669 101.038788
1875 1595 15.639918
804 2153 119.967852
1798 816 162.640988
277 1616 76.441499
250 2344 137.782515
1091 532 26.296135
1535 543 106.643096
817 1744 158.662119
1042 1287 135.215958
410 354 4.976114
2001 38 142.326229
1349 785 37.522689
502 948 26.584849
1340 310 137.407689
2149 1992 68.933992
1094 925 8.845791
460 1691 63.908630
385 968 119.509731
791 442 73.186509
2024 1947 89.488973
1962 1961 4.790047
402 1354 50.110206
1041 1631 159.002523
1099 473 68.294227
800 742 9.465956
1743 317 161.196608
1902 1675 20.762458
1474 1853 74.361547
1687 1353 21.085426
190 461 85.204867
1624 1741 29.562024
1810 1046 127.946677
610 870 117.111247
937 1441 24.959054
1009 786 12.866459
24 1531 100.792889
1061 1958 47.637738
728 1761 161.589706
50 2252 140.911117
2291 428 116.199666
924 784 149.383993
603 660 4.192201
2331 44 153.752118
2193 723 97.046108
2322 1608 79.918465
2349 2287 23.274305
2120 328 160.258113
1600 709 54.639743
2082 1721 89.750386
1364 1712 77.654561
1193 1392 157.910811
2207 1821 26.509281
8 2322 160.689023
366 923 34.152757
1870 627 91.935026
287 1961 91.605916
1922 277 165.018534
230 383 28.452611
418 2240 108.958139
807 508 100.589966
65 20 30.132019
1439 678 147.678159
569 1606 167.427560
2047 1776 23.468443
291 1536 129.050164
1437 395 138.515146
1543 696 62.645971
304 258 7.933169
588 812 11.835403
1657 264 78.610655
2095 1997 7.694260
2214 2198 57.075955
511 2241 144.179917
5 170 36.857360
1142 1584 43.912155
1191 1930 72.509947
1827 2075 89.557635
515 627 6.412995
1662 1827 16.787013
504 1905 73.157624
1771 723 114.681697
14 19 19.384245
1461 530 136.917053
1517 1741 11.835001
2205 527 94.476045
1003 266 107.543183
1251 835 148.364099
1890 942 56.161484
1614 1753 128.793155
2084 461 107.028807
244 243 4.968995
2136 2251 46.031287
399 1435 151.825218
668 726 14.984278
1379 721 94.161070
1162 2267 93.838596
473 977 27.417371
1821 1877 4.266333
1890 660 64.756150
1070 1556 119.060572
876 1210 20.855915
1201 337 133.209317
1566 1592 139.068791
907 2098 139.343551
1293 1144 119.046275
2321 193 144.333334
2081 1356 60.771334
426 369 4.330250
1208 1263 4.214317
2335 23 170.000836
170 2214 173.349223
566 415 83.901852
1549 1658 18.757167
1620 1564 4.188836
161 2153 116.593411
74 131 6.868215
2143 213 169.986990
847 677 17.358575
210 2299 156.495064
1714 447 139.021579
1080 1356 31.928536
854 908 15.759916
1084 1958 130.060171
628 907 17.183194
1787 1451 17.813998
1471 934 151.622947
1541 1765 12.116997
1146 868 16.832551
1097 1431 20.855830
1793 1457 17.813998
2078 2123 3.706742
491 462 106.358974
2349 2313 14.419481
1085 1014 98.709894
2096 1942 10.859123
1282 527 150.020868
250 1977 101.419925
50 152 37.792459
1797 696 129.343195
345 1746 75.229566
420 1204 40.976005
2341 2260 30.035459
406 1170 117.691943
557 670 8.393127
1009 649 138.112886
683 797 13.260894
75 325 60.894194
1913 574 75.984608
2228 2258 4.605345
1957 899 64.425971
2323 103 143.133247
363 1957 170.189155
1240 1015 12.682732
1477 1591 13.565386
506 1251 104.723033
1099 1824 40.494149
362 585 15.485680
1253 1367 13.918925
1021 794 21.813682
1993 1937 4.134131
492 1973 163.397043
1209 840 148.363292
2165 2166 5.017199
900 939 102.626521
2273 2317 13.283156
1663 1437 16.751633
1512 1961 25.805674
2011 2107 7.425666
176 109 6.993314
1914 1362 55.034904
1913 545 157.972314
564 1030 106.917012
1378 1600 16.769564
524 236 92.523720
1334 1003 35.998274
1700 1773 91.702588
199 1675 84.789492
2137 48 146.327261
781 890 19.321211
607 690 125.393280
896 255 90.982381
240 162 11.849190
1455 1002 38.745465
758 1264 29.530034
2067 1066 55.218730
196 1911 114.298804
1271 2001 43.442495
173 153 59.840837
1174 2293 103.384303
2108 1563 36.532704
1943 548 78.082827
1957 1224 50.287470
314 267 7.045813
1876 619 158.877144
1656 416 80.617428
590 633 71.739759
1541 1435 37.317873
16 2005 125.658667
279 2 42.137853
2321 608 115.769425
1990 1226 111.049256
1670 147 107.199031
650 1332 70.926914
758 949 138.294369
1920 82 115.123910
1876 1768 22.027638
1842 768 83.937628
2112 2066 3.706746
277 1807 162.179985
591 1761 67.803150
201 762 101.522908
162 1959 101.606031
2086 2087 4.915076
1684 1460 11.603000
1739 773 101.841886
1543 265 68.878558
77 64 39.946621
549 2249 98.526285
870 1048 66.879616
1056 993 47.923999
336 1347 59.897693
728 1427 167.039430
2068 779 89.956158
931 1581 144.918677
129 244 10.606292
948 608 29.719837
306 1108 119.640494
366 1042 42.947201
1804 1691 8.392989
1357 1100 147.553810
261 682 73.138581
1665 1756 108.984999
1011 1367 129.136325
40 1696 113.129937
205 2312 155.347572
793 1306 65.024687
107 4 23.331908
178 852 73.042012
2261 2231 6.165379
1730 1523 98.179010
642 530 6.412995
448 447 5.048021
2144 2333 28.786106
245 1936 169.226787
907 625 17.183194
568 180 83.672909
2235 456 118.506516
216 1065 109.825711
2108 2012 7.240969
1469 1133 16.503401
443 1672 66.143575
1946 664 74.720909
727 1147 154.682449
2279 1327 86.304037
2308 2052 56.687128
1880 547 95.929957
1319 1542 12.866574
1070 1209 170.001041
289 289 0.000001
2024 2253 45.079280
1080 643 70.460942
99 854 68.411747
385 797 100.627651
809 1987 63.060802
696 1117 151.211276
1378 1155 12.704397
1862 386 139.669507
28 2 15.499917
1585 1675 121.543138
107 15 33.272179
1327 964 170.098970
136 1528 80.040360
1582 551 148.717864
806 806 0.000000
158 547 42.512111
296 2253 127.109220
540 739 121.877275
1747 1813 52.282406
1222 1790 56.258483
1159 1607 22.393001
1099 1492 21.550376
434 1882 89.923738
964 1355 21.458385
1124 1168 73.946725
1124 1416 81.072533
555 450 37.125853
2146 2142 19.853451
1663 2187 65.474403
1191 1769 109.025097
284 2008 95.041708
1448 1516 77.060522
9 2329 175.375956
1672 1088 145.892759
2025 602 159.877955
1366 1309 4.211897
2108 2189 8.071616
1961 1813 91.043328
104 2231 129.463818
367 562 106.065975
472 1669 140.089760
1763 1595 9.433604
1470 2153 71.089765
975 816 56.293732
1674 1616 9.305308
253 2344 140.037932
868 532 17.813998
1228 543 85.967638
1510 1744 59.888707
479 1287 142.227046
302 354 5.167215
297 38 39.297339
831 785 57.840782
482 948 103.928150
1635 310 109.791978
449 1992 160.322916
757 925 9.038124
1755 1691 48.407322
1158 968 140.131876
666 442 12.869700
2023 1947 87.656794
1737 1961 13.373001
382 1354 121.475164
1312 1631 105.527950
1672 473 150.010650
1192 742 25.655513
639 317 54.526718
1062 1675 37.803128
1246 1853 59.896900
1526 1353 35.475406
2200 461 99.410114
1400 1741 34.751437
1751 1046 141.861979
859 870 64.899339
1579 1441 144.426960
1286 786 33.349054
41 1531 103.496874
1282 1958 42.946814
2039 1761 19.715393
2338 2252 32.872818
414 428 63.543310
1543 784 161.826888
604 660 4.192142
2317 44 151.926417
333 723 23.124352
2321 1608 77.090100
27 2287 168.407823
105 328 67.279462
956 709 134.105744
1888 1721 12.677457
963 1712 134.515614
826 1392 47.070636
1875 1821 10.543744
11 2322 166.272149
313 923 34.720248
527 627 64.361114
1682 1961 16.646181
38 277 51.160086
9 383 51.978660
262 2240 119.869016
749 508 91.885934
27 20 23.421743
1606 678 153.432199
1102 1606 25.317770
2074 1776 99.365247
415 1536 58.713935
1447 395 92.147106
1571 696 138.175852
177 258 13.091155
1092 812 14.227513
216 264 22.277006
2049 1997 5.166628
154 2198 169.908548
2048 2241 28.457510
27 170 43.769364
368 1584 114.630359
2209 1930 30.562398
720 2075 135.418960
2206 627 114.766383
608 1827 101.029575
1061 1905 48.446955
2132 723 138.299512
2232 19 145.827648
1535 530 54.617095
584 1741 127.717636
85 527 42.067724
1421 266 80.052912
1991 835 127.352650
1722 942 46.603105
1191 1753 30.985802
639 461 56.008933
202 243 6.909196
2143 2251 23.047289
1994 1435 31.671996
1004 726 20.969678
1729 721 50.829695
2024 2267 53.109263
695 977 20.943753
1820 1877 4.266328
548 660 6.211202
291 1556 113.257935
1099 1210 8.431737
1597 337 154.588877
1096 1592 55.159322
2099 2098 4.968911
1799 1144 107.816647
207 193 59.611411
343 1356 64.065648
318 369 7.862460
1320 1263 4.211384
0 23 8.848119
2243 2214 12.364763
667 415 112.746976
1658 1658 0.000000
818 1564 116.167646
180 2153 174.982795
2125 131 134.064587
166 213 38.595826
1477 677 107.295812
2214 2299 23.799009
1370 447 149.411843
1022 1356 20.832527
766 908 144.426717
1854 1958 40.330534
629 907 20.924606
1226 1451 12.740367
744 934 129.574725
1877 1765 6.658992
1202 868 16.760432
1767 1431 17.813998
1850 1457 22.802720
2124 2123 4.968442
517 462 4.265960
10 2313 166.272150
847 1014 12.604235
1942 1942 0.000000
1339 527 153.200495
1810 1977 10.539550
2054 152 110.312522
1405 696 120.709377
1506 1746 92.949417
1371 1204 8.425887
90 2260 179.999476
667 1170 25.566232
500 670 12.607867
1794 649 161.978305
852 797 4.191912
2263 325 154.051462
2208 574 120.309924
94 2258 151.142295
2015 899 59.765822
3 103 22.299035
1306 1957 117.462093
1184 1015 12.641417
1534 1591 4.191392
2174 1251 84.032311
1089 1824 58.450683
697 585 6.211202
1196 1367 17.998676
737 794 4.189157
1771 1937 12.798116
83 1973 127.347992
1269 840 122.326542
2126 2166 4.381026
313 939 81.683201
14 2317 158.633970
1505 1437 77.059497
1405 1961 38.164478
2010 2107 7.549905
2035 109 111.892076
382 1362 146.282872
1786 545 83.588073
1966 1030 102.639188
1490 1600 13.423287
261 236 72.846844
1612 1003 51.103267
40 1773 109.867753
2113 1675 52.526694
2121 48 148.317237
1685 890 79.176100
461 690 29.989395
701 255 65.923915
71 162 11.530221
161 1002 57.257896
1315 1264 31.992571
391 1066 40.197326
160 1911 109.565774
1769 2001 48.693510
100 153 45.729717
449 2293 143.595906
2151 1563 42.049721
2350 548 123.321626
286 1224 62.329920
317 267 8.782667
1318 619 157.827716
473 416 4.330118
1293 633 81.406164
2015 1435 113.024573
63 2005 125.519302
2159 2 142.984929
158 608 32.415824
1652 1226 133.250168
1350 147 128.572242
1155 1332 55.058602
2062 949 60.165108
1701 82 96.588814
1932 1768 20.642752
1788 768 89.764783
2192 2066 11.137468
2345 1807 52.622831
1988 1761 22.963218
2132 762 80.849615
2110 1959 11.845178
83 2087 118.912550
2018 1460 32.005331
613 773 50.321659
895 265 115.270698
45 64 10.388341
736 2249 119.380888
1496 1048 22.066990
366 993 67.818130
160 1347 73.081484
2039 1427 34.465644
285 779 31.460214
1054 1581 142.859921
2328 244 152.559702
617 608 50.346085
acc0 27
acc1 150
acc2 271
acc3 392
acc4 509
acc5 606
acc6 701
acc7 791
acc8 855
acc9 946
acc10 1018
acc11 1096
acc12 1173
acc13 1258
acc14 1328
