70 1108 75.886342
1757 1042 86.981882
325 1691 152.870390
2168 1100 88.333743
1972 682 68.813302
2054 1756 99.843805
667 1367 162.836306
236 1696 143.632652
2305 2312 27.121333
632 1306 36.094711
27 4 11.139298
2117 852 71.113730
2231 2231 0.000000
353 1523 69.032687
1537 530 51.813195
239 447 17.323645
2288 2333 28.745649
2321 1936 61.547194
234 625 84.743099
236 180 63.959976
2102 456 132.572977
500 1065 41.743955
1575 2012 52.173343
355 1133 53.893461
775 1672 45.281638
165 664 66.544534
450 1147 135.313223
2350 1327 84.800149
2336 2052 50.555488
375 547 20.642805
2208 1542 43.830265
623 1209 150.076665
317 289 82.668293
2326 2253 35.956975
1643 643 71.003856
2078 854 67.071373
1924 797 71.505378
1492 1987 55.214452
592 1117 124.235976
599 1155 37.602807
2117 386 125.625250
2285 2 157.108789
226 1675 112.651641
28 15 3.442705
2047 964 136.995824
2024 1528 40.089938
211 551 90.890846
1886 806 111.783949
230 547 22.343271
2289 2253 42.045513
2101 739 138.940574
1869 1813 4.226710
1241 1790 72.183342
1214 1607 21.776866
1716 1492 11.835001
2311 1882 41.790031
1195 1355 55.058892
1897 1168 38.361178
1747 1416 34.750659
1689 450 76.323650
2218 2142 13.714806
50 2187 134.785328
270 1769 81.972606
2029 2008 84.105568
1075 1516 49.658818
2329 2329 0.000000
370 1088 67.330201
2117 602 146.311614
636 1309 34.463104
1588 2189 92.391003
2085 1813 26.310391
28 2231 165.352318
734 562 27.268188
829 1669 42.095034
1537 1595 9.604451
1808 2153 63.892361
775 816 87.445149
2236 1616 94.301711
6 2344 170.553983
1195 532 60.466595
486 543 4.226719
740 1744 56.556542
1294 1287 44.784344
514 354 36.694803
2328 38 158.633817
1352 785 52.250527
875 948 108.634021
1799 310 134.894018
198 1992 150.437802
1143 925 42.249093
49 1691 111.334249
1924 968 53.532314
243 442 37.534829
230 1947 95.135890
835 1961 68.409215
330 1354 114.108952
240 1631 91.478496
370 473 45.905073
494 742 117.770888
1869 317 107.809704
247 1675 102.604317
48 1853 115.931195
1972 1353 39.031758
2336 461 118.308049
1514 1741 21.337645
2096 1046 58.072015
733 870 137.641752
2311 1441 77.561110
1405 786 37.664792
2294 1531 76.864088
1014 1958 66.650489
1762 1761 5.651742
2205 2252 53.914720
256 428 72.134138
1257 784 154.791483
2322 660 124.105955
65 44 3.418387
1119 723 29.379951
1944 1608 19.416994
2287 2287 0.000000
2289 328 151.865734
429 709 16.091750
63 1721 101.345254
1969 1712 103.739515
2311 1392 92.123162
1934 1821 8.589061
2322 2322 0.000000
1592 923 38.283873
575 627 19.700154
676 1961 68.813302
171 277 71.276744
28 383 36.277821
1940 2240 35.943111
1253 508 104.722212
20 20 0.000000
2321 678 102.023282
1751 1606 120.464487
881 1776 45.779480
1437 1536 77.059684
455 395 17.539806
975 696 14.714557
1130 258 76.214731
1761 812 48.750083
1376 264 63.984308
2163 1997 73.628854
47 2198 156.854534
2141 2241 31.712772
2285 170 129.428914
684 1584 51.345329
371 1930 97.443495
328 2075 160.781591
2082 627 96.563125
714 1827 71.407018
1294 1905 45.849368
333 723 23.124352
27 19 22.433508
821 530 64.975311
387 1741 91.896088
281 527 94.281904
1924 266 107.029305
546 835 57.006943
1784 942 43.559862
461 1753 71.962695
257 461 32.938000
1213 243 117.554811
2345 2251 25.492905
97 1435 117.404100
505 726 20.952622
884 721 34.605512
2326 2267 13.095735
359 977 36.798702
1872 1877 23.389890
1866 660 163.212518
1897 1556 33.561555
819 1210 21.549942
902 337 47.484780
472 1592 57.717603
232 2098 106.052160
1769 1144 64.675135
5 193 30.405049
2176 1356 107.534244
1828 369 78.673570
1703 1263 55.856227
5 23 11.291315
153 2214 123.720935
442 415 99.462433
1561 1658 87.278565
1816 1564 128.941000
1961 2153 14.499119
2297 131 156.845884
30 213 46.372303
463 677 55.028054
2323 2299 26.582712
1463 447 70.841446
520 1356 51.004590
2115 908 71.904113
2192 1958 27.697596
635 907 52.584319
2035 1451 120.773234
1813 934 114.821250
1900 1765 104.015647
642 868 17.183208
1652 1431 21.515087
1265 1457 145.438591
2322 2123 31.246208
2000 462 172.354758
2285 2313 30.616330
944 1014 85.313585
1608 1942 22.203776
415 527 6.960402
2162 1977 18.424271
2164 152 165.068220
310 696 26.209308
1914 1746 10.168779
920 1204 30.375457
2307 2260 8.569775
539 1170 98.203531
837 670 9.272887
1368 649 65.509406
159 797 82.222143
2078 325 169.040363
2126 574 92.866630
68 2258 155.291344
1684 899 39.649086
27 103 36.866456
2115 1957 41.534543
1224 1015 96.747866
284 1591 150.059554
332 1251 133.897914
370 1824 77.561701
1265 585 63.844884
1967 1367 91.623758
522 794 50.342035
2092 1937 10.816054
2028 1973 10.477389
787 840 15.542511
2322 2166 32.601835
655 939 30.915450
28 2317 153.730442
1923 1437 100.577008
1230 1961 43.979591
1784 2107 30.704339
2321 109 158.363716
330 1362 141.268412
374 545 16.400282
160 1030 109.651189
1894 1600 73.945528
2025 236 143.912365
541 1003 85.708472
236 1773 107.508036
85 1675 128.169727
63 48 28.267251
1115 890 12.740459
282 690 102.796994
2060 255 152.830570
2191 162 119.395578
343 1002 74.802020
1041 1264 12.675371
1458 1066 19.501702
1966 1911 4.329543
438 2001 86.053369
156 153 15.065119
657 2293 105.471070
1004 1563 28.399399
492 548 4.226562
1229 1224 32.105553
1424 267 73.708613
1397 619 54.253013
1547 416 87.323137
1304 633 34.463275
1819 1435 50.167296
1946 2005 20.440565
2199 2 147.331019
1110 608 29.923785
1114 1226 5.458805
484 147 27.849717
1439 1332 32.010141
1117 949 8.846061
2321 82 163.251451
1209 1768 29.487465
547 768 21.147766
1629 2066 29.709571
2236 1807 41.936942
1457 1761 132.505782
1147 762 47.017182
2063 1959 7.233740
2207 2087 10.560738
1235 1460 12.740362
717 773 4.188482
364 265 9.154105
2306 64 174.567792
2101 2249 15.019840
366 1048 67.330195
1105 993 5.483803
1455 1347 25.829838
420 1427 49.319290
919 779 146.754698
744 1581 47.282903
1847 244 89.835637
610 608 11.300309
2077 1108 133.674996
1839 1042 87.876913
116 1691 140.076676
321 1100 44.529740
1999 682 156.452198
24 1756 111.083020
1084 1367 21.071051
302 1696 74.597425
43 2312 152.879038
1525 1306 33.389505
28 4 13.727589
2179 852 136.853589
2261 2231 6.165379
1752 1523 31.833359
2038 530 80.298703
1814 447 152.963788
2329 2333 17.363888
2237 1936 38.920909
2259 625 95.166502
302 180 44.216342
2145 456 131.537004
1239 1065 36.254395
498 2012 83.411650
1946 1133 139.972856
99 1672 105.878717
40 664 73.637334
901 1147 138.343446
1 1327 96.752437
2260 2052 64.259976
605 547 14.254173
1440 1542 61.531969
163 1209 121.634561
427 289 87.745742
2258 2253 24.552438
455 643 99.520086
94 854 91.356378
2047 797 143.212684
747 1987 79.879996
2018 1117 65.645100
1692 1155 142.257509
2179 386 116.327908
2287 2 158.355965
2194 1675 61.877165
27 15 6.217833
1924 964 66.682790
1974 1528 27.518807
206 551 77.070546
1607 806 117.423963
2344 547 123.209744
2309 2253 38.042779
2080 739 84.063086
497 1813 175.773360
1632 1790 59.937102
1336 1607 54.269332
370 1492 59.609259
2265 1882 47.845812
1245 1355 13.918964
1437 1168 74.403017
1416 1416 0.000000
1757 450 133.980299
0 2142 143.842875
12 2187 156.444708
1913 1769 106.169225
2219 2008 18.962729
1691 1516 39.819251
67 2329 154.345889
1716 1088 81.406087
2179 602 89.285899
835 1309 163.186739
1608 2189 73.107677
344 1813 111.916637
2286 2231 8.573970
2155 562 89.109347
935 1669 50.078376
2038 1595 26.180419
82 2153 159.166005
1243 816 136.665409
117 1616 101.268576
2028 2344 43.540496
453 532 104.015743
1724 543 68.809559
1582 1744 33.397416
1407 1287 51.138451
373 354 80.705295
123 38 39.975816
2068 785 72.694572
764 948 101.112261
358 310 18.461881
2036 1992 38.057435
669 925 134.000051
2177 1691 94.069940
96 968 93.005371
735 442 73.945511
2344 1947 49.998033
819 1961 138.497738
2157 1354 49.275879
720 1631 103.935751
1716 473 95.947001
402 742 28.969865
2156 317 169.245615
1970 1675 80.043150
235 1853 116.175715
2025 1353 41.693450
2260 461 104.690604
1570 1741 22.380874
2100 1046 65.088480
556 870 121.474986
13 1441 95.860091
845 786 21.569783
77 1531 91.501213
341 1958 92.342876
1620 1761 128.793158
410 2252 146.431554
2100 428 100.972067
1566 784 40.931399
2229 660 133.739202
2307 44 174.826689
1455 723 42.358223
1889 1608 16.091839
2288 2287 5.154920
154 328 15.166858
1982 709 109.337110
2235 1721 82.493227
97 1712 136.312805
2265 1392 101.676456
593 1821 67.786471
2312 2322 24.720786
1141 923 39.661533
399 627 24.773343
1646 1961 103.493526
2245 277 117.807783
27 383 39.899940
607 2240 127.336838
200 508 26.991583
2307 20 153.752198
2237 678 122.962577
1969 1606 115.521530
468 1776 137.848774
1897 1536 121.227969
1643 395 114.036605
1088 696 20.148549
1265 258 88.528443
1573 812 152.375851
313 264 5.755564
2275 1997 33.421672
92 2198 167.135556
2270 2241 7.546898
2287 170 130.894707
969 1584 31.899089
1580 1930 78.091539
138 2075 114.854608
25 627 72.087040
376 1827 82.127503
1014 1905 55.269012
747 723 128.688996
28 19 20.696691
2174 530 98.670726
1475 1741 80.719938
438 527 99.897731
96 266 60.934630
1642 835 149.214824
1775 942 62.777396
1913 1753 46.019686
238 461 71.862675
999 243 71.465947
2310 2251 40.282885
272 1435 64.964697
1845 726 57.567099
2224 721 93.187815
2258 2267 39.557479
439 977 117.190815
679 1877 145.091990
379 660 16.646600
937 1556 34.321658
835 1210 112.328391
891 337 39.873023
2087 1592 34.416548
31 2098 139.030317
1616 1144 150.619858
26 193 30.518846
2029 1356 45.400134
126 369 67.232683
426 1263 46.189681
2322 23 166.138844
154 2214 124.977539
1992 415 102.371541
1649 1658 49.708156
481 1564 124.384268
504 2153 91.363542
2235 131 142.575997
2310 213 131.103302
442 677 60.022090
67 2299 143.806717
1616 447 72.205131
830 1356 138.421255
2005 908 131.279645
595 1958 131.771737
639 907 75.141107
399 1451 92.147106
1838 934 66.830597
1277 1765 100.653002
924 868 4.202176
1985 1431 41.484459
1130 1457 59.681252
2229 2123 27.107491
1750 462 66.751349
2287 2313 26.148268
525 1014 93.119790
578 1942 140.559594
2088 527 92.046959
2230 1977 31.184228
6 152 24.674595
360 696 20.104120
409 1746 81.605252
1461 1204 144.105939
2306 2260 6.844025
707 1170 95.942126
945 670 30.915786
650 649 5.807643
58 797 65.497703
29 325 33.534057
374 574 103.732232
44 2258 169.644508
449 899 26.996225
28 103 35.711246
2035 1957 91.711033
1826 1015 153.200372
971 1591 37.664306
1801 1251 66.789032
2091 1824 17.732220
1130 585 94.032097
2206 1367 52.972568
857 794 45.789955
1993 1937 4.134131
2160 1973 15.759399
1962 840 59.608443
2229 2166 33.710872
607 939 29.719910
27 2317 155.279495
1749 1437 129.353816
1797 1961 20.642745
1775 2107 64.749447
74 109 35.644835
2227 1362 76.504955
2126 545 137.624171
2070 1030 97.943701
1928 1600 49.002586
1972 236 142.331300
1075 1003 105.019915
2303 1773 73.107938
1355 1675 97.918272
2235 48 166.701344
584 890 132.990725
351 690 26.864907
1029 255 48.660811
508 162 29.233278
111 1002 101.769569
537 1264 37.179766
1008 1066 16.189269
359 1911 124.958765
2138 2001 24.194848
2345 153 155.325477
198 2293 156.495065
1366 1563 151.600818
491 548 4.226614
558 1224 50.186712
1706 267 82.182035
1125 619 27.300940
538 416 48.979469
964 633 34.751651
1873 1435 58.559907
2053 2005 13.936418
2341 2 176.181147
1937 608 113.007186
1058 1226 8.800824
2045 147 108.722957
1833 1332 30.444231
670 949 14.714366
74 82 34.719650
1487 1768 15.267973
2146 768 87.864673
1351 2066 46.382564
51 1807 114.531228
1705 1761 4.192728
814 762 21.569783
1903 1959 4.329977
2171 2087 7.072592
867 1460 151.963772
659 773 13.261204
474 265 20.377048
2307 64 169.611689
2269 2249 33.124666
863 1048 106.730349
1162 993 12.641331
1119 1347 27.882531
1762 1427 18.464689
671 779 24.448155
967 1581 34.321972
424 244 89.056880
723 608 18.410263
2203 1108 117.997016
1500 1042 67.250615
2182 1691 90.490481
71 1100 97.637703
2025 682 72.185392
2184 1756 91.814134
1083 1367 26.279889
2303 1696 61.703126
2309 2312 14.404809
1836 1306 137.903306
2261 4 157.415874
170 852 43.101826
78 2231 133.185927
400 1523 61.071437
1740 530 146.751510
1051 447 74.014849
2232 2333 31.825327
437 1936 108.339385
2295 625 135.193218
2303 180 160.619477
248 456 14.386394
1376 1065 160.140974
1476 2012 110.136479
2238 1133 87.723054
1856 1672 87.728873
204 664 70.201180
1935 1147 51.693516
193 1327 76.672603
120 2052 112.062745
2099 547 84.193907
1073 1542 131.081590
1437 1209 27.698614
418 289 87.313507
2344 2253 17.980089
439 643 96.018023
155 854 101.791797
96 797 77.190464
1307 1987 58.257765
1686 1117 62.629453
2205 1155 81.589210
170 386 67.415955
2346 2 171.459145
2168 1675 98.529166
2261 15 166.292136
96 964 83.749020
2339 1528 68.435103
13 551 56.713315
738 806 68.389178
17 547 55.247451
2305 2253 23.334899
2269 739 123.796122
2156 1813 66.581662
736 1790 84.153893
594 1607 59.535383
2091 1492 41.386201
13 1882 118.265466
719 1355 125.730153
127 1168 70.486824
1887 1416 120.720925
1839 450 96.148292
16 2142 138.012962
1923 2187 78.484010
1580 1769 113.159379
2176 2008 55.138252
541 1516 149.783916
68 2329 156.429193
2091 1088 72.307854
170 602 91.731559
2043 1309 71.577998
1246 2189 90.173810
653 1813 113.312726
27 2231 166.292767
904 562 39.506701
2004 1669 20.459303
2040 1595 30.673883
168 2153 122.664183
1856 816 150.671342
51 1616 107.258703
2346 2344 9.446079
1245 532 96.904599
821 543 17.359331
1896 1744 84.053410
846 1287 49.658641
1920 354 84.316003
150 38 34.821901
1577 785 63.697442
2239 948 126.580744
386 310 86.711743
2113 1992 81.949196
2017 925 143.346860
2211 1691 88.176928
2047 968 123.991507
1110 442 42.586999
2326 1947 58.002758
636 1961 131.771956
2227 1354 57.685091
1253 1631 85.990627
2091 473 99.895899
278 742 107.239380
497 317 72.190374
207 1675 116.111306
1919 1853 48.279657
62 1353 116.988353
120 461 78.275159
784 1741 58.841164
256 1046 107.692119
1337 870 123.055150
206 1441 133.501367
1879 786 160.412302
1586 1531 9.605307
846 1958 75.233912
1507 1761 133.274543
599 2252 114.632929
2096 428 92.183612
1486 784 164.458171
93 660 42.803976
20 44 26.770085
1906 723 72.205675
1833 1608 13.666562
2308 2287 3.670317
122 328 17.712221
1663 709 48.676551
14 1721 108.594703
1751 1712 91.640311
206 1392 108.396416
263 1821 88.248855
2289 2322 23.299352
1210 923 47.573001
296 627 22.027859
916 1961 120.590488
2246 277 116.266232
2261 383 150.671331
655 2240 103.661795
240 508 34.001490
34 20 5.036659
1976 678 91.604411
97 1606 116.840189
176 1776 127.898961
1416 1536 50.135193
513 395 30.774902
696 696 0.000001
820 258 82.566323
779 812 129.913239
1239 264 121.891317
1997 1997 0.000000
34 2198 137.383626
169 2241 154.745220
2163 170 116.593411
1136 1584 22.200403
2127 1930 21.914159
1971 2075 11.243655
1979 627 84.767455
440 1827 104.227893
1407 1905 46.148350
1307 723 149.942978
2261 19 149.228035
1698 530 79.387571
283 1741 98.857591
2241 527 107.774507
2056 266 132.954957
603 835 48.588224
1830 942 66.830597
488 1753 152.022716
304 461 30.589888
1583 243 101.911757
156 2251 127.147689
1751 1435 112.385512
562 726 21.998071
995 721 42.542956
2344 2267 29.575743
360 977 35.164790
1194 1877 72.509643
275 660 26.968874
1437 1556 43.376171
636 1210 88.477002
1126 337 56.327089
592 1592 71.275165
2334 2098 41.633042
1269 1144 87.063877
2338 193 155.752212
2142 1356 114.106591
1303 369 112.669661
1532 1263 69.983675
23 23 0.000000
122 2214 130.436832
745 415 37.554654
892 1658 118.867686
1645 1564 135.288608
616 2153 84.982509
101 131 4.179072
156 213 64.305099
237 677 57.488293
45 2299 148.150593
1421 447 138.304959
293 1356 65.304436
2136 908 129.223067
2007 1958 25.638892
1841 907 116.172314
2115 1451 71.311733
160 934 84.298982
960 1765 131.071305
700 868 9.142918
1823 1431 21.274885
1171 1457 37.617903
93 2123 164.980602
281 462 85.392226
47 2313 160.815984
1910 1014 46.460195
2092 1942 23.222422
1936 527 93.182704
2274 1977 67.802565
2122 152 168.150529
416 696 16.646586
605 1746 140.671290
986 1204 39.992172
2231 2260 3.442086
483 1170 95.272101
930 670 115.571133
931 649 20.943349
438 797 114.872324
94 325 30.336037
1999 574 163.967158
91 2258 164.830061
2014 899 60.927310
2261 103 134.137217
399 1957 101.735122
1160 1015 143.822907
1701 1591 13.260995
774 1251 162.117895
1716 1824 22.738516
582 585 16.406223
196 1367 132.118720
1532 794 75.491936
2046 1937 11.826520
2121 1973 11.845175
1963 840 61.070684
93 2166 168.919033
492 939 24.576603
2286 2317 32.686713
1915 1437 126.601749
1739 1961 16.971025
1305 2107 109.666136
1976 109 112.891798
2157 1362 70.046847
1999 545 77.117807
197 1030 114.330680
2171 1600 41.700055
213 236 70.759394
294 1003 77.843900
2051 1773 27.523699
1662 1675 74.033474
64 48 24.952266
749 890 143.696201
2027 690 73.663257
903 255 64.262051
2017 162 106.195210
1002 1002 0.000001
640 1264 59.972409
1233 1066 12.645339
2225 1911 30.013245
228 2001 100.151337
2343 153 146.011115
2113 2293 54.181960
805 1563 167.881136
436 548 6.658498
1425 1224 142.245472
1902 267 150.109536
1173 619 46.567355
368 416 37.737108
357 633 24.591335
587 1435 66.975940
2032 2005 88.902357
2331 2 171.151417
1493 608 81.821428
1506 1226 14.227927
832 147 79.105446
1885 1332 50.352160
727 949 16.769581
274 82 48.332629
753 1768 67.186791
204 768 98.358733
2150 2066 20.609884
117 1807 141.729232
1873 1761 6.413001
981 762 33.098750
1958 1959 4.790798
2129 2087 11.106151
1536 1460 123.516693
548 773 13.425945
311 265 9.818063
64 64 0.000000
277 2249 116.576801
808 1048 103.183217
652 993 35.075009
1626 1347 14.512841
1877 1427 28.598323
1707 779 155.551816
1249 1581 30.191776
1344 244 63.254924
1562 608 48.806035
2335 1108 98.020020
1689 1042 154.832236
330 1691 130.335295
1922 1100 111.706151
62 682 82.851097
73 1756 123.168286
290 1367 121.142462
280 1696 151.284230
122 2312 153.821096
2192 1306 87.273300
2286 4 160.522599
2201 852 81.201227
36 2231 140.024280
98 1523 96.623614
2040 530 84.726425
2279 447 108.096447
55 2333 164.424708
329 1936 119.693450
2100 625 141.280450
280 180 63.386117
2257 456 104.807545
313 1065 129.085091
178 2012 165.608377
2053 1133 131.292015
1243 1672 117.370536
547 664 28.816749
677 1147 133.249462
2196 1327 112.062707
65 2052 119.165286
1980 547 150.114330
1814 1542 47.519221
1897 1209 98.341864
528 289 90.909018
17 2253 146.487144
513 643 92.350036
15 854 83.232870
2056 797 136.382430
333 1987 159.559217
1687 1117 68.212808
1807 1155 124.584023
2248 386 111.603113
2325 2 165.580510
347 1675 113.119495
66 15 10.281836
2022 964 59.666494
278 1528 147.494410
2076 551 152.476322
330 806 113.957222
2326 547 129.560409
43 2253 156.665237
2052 739 149.083772
1722 1813 108.004661
822 1790 106.642606
1280 1607 58.267447
344 1492 150.047574
187 1882 97.488133
939 1355 151.353632
937 1168 46.039896
127 1416 109.536255
682 450 44.950846
2216 2142 6.950137
299 2187 140.482954
1579 1769 116.956066
172 2008 153.962235
237 1516 89.297220
46 2329 158.015832
292 1088 106.897836
2201 602 145.503352
690 1309 37.803052
512 2189 106.418472
1528 1813 30.216731
2261 2231 6.165379
112 562 85.216248
345 1669 130.335288
817 1595 54.658123
1458 2153 42.320899
1550 816 50.086493
189 1616 87.691666
2164 2344 34.483588
2130 532 84.850009
1720 543 60.722670
880 1744 154.478227
1295 1287 51.177297
234 354 81.900131
75 38 24.768254
1000 785 57.039063
1380 948 104.520668
876 310 61.832976
1045 1992 57.488991
508 925 130.660258
2166 1691 52.458830
2056 968 139.204024
1937 442 125.082247
17 1947 127.034137
2223 1961 23.025439
1977 1354 54.068760
200 1631 86.752564
292 473 80.918578
329 742 107.554362
457 317 94.436849
1450 1675 13.081776
23 1853 130.839263
374 1353 145.338446
65 461 71.903653
843 1741 46.724731
1159 1046 8.430154
2066 870 144.407504
2250 1441 62.596026
445 786 33.561245
1698 1531 12.562005
1015 1958 70.630715
1677 1761 126.097291
1807 2252 70.582645
321 428 12.851920
590 784 129.636911
2314 660 105.848356
45 44 5.173257
1626 723 62.654185
1888 1608 16.091823
19 2287 154.346314
2305 328 144.001154
774 709 50.844703
171 1721 148.364676
407 1712 122.271532
13 1392 100.251839
2110 1821 92.434859
15 2322 169.907078
583 923 29.526953
2033 627 92.344272
1491 1961 111.590706
2198 277 165.900821
2286 383 148.527221
492 2240 125.362382
833 508 64.975780
65 20 30.132019
437 678 88.226023
407 1606 146.876141
1695 1776 120.129758
2255 1536 91.355515
711 395 100.120029
1257 696 28.788729
582 258 21.507851
1322 812 42.884065
500 264 92.926406
2095 1997 7.694260
2308 2198 18.285872
2134 2241 10.463249
2200 170 120.159568
1138 1584 25.543654
1579 1930 82.909297
329 2075 156.247899
2023 627 74.255070
1948 1827 45.058188
1295 1905 50.066986
2253 723 90.448362
66 19 27.395590
1774 530 96.072987
941 1741 106.426826
1750 527 83.579561
2167 266 116.083862
1806 835 122.993058
110 942 96.773361
495 1753 167.330217
524 461 38.445760
2173 243 172.849153
2264 2251 46.798058
1969 1435 122.473268
1765 726 163.012237
1524 721 125.468510
230 2267 137.556403
441 977 123.838851
1081 1877 80.940085
378 660 18.261804
1945 1556 26.170310
2043 1210 47.488344
1760 337 157.296735
2154 1592 94.233997
195 2098 117.254435
1421 1144 21.063965
2325 193 159.472516
2219 1356 98.494514
1531 369 100.980950
2133 1263 51.131921
14 23 14.158673
2305 2214 43.579853
707 415 65.963776
242 1658 142.460429
1071 1564 76.815913
1398 2153 48.573040
2333 131 146.248235
2345 213 141.822865
333 677 53.825905
21 2299 170.529961
2188 447 98.073599
385 1356 116.877714
2035 908 87.463344
1049 1958 88.877801
219 907 86.598964
2033 1451 119.647279
1723 934 50.191460
718 1765 120.063143
1316 868 21.987306
1378 1431 22.144779
1874 1457 129.038654
2314 2123 46.349644
1865 462 76.013143
22 2313 161.808809
1446 1014 104.354232
1584 1942 110.542625
1991 527 93.553484
2076 1977 14.955028
2121 152 171.380120
530 696 16.786730
1694 1746 20.265588
1124 1204 154.315681
36 2260 143.466128
442 1170 38.360788
1452 670 41.106843
1600 649 47.871513
2050 797 150.184232
15 325 34.765990
213 574 32.869604
2258 2258 0.000000
1006 899 32.010448
66 103 42.470396
2033 1957 89.004284
993 1015 138.199304
664 1591 161.242616
1982 1251 43.979586
292 1824 165.377189
1170 585 144.939461
1634 1367 78.011731
851 794 9.605520
2043 1937 9.632228
2122 1973 14.997467
788 840 21.569783
2314 2166 39.442259
1940 939 67.019613
66 2317 147.313195
2030 1437 101.986444
955 1961 54.099125
1830 2107 64.148340
274 109 53.220593
2282 1362 78.243006
4 545 55.373368
1813 1030 40.273430
2130 1600 43.508541
1999 236 108.891823
1691 1003 105.082499
276 1773 86.738313
318 1675 116.515892
14 48 17.582760
1166 890 26.193221
253 690 31.707043
336 255 69.671386
669 162 38.126026
945 1002 4.207752
1818 1264 46.986894
1344 1066 21.071068
853 1911 67.399390
2290 2001 55.726274
37 153 42.616779
2036 2293 35.998479
2019 1563 62.524398
547 548 5.475149
1061 1224 36.255376
1733 267 141.797558
1237 619 32.514205
1085 416 40.197705
1463 633 77.675106
862 1435 84.958138
436 2005 85.296134
2 2 0.000000
356 608 106.040451
1505 1226 14.228142
713 147 51.817638
384 1332 56.604061
1340 949 21.458390
250 82 41.143665
535 1768 63.468665
165 768 93.822012
1907 2066 10.793903
189 1807 154.331447
1761 1761 0.000000
783 762 121.159635
2013 1959 3.640425
2130 2087 6.442530
868 1460 155.037599
1500 773 36.211338
529 265 24.564377
2288 64 160.160981
209 2249 159.994629
1145 1048 99.324448
428 993 41.703880
1906 1347 30.588718
729 1427 163.230698
641 779 129.636741
1193 1581 34.394630
979 244 113.269145
1785 608 60.102802
208 1108 117.373147
717 1042 70.106858
384 1691 127.695303
2194 1100 122.941948
374 682 112.746977
1973 1756 38.655547
1156 1367 86.818920
2051 1696 104.124322
2289 2312 15.013901
1052 1306 167.200722
66 4 19.477497
2248 852 126.662611
2199 2231 6.147768
303 1523 75.594156
1086 530 37.772941
772 447 63.198320
2337 2333 17.363888
2242 1936 24.698346
2052 625 147.652815
2051 180 125.043607
2347 456 129.803171
596 1065 125.002515
1612 2012 55.912485
435 1133 137.333832
1755 1672 126.097343
2146 664 81.485445
1433 1147 41.656419
192 1327 72.954033
275 2052 98.281153
2104 547 90.649343
911 1542 100.479429
2044 1209 46.325004
1211 289 125.482640
230 2253 135.900169
1995 643 89.236930
29 854 85.026270
2022 797 68.697688
2253 1987 71.717717
2087 1117 131.828034
410 1155 104.251037
2201 386 154.546832
47 2 17.088032
489 1675 83.467685
2286 15 169.718262
2056 964 127.698898
2318 1528 83.782547
252 551 90.085152
384 806 118.071797
2258 547 138.272584
2324 2253 30.276159
273 739 108.532961
1559 1813 127.472773
1250 1790 120.368577
973 1607 117.800159
292 1492 143.390215
206 1882 157.767285
1330 1355 154.717184
623 1168 95.649712
1897 1416 123.838164
1500 450 97.740081
2177 2142 20.991903
1749 2187 75.800460
1635 1769 112.812539
231 2008 106.246515
607 1516 92.390824
2314 2329 4.047386
1189 1088 70.805100
2248 602 95.671224
819 1309 91.559548
1661 2189 80.748538
687 1813 67.836890
66 2231 171.426100
1882 562 157.972318
115 1669 103.953046
900 1595 148.727247
1740 2153 29.763780
1755 816 92.390293
2181 1616 45.289490
2122 2344 36.738596
1330 532 94.291443
1774 543 63.468665
1497 1744 125.272354
1014 1287 43.859375
281 354 84.361464
2284 38 153.851930
1744 785 66.814600
766 948 89.335583
1335 310 123.618011
746 1992 107.256208
2191 925 131.244892
16 1691 119.362784
2022 968 70.609572
356 442 95.449950
2258 1947 67.107791
2043 1961 87.987744
432 1354 147.805690
833 1631 96.248711
1189 473 77.442373
1997 742 147.901494
1912 317 167.748110
1617 1675 9.305299
2195 1853 27.849992
213 1353 82.728637
462 461 5.048004
1011 1741 39.800121
935 1046 8.418388
1046 870 54.398085
252 1441 141.147728
1759 786 140.977935
1700 1531 9.272524
1407 1958 58.916660
1396 1761 140.094681
1692 2252 69.364082
431 428 15.118517
928 784 138.294033
548 660 6.211202
27 44 3.420746
1681 723 58.799891
2097 1608 30.255345
2331 2287 30.132416
43 328 35.998997
1867 709 123.155076
8 1721 121.156655
404 1712 136.561451
252 1392 124.511728
1142 1821 58.734074
14 2322 174.963111
1115 923 149.624530
2035 627 100.299427
526 1961 144.436715
8 277 42.686701
66 383 31.472707
1415 2240 78.661234
1365 508 107.847358
2342 20 173.771266
250 678 35.797113
404 1606 157.796018
1868 1776 96.038956
127 1536 132.119897
1893 395 116.456639
474 696 16.845631
1170 258 126.801762
873 812 28.036804
1451 264 134.077183
1998 1997 4.855614
2198 2198 0.000000
2209 2241 3.575599
2077 170 109.407508
1586 1584 12.118881
495 1930 146.543787
437 2075 160.266097
2075 627 78.249109
683 1827 158.422955
846 1905 64.091808
1950 723 70.757727
2286 19 152.604503
1688 530 127.124759
445 1741 83.982040
1809 527 77.177188
2301 266 152.921425
2175 835 117.365801
216 942 108.556120
1635 1753 35.207739
1722 461 167.322580
456 243 30.492129
2343 2251 16.998349
404 1435 138.515222
620 726 35.208708
1557 721 50.508127
17 2267 166.292137
217 977 45.389049
1004 1877 138.296025
326 660 20.166962
127 1556 99.291032
1392 1210 92.631719
335 337 9.702124
651 1592 82.039381
1975 2098 84.864499
1463 1144 109.375606
89 193 25.614046
231 1356 133.530632
1187 369 125.643434
721 1263 115.824756
2325 23 158.054043
104 2214 174.389322
539 415 58.333762
393 1658 151.059405
1840 1564 25.136697
952 2153 67.619043
4 131 33.432175
2264 213 122.955439
282 677 60.467942
2315 2299 14.404808
1769 447 147.918998
2095 1356 117.728638
2097 908 141.190306
1052 1958 75.022788
957 907 34.618035
2005 1451 38.886189
197 934 80.904374
1647 1765 32.660571
1092 868 11.044704
1767 1431 17.813998
1127 1457 41.655620
2163 2123 5.359197
158 462 72.204758
2312 2313 5.181515
1829 1014 146.308536
512 1942 167.767278
972 527 29.626657
2077 1977 10.681553
2028 152 163.144238
1225 696 150.720641
517 1746 65.856305
502 1204 146.652263
67 2260 168.829761
745 1170 141.524599
949 670 14.714366
974 649 65.098367
330 797 103.545161
2349 325 132.902985
1972 574 73.933725
2195 2258 6.993405
841 899 9.724387
2286 103 137.529699
2136 1957 71.081880
1385 1015 138.737336
1743 1591 88.862279
2021 1251 74.271157
246 1824 161.401163
1171 585 147.118991
128 1367 118.834106
1585 794 58.839950
2209 1937 23.819069
2164 1973 21.887695
752 840 133.587758
2235 2166 6.950137
294 939 105.196974
2261 2317 35.956974
166 1437 133.226698
394 1961 83.821615
216 2107 172.677451
250 109 38.992521
432 1362 134.119298
62 545 45.945200
2226 1030 107.755341
2036 1600 48.669221
62 236 44.088470
237 1003 44.531901
302 1773 138.399787
627 1675 115.089500
22 48 26.490719
1671 890 43.428034
2256 690 110.635823
613 255 86.549870
858 162 87.163636
1114 1002 5.483803
1420 1264 76.373054
1847 1066 44.220630
2171 1911 76.747693
281 2001 100.054242
2264 153 160.988709
746 2293 110.841017
1530 1563 134.069879
715 548 9.629449
586 1224 133.643920
730 267 107.997276
1956 619 81.604937
1845 416 171.410490
1421 633 46.603018
267 1435 64.964698
2238 2005 66.523346
9 2 3.818777
735 608 84.814353
1563 1226 17.881574
1834 147 105.888742
624 1332 130.388520
1510 949 28.305723
2242 82 141.340317
1202 1768 45.994842
40 768 65.138825
2018 2066 9.140050
2181 1807 88.834308
1706 1761 4.192152
1400 762 144.918135
2014 1959 6.044014
2086 2087 4.915076
1148 1460 153.807084
1780 773 51.430277
590 265 20.927111
2299 64 149.409026
273 2249 121.796993
503 1048 92.123256
1939 993 59.574725
1681 1347 21.085438
1123 1427 156.206495
1320 779 122.961589
1802 1581 21.147338
1233 244 56.562370
1410 608 117.726351
2120 1108 128.200088
1702 1042 83.693601
281 1691 127.950252
226 1100 49.873294
213 682 51.051535
148 1756 115.821228
1447 1367 146.312280
276 1696 155.298207
2231 2312 33.238924
1327 1306 130.008707
20 4 15.063085
2272 852 126.164804
67 2231 167.020544
605 1523 142.645743
900 530 120.930048
1073 447 69.014460
2325 2333 21.946410
1971 1936 87.042194
2050 625 155.346998
276 180 50.841249
132 456 24.777097
1451 1065 45.714934
1441 2012 77.486033
436 1133 135.313219
1301 1672 129.037008
439 664 13.970949
241 1147 124.654005
135 1327 124.308478
0 2052 136.770373
409 547 105.123520
239 1542 138.029563
129 1209 118.660779
1268 289 123.103426
118 2253 148.186728
711 643 68.756828
2234 854 81.968560
2221 797 117.076701
936 1987 92.582251
1252 1117 147.894468
2183 1155 78.483980
2272 386 124.660218
2337 2 167.942149
1922 1675 109.602907
20 15 19.384244
2204 964 87.208800
464 1528 54.931508
2265 551 141.894839
438 806 117.436121
2161 547 154.331442
104 2253 147.169762
2050 739 153.085969
796 1813 75.363558
1984 1790 106.066380
2038 1607 70.382504
246 1492 141.377517
2076 1882 80.012294
143 1355 103.495061
1416 1168 152.186048
2044 1416 92.958866
1702 450 135.049997
2283 2142 50.484216
166 2187 130.975107
495 1769 109.786301
2142 2008 31.106800
1940 1516 116.941020
2313 2329 4.047386
625 1088 93.018751
2272 602 100.025153
604 1309 141.862045
1584 2189 81.895124
1666 1813 108.646522
20 2231 143.082122
1298 562 63.844807
114 1669 108.598694
1740 1595 121.158443
1569 2153 37.003503
99 816 96.642779
1673 1616 4.187730
2121 2344 35.791069
939 532 92.309796
2268 543 111.068294
470 1744 104.836791
1015 1287 49.990655
330 354 88.289098
2200 38 138.638816
1927 785 141.742986
1019 948 91.562276
162 310 70.592195
657 1992 85.341766
858 925 68.583525
2283 1691 45.731577
2301 968 107.601072
1493 442 92.912658
69 1947 115.950819
690 1961 118.173221
2282 1354 63.990817
1354 1631 20.970586
625 473 79.682420
381 742 113.360175
1722 317 89.236883
1395 1675 14.714066
124 1853 114.279415
1999 1353 122.895980
406 461 8.192273
839 1741 58.480550
1104 1046 9.998768
1028 870 63.186245
2076 1441 116.548313
1377 786 156.720434
1587 1531 4.191392
1294 1958 58.257758
1144 1761 32.514275
2183 2252 21.293683
372 428 4.330251
985 784 137.944142
603 660 4.192201
2329 44 154.441496
978 723 141.643766
1942 1608 22.203776
2262 2287 3.605992
2231 328 155.655745
332 709 68.000635
80 1721 132.584123
2137 1712 31.297830
187 1392 85.438718
1742 1821 109.810554
47 2322 160.815984
1768 923 54.843662
2005 627 139.314432
1604 1961 103.493582
80 277 59.583037
1361 383 143.525269
1075 2240 103.859462
1354 508 54.493494
9 20 3.516692
2242 678 138.735303
2026 1606 109.982281
2081 1776 86.094626
623 1536 114.480476
1995 395 158.518836
1628 696 130.291327
1171 258 125.724402
395 812 118.929115
1069 264 118.940709
2049 1997 5.166628
2161 2198 3.488156
2093 2241 18.769154
2162 170 115.908168
1027 1584 33.575756
1635 1930 78.748161
2242 2075 57.413921
194 627 82.821623
660 1827 79.387379
341 1905 85.211335
850 723 89.448217
20 19 5.171011
486 530 61.550128
1855 1741 12.669835
158 527 85.446530
1811 266 105.436500
408 835 108.336736
1305 942 171.581316
1579 1753 39.022176
212 461 26.205074
2105 243 112.891620
30 2251 143.050775
407 1435 125.284691
368 726 106.548766
543 721 59.936953
69 2267 168.092576
496 977 124.980624
1248 1877 83.263234
323 660 27.396783
129 1556 109.088079
2223 1210 106.407895
1817 337 161.485959
261 1592 72.197583
133 2098 163.648153
357 1144 45.941246
46 193 17.236789
172 1356 71.335457
549 369 58.333705
1898 1263 108.615128
2312 23 157.172922
121 2214 128.536310
483 415 58.864824
2065 1658 101.692311
1128 1564 78.832268
1625 2153 33.819447
74 131 6.868215
2276 213 165.993347
238 677 52.526829
2330 2299 14.541346
357 447 89.407715
1889 1356 133.154751
433 908 127.631515
2240 1958 71.042169
2112 907 79.151930
2136 1451 87.938989
1719 934 39.904863
1534 1765 40.680908
1151 868 26.193221
649 1431 41.106900
1170 1457 43.597984
2201 2123 7.430828
1809 462 72.110116
2293 2313 3.795746
469 1014 89.919805
1588 1942 96.760023
763 527 66.129971
2163 1977 15.426170
33 152 40.063589
265 696 37.164199
459 1746 66.751349
956 1204 150.145432
2259 2260 5.129188
1954 1170 41.809995
946 670 25.699222
1449 649 107.295915
1941 797 150.628992
2234 325 157.562022
62 574 71.755182
2257 2258 5.129171
1228 899 47.572656
20 103 13.566662
2005 1957 30.806553
877 1015 154.577355
1025 1591 47.004223
743 1251 33.373296
2085 1824 37.464154
1127 585 110.134875
1361 1367 38.159979
1703 794 92.721168
1939 1937 9.574279
6 1973 137.759107
1032 840 142.122537
2125 2166 4.113946
1415 939 179.999580
20 2317 169.907076
299 1437 137.726408
1875 1961 102.438615
110 2107 166.125418
329 109 66.251955
1977 1362 33.716751
213 545 86.566366
1690 1030 82.081700
2169 1600 50.374873
4 236 40.382369
320 1003 83.466411
251 1773 154.529540
1730 1675 4.192126
2198 48 151.681508
1325 890 85.778758
2291 690 103.404290
1394 255 130.144367
1143 162 111.236759
1058 1002 4.211166
2010 1264 110.541287
1260 1066 167.201978
1109 1911 111.705681
158 2001 113.166621
30 153 24.183971
629 2293 125.704639
1725 1563 33.397425
604 548 4.203696
1846 1224 50.325447
1179 267 130.859276
2111 619 81.510011
1765 416 78.083065
1616 633 161.589017
1684 1435 136.572055
355 2005 179.999603
8 2 3.818777
243 608 50.102576
619 1226 66.284106
825 147 56.865093
305 1332 132.741999
1459 949 42.924193
1976 82 117.757891
1033 1768 58.578582
711 768 4.188690
1961 2066 9.632171
1807 1807 0.000000
1930 1761 10.168789
1569 762 149.741232
1904 1959 4.329548
2238 2087 15.721776
1093 1460 157.977847
600 773 27.830421
928 265 40.796136
88 64 4.936398
2158 2249 48.563018
2109 1048 97.710006
2034 993 117.784425
978 1347 151.353516
1396 1427 150.850285
926 779 123.589726
1521 1581 21.569694
1008 244 47.394958
1729 608 57.205848
2214 1108 69.446287
600 1042 43.136749
1915 1691 12.869990
347 1100 130.167333
2126 682 99.151670
130 1756 121.237403
2190 1367 106.046403
2351 1696 61.807126
153 2312 145.690602
2266 1306 67.421894
2346 4 170.553983
1998 852 150.449970
79 2231 134.326143
2083 1523 66.011913
1964 530 149.224348
1440 447 103.461239
2343 2333 3.517094
1976 1936 71.288038
2142 625 143.572174
2351 180 143.842701
403 456 17.539806
1069 1065 25.595104
1448 2012 46.875796
2032 1133 62.234665
1495 1672 51.428099
549 664 18.020971
1436 1147 59.681799
191 1327 69.780038
326 2052 94.656671
319 547 36.919307
215 1542 87.864370
937 1209 56.057347
1931 289 163.337917
69 2253 137.954397
1893 643 123.991151
2349 854 109.079713
2204 797 93.384920
542 1987 96.097798
472 1117 138.594943
1757 1155 90.000274
329 386 17.320189
3 2 4.725006
71 1675 96.857408
15 15 0.000000
2221 964 108.115628
576 1528 48.288723
2311 551 131.546480
358 806 25.977613
69 547 45.945200
119 2253 144.523329
277 739 104.530403
1912 1813 66.473546
372 1790 126.311859
2040 1607 60.448389
2085 1492 66.714372
32 1882 139.806445
1721 1355 140.199608
2255 1168 81.202803
771 1416 167.412757
1162 450 97.559127
2211 2142 27.831962
2030 2187 69.799112
371 1769 74.876384
38 2008 148.791430
655 1516 140.180481
2307 2329 24.039199
909 1088 73.122818
378 602 13.373398
2223 1309 106.245853
1412 2189 78.200233
1297 1813 73.463452
2260 2231 3.442086
1242 562 59.631475
2222 1669 51.405878
1086 1595 37.844586
1010 2153 64.307410
1106 816 61.534138
1785 1616 9.629038
2160 2344 30.404818
719 532 104.845594
2174 543 98.650390
2069 1744 23.015469
972 1287 135.165498
236 354 80.366679
10 38 8.658227
268 785 107.305160
553 948 29.266124
855 310 63.908752
1714 1992 18.973715
1339 925 138.737175
233 1691 139.687767
2167 968 72.604440
791 442 73.186509
2337 1947 58.189752
1986 1961 94.585405
380 1354 130.189131
1365 1631 83.930867
909 473 71.511021
279 742 105.674744
796 317 106.024229
1673 1675 11.611898
2327 1853 64.833353
2126 1353 75.683211
572 461 8.487088
1175 1741 46.567394
1383 1046 17.646997
1158 870 55.803749
2265 1441 87.143273
1987 786 153.830007
1697 1531 17.358352
1295 1958 62.726033
1843 1761 115.558139
2222 2252 3.575635
319 428 7.208374
560 784 12.116901
549 660 8.393133
2342 44 157.268548
811 723 132.716917
1665 1608 4.187923
2316 2287 33.390657
2309 328 150.637964
72 709 80.301295
64 1721 99.269537
2026 1712 89.493065
2076 1392 111.289866
789 1821 154.863335
5 2322 173.040328
339 923 118.856432
2136 627 143.572175
1660 1961 102.499528
63 277 30.929333
1585 383 153.829580
237 2240 154.812678
1157 508 134.016801
92 20 32.319173
329 678 77.081528
2137 1606 36.223395
2254 1776 68.425006
937 1536 111.416138
686 395 57.082805
529 696 12.607848
1127 258 87.832567
1788 812 149.783521
555 264 93.261561
1944 1997 11.148586
55 2198 133.142280
2046 2241 23.030005
134 170 6.650741
580 1584 56.702521
2252 1930 75.192066
2237 2075 37.281400
2079 627 86.176178
379 1827 89.975870
1015 1905 58.715979
1492 723 102.007833
19 19 0.000000
1724 530 125.817939
388 1741 88.209446
1865 527 78.462416
2185 266 142.934802
2251 835 83.080274
323 942 48.040671
2127 1753 33.099663
658 461 116.091478
2046 243 156.932107
2276 2251 8.255692
2137 1435 42.459946
1313 726 161.968540
2210 721 118.919004
118 2267 141.630279
471 977 30.822878
1366 1877 50.351947
435 660 13.971080
623 1556 129.678260
690 1210 102.781503
611 337 26.322185
1323 1592 69.156319
229 2098 105.385606
2188 1144 122.557842
19 193 37.389007
38 1356 93.278555
1693 369 137.261534
851 1263 128.461529
15 23 17.363035
2309 2214 37.668029
1496 415 115.239219
1263 1658 25.167832
2149 1564 36.700380
838 2153 75.258310
206 131 11.838221
2343 213 151.263585
332 677 58.673991
2309 2299 33.536006
1269 447 110.985237
1925 1356 59.868696
2033 908 78.879835
1327 1958 91.623543
338 907 64.332409
296 1451 104.191316
1777 934 45.268490
1184 1765 124.584202
1541 868 33.842122
1820 1431 25.583957
582 1457 135.213109
2200 2123 7.617228
438 462 99.932142
28 2313 157.785414
1895 1014 100.105293
1412 1942 125.900480
341 527 86.446724
2078 1977 7.686034
137 152 56.279160
1565 696 171.625408
1980 1746 52.998574
1197 1204 41.858692
79 2260 137.734685
1992 1170 106.238340
316 670 98.656221
781 649 112.845675
281 797 99.466132
155 325 19.098696
2228 574 99.674337
95 2258 147.169753
587 899 128.366244
2233 103 132.105838
575 1957 126.311756
342 1015 39.103244
997 1591 141.003236
306 1251 53.730066
344 1824 163.831604
1874 585 67.054065
1745 1367 83.291237
1898 794 111.784165
1937 1937 0.000000
190 1973 164.868934
1003 840 35.475317
2080 2166 8.155327
1691 939 149.084256
2331 2317 5.036630
50 1437 114.350685
1565 1961 33.147669
1789 2107 21.010218
437 109 71.212112
380 1362 145.338452
1972 545 169.460470
1746 1030 80.043363
2086 1600 41.340348
2228 236 137.289796
487 1003 72.152155
280 1773 99.638118
1563 1675 5.905999
8 48 13.397457
161 890 52.035808
1978 690 67.252761
1880 255 122.371371
1444 162 97.934881
833 1002 8.955570
676 1264 159.851369
1261 1066 173.601113
1273 1911 121.598990
1865 2001 97.878013
2276 153 131.474189
569 2293 135.438940
552 1563 54.306528
493 548 8.696674
1090 1224 138.240155
1403 267 141.818800
1002 619 60.723516
505 416 97.872517
2188 633 132.978284
2014 1435 109.900061
435 2005 86.597519
2309 2 162.911577
1664 608 75.187017
695 1226 156.522670
793 147 98.778411
799 1332 167.133527
448 949 30.822467
329 82 61.688501
1371 1768 37.935892
768 768 0.000000
837 2066 72.539998
1862 1807 4.227235
1593 1761 9.433604
1120 762 136.088258
394 1959 85.414707
2169 2087 13.341366
1206 1460 159.144355
1891 773 58.967852
1656 265 75.525182
44 64 5.432421
2073 2249 58.203293
531 1048 81.611044
1702 993 122.478534
811 1347 152.665800
1516 1427 137.914298
1820 779 145.234101
576 1581 54.306517
1458 244 66.679090
1825 608 110.665459
2197 1108 119.231757
682 1042 142.196787
2073 1691 23.660699
489 1100 45.913506
2228 682 89.060494
131 1756 116.176933
1991 1367 60.900378
251 1696 80.987097
154 2312 147.828364
2007 1306 127.101810
4 4 0.000000
2095 852 141.034444
2232 2231 5.097556
2281 1523 61.700420
817 530 43.998098
911 447 91.280723
47 2333 154.063404
274 1936 100.843464
2004 625 135.172205
251 180 55.852555
227 456 88.761951
555 1065 46.987267
1196 2012 123.651517
1916 1133 41.405447
1106 1672 46.749829
329 664 20.936337
666 1147 138.052125
152 1327 68.738981
378 2052 90.845524
353 547 102.335541
466 1542 92.383435
771 1209 66.875359
1339 289 68.675810
2348 2253 25.764895
686 643 75.603839
2263 854 85.796915
2267 797 107.791639
850 1987 115.238851
651 1117 111.787218
596 1155 29.095210
237 386 10.816146
28 2 15.499917
321 1675 102.599571
14 15 5.171012
2267 964 101.338236
519 1528 51.813195
2250 551 98.526285
281 806 110.896636
2337 547 131.499113
122 2253 135.565881
1917 739 61.311830
457 1813 100.101848
1699 1790 108.646524
778 1607 78.076864
625 1492 166.766389
2250 1882 57.837283
60 1355 106.725325
1747 1168 117.894156
937 1416 161.071054
1641 450 110.944552
2166 2142 64.086247
2333 2187 20.611406
2127 1769 52.998270
1953 2008 4.518621
294 1516 67.956765
10 2329 170.319535
246 1088 103.474363
275 602 21.279364
1392 1309 162.353217
2092 2189 62.906340
141 1813 95.564168
2198 2231 3.461984
963 562 59.717025
1023 1669 158.914552
1601 1595 39.016157
1570 2153 36.624175
938 816 62.444560
1784 1616 9.629299
33 2344 160.002983
1721 532 101.972003
1698 543 140.238250
1968 1744 13.373001
341 1287 56.500473
2025 354 95.894355
2296 38 163.619746
1560 785 68.789398
823 948 80.807328
1411 310 101.415645
1477 1992 70.565205
612 925 129.808629
0 1691 118.378814
2267 968 91.401974
1610 442 75.639555
2161 1947 81.368304
1462 1961 37.596476
2125 1354 66.991989
523 1631 92.800000
1190 473 72.509850
1998 742 151.519037
852 317 107.088370
1729 1675 9.123621
149 1853 152.150341
2228 1353 55.055870
515 461 8.452271
899 1741 44.984534
936 1046 13.863567
308 870 47.632314
32 1441 107.454616
1730 786 66.814579
1811 1531 15.267916
2088 1958 84.864498
390 1761 165.641560
2278 2252 3.605993
227 428 15.906675
842 784 15.541570
437 660 13.971281
19 44 25.558052
1428 723 151.241364
2098 1608 30.486968
2315 2287 32.128562
153 328 18.205714
968 709 124.698578
52 1721 130.173280
255 1712 117.189438
2250 1392 55.505907
1871 1821 31.453112
16 2322 164.967036
749 923 34.605531
433 627 112.709157
1041 1961 137.053138
14 277 32.217757
1192 383 134.710759
294 2240 152.363026
1533 508 115.024468
91 20 33.092073
1971 678 74.721433
255 1606 135.540728
1944 1776 10.539589
1747 1536 76.678477
1804 395 88.956894
1656 696 71.016223
1874 258 92.702793
1796 812 154.668729
777 264 98.966057
1942 1997 3.845521
2162 2198 6.129459
2094 2241 21.627334
104 170 6.903972
511 1584 75.092849
270 1930 102.862593
274 2075 175.084944
2050 627 159.073242
326 1827 93.099712
972 1905 124.336514
2134 723 129.624676
2287 19 154.346314
1720 530 105.789935
611 1741 83.757571
295 527 67.277432
109 266 30.968711
1581 835 116.167394
2078 942 141.014620
2252 1753 78.326221
2169 461 113.109210
688 243 70.440669
37 2251 167.486630
327 1435 81.546732
1085 726 137.990669
1697 721 153.433036
2348 2267 21.621745
383 977 116.428792
805 1877 75.208478
2053 660 74.424757
1747 1556 124.532999
1986 1210 58.139763
1099 337 115.516634
2018 1592 97.123336
189 2098 108.673319
1304 1144 48.850873
192 193 5.017219
330 1356 122.643701
2071 369 163.725992
2114 1263 120.693789
16 23 19.384245
2231 2214 53.681269
1442 415 120.591088
872 1658 41.107063
218 1564 142.250558
1708 2153 95.017430
296 131 19.291933
37 213 20.527788
284 677 50.649883
2349 2299 13.426001
964 447 80.726967
1364 1356 50.862679
2144 908 129.753749
2055 1958 37.824960
1519 907 37.638891
575 1451 129.833499
2226 934 120.932956
913 1765 86.595274
534 868 21.359781
367 1431 55.663363
820 1457 133.490729
2077 2123 6.805439
295 462 26.420329
10 2313 166.272150
498 1014 72.151825
1661 1942 18.261518
1267 527 82.683242
2075 1977 19.666533
2346 152 155.325477
1732 696 175.807800
1890 1746 110.074040
564 1204 142.330791
2261 2260 5.129555
458 1170 97.559378
1167 670 47.647441
447 649 106.825486
384 797 104.242866
2247 325 111.912813
2025 574 77.609048
81 2258 147.961551
862 899 118.071505
103 103 0.000000
296 1957 114.647839
914 1015 69.420370
1102 1591 96.968102
1663 1251 122.838894
1297 1824 129.589915
820 585 67.935945
41 1367 89.446226
1773 794 166.574189
1936 1937 4.790428
2346 1973 42.240822
1709 840 166.765545
2079 2166 11.136802
173 939 108.374533
44 2317 151.926417
12 1437 96.335898
1705 1961 107.679548
2011 2107 7.425666
2242 109 140.442097
205 1362 84.023000
2228 545 142.290015
1994 1030 91.377932
1985 1600 42.159546
2126 236 179.999598
655 1003 74.917229
2351 1773 59.211754
1506 1675 9.272511
171 48 41.569269
1717 890 88.299566
95 690 85.002435
1824 255 121.824455
1659 162 136.061977
891 1002 8.408557
1276 1264 76.727624
979 1066 154.723019
225 1911 165.665594
295 2001 154.741962
2310 153 154.557323
1045 2293 81.564305
1872 1563 124.911566
660 548 6.211202
1627 1224 74.109251
725 267 99.237953
1704 619 137.179970
1313 416 47.638155
1269 633 126.236509
1228 1435 108.004028
2005 2005 0.000000
18 2 7.334118
1026 608 140.199579
1310 1226 171.199171
626 147 87.996300
398 1332 116.877714
1401 949 33.695404
437 82 66.368878
810 1768 63.044208
823 768 4.192098
725 2066 77.879053
1751 1807 4.203569
1648 1761 8.377933
1234 762 149.808586
1789 1959 16.400548
2132 2087 8.645481
1207 1460 162.307892
1892 773 58.033212
985 265 44.431371
2325 64 163.251453
2080 2249 64.515460
1564 1048 76.816742
1641 993 148.798139
1428 1347 150.847008
1144 1427 26.251116
2108 779 74.094935
906 1581 38.283873
1261 244 132.049566
1133 608 124.235679
103 1108 107.119219
659 1042 55.856102
236 1691 125.350735
2140 1100 62.276462
4 682 69.683345
249 1756 101.487592
1936 1367 63.122669
88 1696 130.405086
121 2312 151.307579
1049 1306 148.006763
5 4 5.108021
2051 852 147.214496
46 2231 164.472590
175 1523 90.663095
1601 530 71.407251
2208 447 154.174275
2318 2333 5.036630
250 1936 150.840759
2001 625 149.347409
88 180 26.640850
2139 456 159.190207
568 1065 46.987242
1218 2012 80.778154
328 1133 124.673091
1550 1672 59.172218
550 664 12.881369
1770 1147 54.780600
56 1327 109.518023
379 2052 90.992275
297 547 96.308273
1051 1542 88.803770
572 1209 128.799549
1852 289 85.346639
2337 2253 28.694980
1804 643 112.018472
2247 854 130.112337
2167 797 88.968223
1020 1987 102.639204
1212 1117 109.377616
707 1155 22.392701
441 386 8.192295
2288 2 159.156823
275 1675 92.404016
47 15 9.469702
1811 964 58.415166
575 1528 49.070537
32 551 54.553658
493 806 119.123757
2213 547 98.539888
53 2253 146.844063
2073 739 71.466740
852 1813 71.172207
203 1790 95.448533
1393 1607 62.199720
1696 1492 117.032837
211 1882 134.380754
2130 1355 87.705808
2044 1168 95.258611
2320 1416 80.433976
1105 450 103.274200
2244 2142 20.005193
1915 2187 60.384672
2252 1769 74.460423
2104 2008 8.448606
1415 1516 68.583501
3 2329 169.425694
1190 1088 64.411356
323 602 20.121548
1548 1309 91.196611
578 2189 132.222698
292 1813 120.296862
55 2231 136.603917
164 562 29.138434
1467 1669 125.734555
1964 1595 110.542194
1682 2153 30.718555
1301 816 122.326548
1841 1616 13.666350
2299 2344 15.458656
143 532 31.634679
1864 543 150.394663
1529 1744 54.239724
1267 1287 127.500474
235 354 81.379712
38 38 -1.#IND00
2172 785 139.887990
768 948 77.377417
1470 310 93.184991
1520 1992 114.394625
1852 925 150.372672
2249 1691 80.344109
1811 968 45.268681
1279 442 46.189862
118 1947 106.948392
1392 1961 58.916675
205 1354 65.462003
1131 1631 33.373508
2085 473 87.281892
382 742 111.526572
1469 317 130.339687
1789 1675 12.881271
2119 1853 34.689227
4 1353 103.643408
1920 461 78.524917
1290 1741 29.358054
1325 1046 16.720714
1728 870 121.769588
211 1441 134.989465
1056 786 60.939444
1866 1531 19.132012
972 1958 134.351934
1123 1761 137.647966
2251 2252 5.129180
544 428 22.027529
1236 784 33.632508
435 660 13.971080
10 44 22.731378
424 723 100.623852
1946 1608 22.203819
45 2287 174.567650
104 328 65.668999
743 709 121.549954
2198 1721 91.980603
2159 1712 89.330752
211 1392 129.817557
1911 1821 99.897261
2235 2322 26.178825
665 923 125.735219
2144 627 141.145105
802 1961 114.629981
2235 277 159.266684
1249 383 138.345031
1691 2240 76.338217
1131 508 50.324694
46 20 25.114583
186 678 96.786268
2159 1606 101.515005
1998 1776 14.282708
2044 1536 55.611462
601 395 88.104149
726 696 129.752049
355 258 11.516560
309 812 37.020626
596 264 43.679485
2097 1997 10.578251
154 2198 169.908548
2092 2241 16.343783
169 170 5.060134
1074 1584 42.804198
488 1930 112.947002
2321 2075 34.205790
2142 627 148.702221
378 1827 87.044065
415 1905 152.885515
875 723 99.084478
2331 19 170.000837
1551 530 93.489965
1911 1741 12.677570
271 527 61.529621
157 266 59.720608
515 835 90.673049
275 942 46.720616
2220 1753 85.841439
2128 461 108.137071
490 243 67.955472
2252 2251 5.129180
255 1435 115.737874
538 726 108.981859
602 721 40.859896
2213 2267 27.880299
442 977 126.468044
1530 1877 62.296693
2079 660 154.138865
163 1556 107.774315
1462 1210 163.496596
1422 337 136.094838
1278 1592 137.195787
275 2098 101.615711
692 1144 33.538722
193 193 0.000000
438 1356 134.119370
1803 369 150.114612
183 1263 62.001381
2346 23 164.936848
2273 2214 7.769592
1384 415 111.633098
1617 1658 88.662551
790 1564 74.063308
927 2153 134.345887
2345 131 146.982184
234 213 71.301193
441 677 64.963298
27 2299 153.417546
1304 447 110.985561
279 1356 127.689708
575 908 25.092272
322 1958 123.011003
391 907 68.952386
433 1451 79.422593
1779 934 50.792966
942 1765 114.821609
1037 868 12.619481
1930 1431 37.510247
1121 1457 16.503401
2078 2123 3.706742
2241 462 132.153903
23 2313 158.633971
442 1014 74.846155
1246 1942 131.002775
1014 527 103.249771
2079 1977 7.686034
2160 152 174.299670
889 696 136.572056
2104 1746 79.995724
1658 1204 43.448093
68 2260 163.680826
1753 1170 138.121180
585 670 122.704831
834 649 102.057764
234 797 101.780690
2263 325 154.051462
4 574 61.165130
2196 2258 7.589052
1957 899 64.425971
2274 103 169.565094
433 1957 108.339499
1465 1015 25.422503
1499 1591 120.451687
1867 1251 32.259259
625 1824 152.023084
360 585 14.379985
2006 1367 123.478054
2133 794 127.529083
2093 1937 12.582655
137 1973 106.051861
2152 840 72.701578
2201 2166 8.928798
1075 939 149.577594
2288 2317 33.532284
2333 1437 79.365146
265 1961 172.688652
2062 2107 6.805451
1971 109 121.913541
2125 1362 45.282880
2025 545 165.805407
1719 1030 113.645712
1930 1600 38.989106
18 236 33.382697
1940 1003 97.851092
88 1773 98.031499
1788 1675 8.392976
52 48 19.525684
742 890 120.508855
324 690 104.363617
1435 255 115.737874
554 162 40.160187
1226 1002 10.942608
1646 1264 64.174900
424 1066 135.379969
940 1911 119.396684
1809 2001 101.637763
190 153 3.487945
681 2293 129.354127
679 1563 87.323659
490 548 8.696433
1454 1224 39.662434
1453 267 128.741323
1226 619 66.284106
620 416 95.231806
1769 633 112.018402
1006 1435 123.055247
1838 2005 10.730413
27 2 16.279771
1610 608 62.983684
705 1226 105.891593
1474 147 106.539298
2020 1332 105.523784
1370 949 175.792978
2237 82 132.924762
1539 1768 30.216201
655 768 8.374844
2015 2066 6.711860
1752 1807 8.919735
1479 1761 20.924726
1731 762 118.423785
1957 1959 9.574129
2267 2087 17.464755
1007 1460 38.746271
1839 773 56.426694
696 265 37.164199
2308 64 164.453195
2178 2249 25.813511
1621 1048 86.171972
682 993 141.521033
1485 1347 153.414090
1571 1427 142.335366
1795 779 70.965973
961 1581 37.664319
1260 244 130.793380
2009 608 75.495546
79 1108 107.131937
1780 1042 68.881864
2024 1691 20.131966
275 1100 55.001282
2217 682 133.134721
2292 1756 53.607239
1267 1367 79.709623
1974 1696 18.261551
9 2312 168.860445
595 1306 109.539334
2345 4 174.891950
2139 852 139.316909
68 2231 161.930759
1949 1523 111.590842
778 530 119.124180
140 447 75.365234
2346 2333 15.063617
186 1936 101.048410
1892 625 144.068436
1260 180 61.565911
1861 456 80.102351
1356 1065 68.688920
223 2012 153.786136
1970 1133 46.868727
938 1672 50.077898
381 664 21.119502
1786 1147 138.193665
659 1327 41.887347
1 2052 136.475458
517 547 112.946083
772 1542 96.379204
1416 1209 105.212234
861 289 99.325847
2213 2253 41.421129
601 643 76.893512
2317 854 117.981267
2301 797 109.351415
1950 1987 81.439052
1111 1117 38.525519
710 1155 29.224958
282 386 8.318268
2324 2 164.499790
326 1675 82.929941
5 15 6.228753
2301 964 100.323126
408 1528 58.412295
187 551 44.788303
411 806 26.170686
118 547 34.740385
153 2253 138.615029
2158 739 79.569607
524 1813 66.506611
1360 1790 106.916257
1601 1607 35.561340
687 1492 140.179791
252 1882 144.592640
453 1355 58.715696
163 1168 76.805642
2255 1416 78.661016
2147 450 104.612930
107 2142 163.390523
2105 2187 9.582838
461 1769 137.848772
1954 2008 4.134199
320 1516 141.845585
45 2329 155.961183
2085 1088 54.597278
379 602 14.358696
527 1309 42.096351
2063 2189 10.560739
246 1813 119.319652
2197 2231 5.662986
1799 562 70.121420
2072 1669 95.238575
1393 1595 133.736907
1457 2153 42.667529
1495 816 55.406667
1672 1616 4.188363
190 2344 147.603481
60 532 38.490528
1862 543 160.938502
382 1744 127.001481
1055 1287 52.500201
2074 354 99.411057
2305 38 157.453775
970 785 106.899834
1307 948 147.734455
1882 310 97.773733
681 1992 150.653692
1931 925 51.470108
2218 1691 84.000463
2204 968 77.140800
1664 442 87.560687
2213 1947 30.523532
527 1961 149.224364
105 1354 78.230638
1727 1631 89.971685
246 473 76.966204
437 742 117.511380
1559 317 99.737994
1338 1675 18.223620
2165 1853 59.665696
18 1353 90.814484
684 461 13.970953
1288 1741 38.138007
878 1046 8.891867
680 870 125.734630
11 1441 105.532317
221 786 107.945607
1642 1531 8.378830
415 1958 165.655380
1571 1761 121.158972
2279 2252 5.537129
430 428 10.089228
1013 784 33.098917
380 660 16.646587
2262 44 168.299942
1485 723 143.281687
1998 1608 23.886790
2234 2287 7.181627
119 328 24.344208
856 709 121.177759
22 1721 124.822052
272 1712 83.471475
32 1392 93.998930
1409 1821 113.169703
2346 2322 11.139552
1325 923 67.476343
2115 627 84.867860
1818 1961 103.732616
64 277 26.274884
1416 383 144.848828
173 2240 136.546027
720 508 67.261395
10 20 6.228754
274 678 97.409331
272 1606 71.505733
2097 1776 20.997301
771 1536 122.159896
439 395 59.286041
928 696 53.494639
258 258 0.000000
1517 812 149.231158
2012 264 169.773398
2094 1997 10.884508
2197 2198 5.060073
2269 2241 3.606029
1975 170 102.097161
1884 1584 104.791794
1913 1930 79.658453
186 2075 161.870919
2052 627 154.412020
548 1827 83.960891
2088 1905 89.149251
571 723 86.122918
2342 19 170.319890
2268 530 105.442253
335 1741 88.004134
2304 527 127.783000
2267 266 117.069097
2093 835 112.837403
379 942 35.151597
270 1753 127.919539
1468 461 52.368345
200 243 5.726759
88 2251 147.169726
2026 1435 109.900064
1547 726 129.154877
1471 721 139.490648
2337 2267 21.861371
260 977 42.819180
2019 1877 91.599638
2078 660 155.899831
1416 1556 149.383812
482 1210 37.700294
1544 337 144.593736
1140 1592 33.633109
190 2098 108.902974
964 1144 73.708651
279 193 7.740159
234 1356 124.328113
87 369 25.205534
1585 1263 91.196038
4 23 6.228755
43 2214 136.420550
1996 415 117.049440
1958 1658 99.382748
1362 1564 132.994967
1427 2153 111.495068
166 131 4.378171
2160 213 117.951915
329 677 72.875342
32 2299 153.417546
1615 447 75.639171
382 1356 130.188496
399 908 37.597180
632 1958 127.001401
234 907 101.910970
2144 1451 50.246350
2280 934 110.360458
2059 1765 91.786102
980 868 5.560901
1928 1431 46.626540
1513 1457 4.197126
2162 2123 9.914785
2304 462 115.627284
2325 2313 18.859074
441 1014 79.893942
326 1942 92.058121
1407 527 106.745129
2141 1977 79.467153
2299 152 137.025579
266 696 41.723360
297 1746 77.543735
1842 1204 129.890450
78 2260 136.627656
1496 1170 65.430708
419 670 112.222622
1182 649 152.966619
1996 797 146.966198
90 325 21.654381
18 574 56.343124
30 2258 153.421644
1819 899 150.472413
2232 103 130.726009
2144 1957 35.655626
1523 1015 37.878527
1137 1591 43.911301
493 1251 146.652262
1189 1824 115.887754
584 585 5.474802
1858 1367 77.426658
656 794 133.442201
2094 1937 16.128483
2299 1973 60.328375
621 840 31.834385
2126 2166 4.381026
237 939 54.289376
19 2317 164.967036
715 1437 54.627644
816 1961 149.846289
1732 2107 24.191626
328 109 65.182523
105 1362 75.971395
2217 545 96.421988
1723 1030 135.805099
1984 1600 46.870452
374 236 45.348176
607 1003 29.296318
715 1773 67.187056
1337 1675 21.085432
80 48 35.987026
1555 890 55.380277
2243 690 120.805004
1044 255 105.322013
1268 162 114.117277
1057 1002 4.211908
1050 1264 65.109952
978 1066 149.577496
828 1911 122.746926
1750 2001 106.116668
119 153 6.147977
1357 2293 91.175848
1718 1563 72.686344
716 548 9.629423
1622 1224 45.027206
1172 267 115.611821
1057 619 64.840134
562 416 99.707118
1219 633 150.076517
1957 1435 101.037614
1895 2005 7.236438
2349 2 175.275018
1279 608 34.463279
392 1226 58.439496
1859 147 144.692233
291 1332 104.961614
1960 949 55.689906
328 82 60.465218
702 1768 54.765126
880 768 5.697098
2065 2066 4.915076
1920 1807 8.487468
1650 1761 8.377330
1204 762 43.911745
1960 1959 4.790055
2084 2087 14.696906
1680 1460 26.790014
383 773 26.170246
1905 265 168.668606
33 64 32.128373
2052 2249 22.680434
1201 1048 96.398788
1639 993 159.029705
979 1347 157.649271
1507 1427 142.482822
666 779 8.374451
516 1581 54.406698
811 244 104.254471
1072 608 98.593867
659 1108 23.477443
1641 1042 109.893136
1914 1691 13.971206
326 1100 60.389928
18 682 58.349970
301 1756 82.127242
763 1367 80.791859
464 1696 63.623602
2324 2312 18.859074
1778 1306 133.810029
2289 4 155.829440
2075 852 65.844163
2259 2231 6.742223
174 1523 86.638942
1169 530 134.016453
466 447 86.843043
2336 2333 14.159364
328 1936 115.608965
2055 625 133.532391
1484 180 72.701872
188 456 83.285318
777 1065 54.911540
2042 2012 82.165737
1692 1133 28.788827
1783 1672 8.392387
437 664 20.761650
1822 1147 43.104429
600 1327 37.814570
232 2052 101.872859
254 547 95.675568
2279 1542 89.519582
2255 1209 110.214314
612 289 32.974040
2202 2253 48.969435
2094 643 94.730817
90 854 96.642779
1811 797 63.044600
1552 1987 70.127179
2154 1117 67.915699
988 1155 8.815756
332 386 4.133580
2336 2 166.961311
2140 1675 58.881411
2322 15 169.907078
2167 964 82.946059
518 1528 52.882315
11 551 63.937635
635 806 17.180684
2215 547 95.097055
154 2253 135.761465
2178 739 142.287896
2128 1813 24.124924
454 1790 84.672188
1086 1607 109.893025
1189 1492 144.235329
11 1882 124.792480
330 1355 118.443545
129 1168 78.982929
1437 1416 126.156026
1855 450 80.102351
2249 2142 16.609691
2252 2187 7.339765
300 1769 131.382997
1897 2008 8.848084
487 1516 136.002593
2323 2329 22.434267
1297 1088 96.893630
435 602 10.168558
609 1309 157.028101
1789 2189 29.570040
1716 1813 82.879245
56 2231 137.990379
1335 562 78.250555
298 1669 146.492076
778 1595 149.741590
1735 2153 30.113441
1650 816 54.274960
1167 1616 23.251894
137 2344 151.632169
1260 532 37.179766
573 543 115.661693
1912 1744 10.168784
763 1287 131.081457
2073 354 101.628702
11 38 6.959378
1018 785 57.038133
1331 948 63.718491
430 310 53.412490
244 1992 170.012230
861 925 50.135187
2244 1691 87.659970
2185 968 126.827540
1026 442 127.725734
2348 1947 46.316611
1548 1961 107.563935
384 1354 112.181883
685 1631 58.799504
1297 473 100.947656
2095 742 141.240778
2128 317 113.416157
1281 1675 21.950240
81 1853 128.300341
2340 1353 87.255011
627 461 12.676833
1794 1741 19.700143
1045 1046 6.399349
890 870 122.104280
187 1441 71.152863
1100 786 136.088076
1752 1531 21.337628
763 1958 128.966801
1877 1761 21.122517
2301 2252 7.633806
273 428 17.857383
1068 784 31.442909
661 660 5.808101
35 44 30.158425
979 723 138.177324
1945 1608 20.150531
2332 2287 29.666048
121 328 18.063821
2021 709 155.767818
2245 1721 39.267363
327 1712 102.418934
11 1392 106.988480
1464 1821 117.274733
2351 2322 13.152291
584 923 25.091664
2097 627 155.692029
640 1961 150.741405
52 277 51.835684
1417 383 147.177409
541 2240 105.539575
1727 508 101.029805
2330 20 179.999508
74 678 44.474448
327 1606 76.888379
1997 1776 16.432047
163 1536 129.156268
1860 395 93.182689
1068 696 118.661889
257 258 4.968995
1591 812 50.086636
943 264 101.155774
2138 1997 11.581070
106 2198 127.292856
1940 2241 31.345272
2078 170 110.312521
2106 1584 96.593251
461 1930 108.310825
74 2075 124.051415
277 627 98.778838
489 1827 78.462577
1267 1905 121.599232
1020 723 101.473957
2308 19 158.015808
331 530 93.576176
1686 1741 4.192139
2290 527 104.802240
2204 266 117.048102
1942 835 96.343801
2080 942 141.735445
300 1753 79.261095
1559 461 141.743011
199 243 10.358442
2289 2251 43.659114
2159 1435 107.636288
1489 726 137.339142
1947 721 73.450770
2161 2267 39.800280
473 977 27.417371
1725 1877 84.053022
2344 660 116.313274
2320 1556 70.707842
604 1210 71.732266
1255 337 130.446644
1212 1592 76.971600
15 2098 132.998130
369 1144 66.928251
278 193 10.452684
384 1356 121.475172
2098 369 103.987362
857 1263 91.559256
94 23 32.614996
2289 2214 38.598556
1748 415 95.795969
1404 1658 142.447744
566 1564 79.987194
1372 2153 112.380587
2125 131 134.064587
330 213 78.311937
1992 677 159.915137
2 2299 162.911577
369 447 91.362307
329 1356 126.956448
296 908 36.944153
1836 1958 49.733314
2050 907 144.124196
2097 1451 67.064859
1690 934 165.285539
2087 1765 19.054137
1232 868 168.955305
1986 1431 37.596895
1122 1457 17.691998
0 2123 143.859918
279 462 89.675757
2288 2313 23.299353
719 1014 89.821494
380 1942 90.577889
1055 527 132.968890
2027 1977 14.214306
78 152 50.276053
1875 696 63.888084
254 1746 86.520131
1593 1204 25.208397
122 2260 165.067021
1384 1170 64.790040
363 670 108.662510
638 649 59.461178
494 797 116.137814
2317 325 123.561223
2217 574 146.785776
108 2258 143.585157
2063 899 66.033866
2262 103 135.676634
2097 1957 55.980515
1968 1015 50.798181
1837 1591 116.138401
2209 1251 80.690115
653 1824 66.168417
473 585 6.658498
521 1367 54.493482
721 794 96.565922
2134 1937 16.530545
33 1973 123.002736
388 840 33.485377
188 2166 150.658485
541 939 43.671689
2332 2317 4.047386
767 1437 35.573153
530 1961 163.396315
2107 2107 0.000000
2237 109 129.495576
2050 1362 114.242416
18 545 62.512847
1805 1030 68.054999
2129 1600 48.063946
2340 236 144.675620
1415 1003 132.427163
436 1773 81.443263
1114 1675 28.788825
2245 48 149.566699
1768 890 118.926694
100 690 64.323557
1168 255 124.472279
612 162 36.327005
1003 1002 6.362002
916 1264 81.994585
1428 1066 162.123221
1048 1911 134.150572
2118 2001 79.848965
2247 153 126.018059
1078 2293 101.947569
1194 1563 145.606141
605 548 8.920575
648 1224 102.780864
1042 267 45.517079
809 619 117.351175
1489 416 79.073979
1615 633 166.920635
2062 1435 100.019297
2054 2005 9.140037
2307 2 161.079046
791 608 83.555034
1350 1226 76.890910
398 147 78.465491
793 1332 135.027639
866 949 151.694763
138 82 16.778809
588 1768 63.729791
937 768 12.587797
1852 2066 16.044884
1696 1807 8.392393
1986 1761 14.358158
643 762 39.021566
451 1959 82.639230
112 2087 112.298715
699 1460 147.678444
2147 773 79.754759
1321 265 60.109355
2324 64 168.407840
2050 2249 28.046118
1515 1048 122.326798
1302 993 170.040476
424 1347 149.411791
1620 1427 141.643144
778 779 6.060023
467 1581 68.127184
1119 244 54.607954
1406 608 95.204262
600 1108 33.471442
1855 1042 150.020719
196 1691 117.537011
106 1100 99.714271
2340 682 120.271861
2116 1756 61.067812
1014 1367 110.117784
2024 1696 31.412089
104 2312 156.903100
2240 1306 76.140224
0 4 3.818777
2098 852 143.754930
105 2231 129.759827
1890 1523 123.114985
1393 530 142.278119
215 447 81.323635
2319 2333 3.442523
74 1936 151.615454
1999 625 157.551899
641 180 31.297634
2312 456 137.836158
1494 1065 122.326905
258 2012 156.461833
520 1133 38.322381
1784 1672 6.210998
326 664 30.218243
1479 1147 30.375432
489 1327 45.664551
323 2052 95.280387
400 547 97.135651
140 1542 92.009629
127 1209 113.620419
1659 289 144.699607
2161 2253 41.125457
1860 643 110.665556
2342 854 112.898435
434 797 121.967183
571 1987 121.666868
1367 1117 166.081044
484 1155 35.363988
552 386 16.400653
2289 2 160.018160
106 1675 132.467431
16 15 5.171013
434 964 129.953655
236 1528 137.439915
136 551 83.051327
305 806 30.673976
2348 547 119.469270
9 2253 153.838072
209 739 34.766755
2169 1813 29.101510
722 1790 58.122495
1169 1607 66.348652
909 1492 151.963651
134 1882 147.685703
384 1355 116.876984
2320 1168 83.239436
59 1416 93.576303
1578 450 75.208337
2180 2142 6.129459
2107 2187 7.430826
488 1769 80.415653
2058 2008 4.184144
492 1516 109.772149
2306 2329 25.558898
1696 1088 61.338168
326 602 17.929666
1215 1309 112.085000
2062 2189 11.137468
2091 1813 55.816731
2230 2231 5.097556
1526 562 90.740409
962 1669 137.986666
1169 1595 140.257044
1961 2153 14.499119
702 816 13.423481
1787 1616 16.987161
78 2344 157.221048
925 532 22.452237
2319 543 122.489512
1967 1744 14.358456
415 1287 137.052490
2024 354 98.010327
2313 38 157.785415
1165 785 74.870812
1492 948 105.293468
734 310 94.406966
1185 1992 127.451777
806 925 47.138177
107 1691 99.655545
2221 968 118.700548
2148 442 94.530089
2215 1947 23.025412
859 1961 120.025775
553 1354 110.688783
1473 1631 58.326607
1696 473 83.557257
1916 742 62.488763
2169 317 113.523639
1676 1675 5.808087
2277 1853 51.699661
2217 1353 99.624091
629 461 10.168708
1543 1741 129.637049
1215 1046 8.800932
907 870 116.435257
2271 1441 59.327745
2041 786 150.408986
1756 1531 13.234074
1055 1958 62.537892
1516 1761 117.374774
2186 2252 9.854133
432 428 20.129120
1682 784 46.557923
550 660 12.881361
2287 44 169.611716
1260 723 144.646282
1777 1608 9.629118
2324 2287 7.465930
2324 328 148.385580
464 709 107.794830
2246 1721 38.058423
1712 1712 0.000000
134 1392 113.665607
452 1821 166.669295
23 2322 166.138844
1166 923 124.197094
516 627 8.425996
537 1961 159.357395
22 277 49.568798
1470 383 138.515211
487 2240 113.472130
767 508 112.733451
67 20 28.745297
328 678 81.466115
1046 1606 27.857997
1942 1776 12.798117
572 1536 90.740392
2094 395 156.777769
1281 696 154.831898
329 258 81.255581
1602 812 54.274819
1494 264 86.437890
1886 1997 7.282956
2260 2198 6.904067
1993 2241 23.270762
2076 170 108.837398
1388 1584 149.383813
300 1930 108.680612
1976 2075 15.610823
1999 627 162.406033
435 1827 85.657471
1055 1905 71.385590
542 723 75.894195
2288 19 156.429539
1022 530 77.426660
1965 1741 13.373001
2000 527 130.902016
2221 266 151.192811
377 835 59.973711
2081 942 140.589091
371 1753 127.001696
2193 461 105.698299
201 243 3.582397
31 2251 143.631544
323 1435 66.975279
1482 726 170.857085
379 721 37.554714
2202 2267 22.431983
307 977 40.796248
552 1877 132.858075
2144 660 81.881284
572 1556 153.920984
1756 1210 85.875166
1503 337 77.416456
1687 1592 97.960580
278 2098 103.448858
2207 1144 64.396046
156 193 3.944324
281 1356 119.228541
370 369 4.790479
1773 1263 42.144629
2293 23 154.885033
2324 2214 39.267495
334 415 92.643329
1657 1658 5.807638
184 1564 119.259912
1208 2153 120.337567
32 131 16.339248
281 213 74.560125
608 677 70.295717
18 2299 156.589812
1101 447 108.112422
328 1356 130.974269
329 908 108.687848
2001 1958 53.585714
2074 907 63.210148
1841 1451 22.803060
1746 934 162.543607
1877 1765 6.658992
1511 868 175.802952
1761 1431 35.912459
673 1457 39.150901
2076 2123 11.106151
2290 462 118.528876
2306 2313 27.618728
721 1014 78.011762
379 1942 88.512261
1015 527 98.234063
2344 1977 48.537688
190 152 6.129375
1504 696 157.277559
1949 1746 98.394988
614 1204 152.699070
46 2260 166.884938
1442 1170 55.803830
556 670 12.881369
471 649 55.028019
440 797 108.494914
2342 325 129.087716
2340 574 123.931744
2259 2258 5.129180
2062 899 68.366979
2316 103 166.282823
1789 1957 10.539744
333 1015 74.456241
2170 1591 39.194847
429 1251 111.705856
1528 1824 90.672402
471 585 12.450611
1916 1367 69.808188
183 794 99.527994
1940 1937 14.344526
78 1973 111.933136
1264 840 152.460942
2183 2166 63.682977
320 939 48.918610
2316 2317 5.181515
544 1437 48.989607
266 1961 170.367612
1955 2107 12.194148
138 109 13.006588
438 1362 149.966606
2340 545 118.181385
1838 1030 146.308773
2037 1600 43.933619
2217 236 117.687182
492 1003 46.585894
716 1773 71.017762
1505 1675 12.562005
2246 48 146.843984
1210 890 103.133566
101 690 59.194941
1155 255 106.439972
1211 162 115.379639
778 1002 11.257998
526 1264 72.540653
1119 1066 22.605711
879 1911 146.576281
2241 2001 43.141581
2274 153 129.428914
244 2293 159.164581
1081 1563 142.860799
546 548 10.945723
815 1224 106.176264
864 267 50.950217
425 619 112.709096
1001 416 125.896186
2048 633 137.704853
449 1435 138.051923
2056 2005 3.996912
1 2 4.725006
1472 608 149.413589
1965 1226 76.239666
291 147 71.162304
626 1332 141.062300
1430 949 151.623790
1971 82 126.661918
1851 1768 113.493283
767 768 6.060590
2064 2066 9.818105
1695 1807 6.210998
1876 1761 16.586593
840 762 129.913163
507 1959 80.203068
2089 2087 10.701341
1735 1460 30.585627
1757 773 152.170353
1257 265 58.123975
63 64 5.154941
1917 2249 71.211095
893 1048 79.360493
245 993 103.417516
1344 1347 19.086336
615 1427 162.544106
554 779 13.425555
792 1581 50.093110
1455 244 70.288755
958 608 84.795948
acc0 27
acc1 130
acc2 231
acc3 322
acc4 412
acc5 488
acc6 565
acc7 629
acc8 696
acc9 779
acc10 855
acc11 940
acc12 1009
acc13 1081
acc14 1144
