28 1108 73.879330
2220 1042 98.874531
283 1691 118.136075
2258 1100 116.125119
154 682 88.701036
2318 1756 74.576544
383 1367 140.968007
2200 1696 34.225621
2292 2312 3.420847
194 1306 128.541622
0 4 3.818777
44 852 90.165104
2260 2231 3.442086
11 1523 105.740637
2173 530 96.599084
1805 447 108.920864
14 2333 165.840985
2216 1936 43.290997
2000 625 153.677309
56 180 31.103619
6 456 55.207950
2253 1065 72.843793
73 2012 117.773524
2272 1133 112.048538
25 1672 115.753732
2202 664 145.716415
343 1147 117.765581
2233 1327 103.605340
324 2052 94.688741
2218 547 96.182851
63 1542 93.600193
13 1209 82.943973
2209 289 165.679677
27 2253 154.093546
42 643 51.318894
2260 854 83.357746
192 797 100.584541
2127 1987 24.947746
24 1117 98.801341
123 1155 86.002287
44 386 42.795254
1 2 4.725006
2258 1675 66.867452
15 15 0.000000
192 964 107.795790
2298 1528 89.878709
2348 551 120.788356
551 806 125.693297
27 547 45.765337
2223 2253 3.442087
2275 739 127.349993
1976 1813 25.189960
2227 1790 45.291766
130 1607 129.192191
658 1492 54.289060
2348 1882 48.433057
236 1355 111.986930
13 1168 89.440108
13 1416 105.684151
2220 450 109.477702
46 2142 130.237764
14 2187 146.482987
2283 1769 77.491404
184 2008 131.983434
29 1516 105.027739
2330 2329 5.171264
309 1088 43.685344
44 602 45.260583
434 1309 125.443418
2151 2189 3.488156
25 1813 118.102515
2197 2231 5.662986
2236 562 134.708328
2164 1669 98.485076
2173 1595 42.952216
1 2153 144.245747
25 816 60.053764
344 1616 107.928692
5 2344 174.891950
870 532 21.359781
2333 543 121.795320
2292 1744 73.824227
50 1287 79.076972
2288 354 115.702226
2261 38 146.303369
62 785 88.011313
2127 948 136.824782
2236 310 114.241961
2144 1992 49.436400
2209 925 74.210687
46 1691 126.190905
192 968 112.713522
41 442 60.064357
27 1947 119.155607
434 1961 120.713834
2299 1354 87.565676
86 1631 134.771908
309 473 10.794597
16 742 75.228673
81 317 43.183656
1449 1675 16.751495
2199 1853 45.349761
154 1353 117.654900
518 461 8.452964
1799 1741 8.920516
2 1046 87.623745
115 870 52.665303
2348 1441 73.623098
159 786 48.360471
1364 1531 8.955705
50 1958 115.758038
2036 1761 18.192525
2343 2252 16.883449
2 428 55.075318
1241 784 60.976727
660 660 0.000001
43 44 5.173256
779 723 4.188489
2296 1608 50.840238
2262 2287 3.605992
191 328 12.593331
23 709 65.549151
2331 1721 52.084894
2314 1712 49.890792
2348 1392 78.850589
2279 1821 74.557667
2321 2322 5.181515
17 923 86.154843
2344 627 114.148902
515 1961 96.635590
66 277 20.890445
906 383 101.037392
29 2240 159.103434
86 508 78.676464
20 20 0.000000
2324 678 108.712928
135 1606 137.809354
2203 1776 77.166969
13 1536 102.558131
42 395 63.917708
359 696 20.540102
98 258 54.786571
2281 812 125.440681
2253 264 161.817201
1943 1997 6.930387
2197 2198 5.060073
2284 2241 39.753835
209 170 3.487945
1750 1584 12.560470
2283 1930 62.073931
2216 2075 67.701195
2248 627 136.312551
660 1827 79.387379
50 1905 111.493435
2127 723 149.211249
27 19 22.433508
2325 530 115.166555
239 1741 94.471406
15 527 62.390032
2329 266 129.870531
2345 835 107.233401
2028 942 142.065010
2283 1753 53.236270
1976 461 82.639228
2250 243 126.637352
45 2251 143.306096
135 1435 123.559624
2155 726 85.855951
2350 721 112.165475
27 2267 152.121932
675 977 129.921949
71 1877 147.540595
1946 660 67.777041
2235 1556 94.916146
1866 1210 96.320572
2280 337 115.572413
1968 1592 84.001370
2330 2098 27.618506
2194 1144 102.014168
2072 193 145.270017
279 1356 127.689708
190 369 39.954454
116 1263 71.733685
2296 23 161.456319
121 2214 128.536310
2095 415 122.126345
1724 1658 59.460877
2257 1564 64.532390
2038 2153 76.494663
2203 131 142.271728
2307 213 130.237184
2213 677 137.550927
43 2299 153.005778
2194 447 106.604851
278 1356 131.338099
2344 908 99.847670
2278 1958 28.811982
61 907 89.968958
2344 1451 72.427127
2309 934 106.903432
2000 1765 61.581503
391 868 124.336552
268 1431 64.100997
98 1457 80.217501
2298 2123 54.106244
15 462 61.487218
27 2313 155.279495
196 1014 72.135784
490 1942 80.203148
50 527 68.875810
1946 1977 94.585467
152 152 0.000001
83 696 45.731589
2198 1746 33.347064
2208 1204 60.433440
2230 2260 5.610955
2053 1170 61.549105
1579 670 92.721055
2128 649 94.149649
26 797 82.519494
2260 325 158.345095
154 574 87.999658
47 2258 154.602053
127 899 52.277919
2248 103 164.829910
2344 1957 43.114808
69 1015 79.710636
1918 1591 53.109627
2158 1251 73.326991
2173 1824 26.344677
98 585 80.012396
137 1367 77.779069
116 794 96.811112
717 1937 95.774630
1999 1973 92.509430
48 840 59.171289
2219 2166 60.885813
29 939 66.864548
27 2317 155.279495
14 1437 94.168433
342 1961 89.343559
274 2107 122.410770
2231 109 137.386515
122 1362 125.166440
154 545 31.430343
2073 1030 83.560417
267 1600 71.467331
154 236 17.947543
29 1003 69.617526
2200 1773 80.897742
1336 1675 25.138741
2331 48 155.392183
17 890 67.069969
745 690 4.187868
2312 255 138.597650
2209 162 173.349220
18 1002 75.929926
515 1264 129.202893
673 1066 21.949756
166 1911 97.816590
15 2001 125.582407
2307 153 166.251527
2144 2293 36.169607
319 1563 107.812821
715 548 9.629449
1336 1224 5.483798
2113 267 176.146667
97 619 41.919163
1409 416 102.059060
2194 633 103.895843
1276 1435 60.636115
2272 2005 35.686946
2 2 0.000000
41 608 66.970663
2205 1226 116.790279
2334 147 158.749411
87 1332 85.440398
201 949 50.624597
2216 82 155.544208
143 1768 97.857216
2202 768 127.432229
346 2066 100.731801
1413 1807 22.451807
315 1761 82.462452
221 762 38.892428
448 1959 80.110150
364 2087 91.050904
1353 1460 32.010426
2220 773 86.084247
179 265 14.098916
27 64 7.466279
2275 2249 4.936112
1050 1048 12.798520
47 993 71.650718
726 1347 41.711751
160 1427 130.615423
1984 779 156.209054
2167 1581 55.159516
2224 244 116.185260
2204 608 147.583801
660 1108 22.647500
2228 1042 122.082554
236 1691 125.350735
68 1100 82.672415
2000 682 153.134568
2244 1756 70.170269
2282 1367 89.112480
56 1696 99.067520
2268 2312 6.838739
2278 1306 100.295991
6 4 9.445961
2315 852 119.992727
2231 2231 0.000000
2198 1523 43.722020
2267 530 101.324045
63 447 63.800298
15 2333 162.636543
2231 1936 66.277902
1999 625 157.551899
2200 180 131.614660
2230 456 102.744213
99 1065 61.346169
74 2012 120.455029
1777 1133 151.141403
94 1672 91.950676
2027 664 145.482198
196 1147 117.723814
2306 1327 98.289022
2052 2052 0.000001
11 547 61.818574
1805 1542 95.201468
2347 1209 83.419321
304 289 66.065369
2262 2253 39.557697
2117 643 127.414150
21 854 63.586498
2340 797 112.592317
324 1987 118.215848
226 1117 98.338276
2343 1155 92.204107
2315 386 125.309193
15 2 12.057374
68 1675 96.343556
6 15 3.516692
2340 964 104.477482
67 1528 126.606759
2323 551 130.766217
663 806 131.389587
2262 547 144.297331
2151 2253 10.392214
118 739 94.586028
2140 1813 79.255422
2195 1790 52.100998
1893 1607 34.102838
826 1492 50.478129
2349 1882 52.202407
551 1355 126.904873
2347 1168 96.022205
2347 1416 74.902628
2228 450 105.664593
91 2142 122.544079
22 2187 158.749378
188 1769 95.448571
225 2008 128.121840
133 1516 83.670842
28 2329 159.302896
285 1088 125.402423
2315 602 105.423384
1866 1309 34.360504
2152 2189 6.129459
1501 1813 127.194568
2296 2231 43.730197
1862 562 100.499191
2142 1669 32.538737
2267 1595 46.973001
152 2153 143.635551
94 816 81.032288
2222 1616 45.751198
2344 2344 0.000000
310 532 19.392171
2325 543 128.920085
2304 1744 45.085751
2282 1287 69.551605
279 354 85.503691
2286 38 149.383933
7 785 64.713119
324 948 68.875210
108 310 24.489847
2052 1992 41.428843
2082 925 74.802826
20 1691 105.365667
2340 968 101.652808
1980 442 171.807831
2262 1947 71.491884
302 1961 125.502828
122 1354 113.095737
51 1631 96.667040
261 473 14.357766
12 742 69.988691
1976 317 132.144120
1504 1675 17.358370
64 1853 140.881763
1354 1353 6.363010
462 461 5.048004
1408 1741 25.108765
2337 1046 103.381493
2174 870 74.001223
2349 1441 74.157766
204 786 42.049393
1305 1531 16.813563
2282 1958 36.820894
1870 1761 17.589518
123 2252 131.455017
2336 428 137.310405
508 784 29.813378
604 660 4.192142
65 44 3.418387
668 723 4.188508
1665 1608 4.187923
2317 2287 33.390657
234 328 7.694859
4 709 62.449148
1720 1721 5.652261
2295 1712 48.234443
2349 1392 75.682316
2242 1821 34.226911
2340 2322 19.311057
1637 923 92.312028
2351 627 116.781168
1913 1961 36.605574
277 277 0.000001
907 383 105.080821
133 2240 156.887407
51 508 38.394881
9 20 3.516692
2216 678 127.218537
2314 1606 54.500218
106 1776 140.211695
2347 1536 66.711012
33 395 35.124807
179 696 37.101262
1691 258 95.864685
514 812 100.250969
99 264 63.913041
1942 1997 3.845521
2199 2198 5.060073
2247 2241 28.857373
170 170 0.000001
2143 1584 104.435044
188 1930 120.587608
2231 2075 14.022702
2305 627 101.938224
2228 1827 82.111954
2282 1905 35.619065
324 723 56.605962
2342 19 170.319890
2333 530 134.837396
284 1741 94.901156
2332 527 134.437580
2340 266 132.359982
231 835 57.027672
1974 942 141.834647
188 1753 142.379645
2140 461 161.541769
2328 243 152.604461
2307 2251 36.694253
2295 1435 60.366123
1409 726 76.866430
1834 721 71.406845
2262 2267 24.552104
811 977 12.587263
2326 1877 42.163390
2052 660 74.854584
2347 1556 74.482516
434 1210 62.637041
2020 337 100.450227
24 1592 98.610811
121 2098 116.765253
2265 1144 69.327214
2118 193 150.232813
233 1356 128.027977
183 369 14.498636
8 1263 102.151914
14 23 14.158673
190 2214 120.258989
2270 415 121.544550
1895 1658 69.833261
2055 1564 42.392770
284 2153 110.211765
1951 131 128.155350
194 213 67.579120
2179 677 134.828736
14 2299 156.589812
2265 447 148.238146
2181 1356 110.729866
2079 908 71.680287
0 1958 133.683402
32 907 69.760302
2079 1451 111.254983
2073 934 141.818694
2145 1765 76.505142
365 868 29.258613
1611 1431 76.047136
1691 1457 61.131983
2217 2123 64.365830
2332 462 134.939986
15 2313 160.894533
496 1014 82.693050
491 1942 82.127171
2282 527 130.504371
2052 1977 87.669519
189 152 3.487945
603 696 104.813046
2218 1746 80.138398
1246 1204 89.870083
92 2260 169.795586
2095 1170 85.922218
2226 670 94.155926
272 649 34.096590
89 797 93.542857
275 325 6.066152
1944 574 167.201971
16 2258 156.655493
665 899 61.132860
2274 103 169.565094
2351 1957 51.134141
2022 1015 55.081559
299 1591 87.579958
2178 1251 103.498466
939 1824 80.953423
1691 585 102.972899
151 1367 105.720140
8 794 65.611296
718 1937 100.184091
2214 1973 74.603244
370 840 111.590697
2249 2166 57.302971
169 939 106.720089
2317 2317 0.000000
2119 1437 111.465097
72 1961 111.667969
1974 2107 69.656328
2216 109 158.116930
2299 1362 97.627456
324 545 14.047873
2118 1030 85.782435
145 1600 82.758613
194 236 4.380541
133 1003 84.500131
56 1773 128.871795
1448 1675 21.515320
15 48 12.453188
1637 890 127.614871
1164 690 152.966658
1833 255 155.581032
1858 162 107.504792
1166 1002 23.878826
1913 1264 128.702449
783 1066 25.995476
2126 1911 60.550268
2332 2001 37.513100
45 153 13.748874
279 2293 136.097435
71 1563 91.013014
659 548 8.392772
1389 1224 17.949999
680 267 102.265887
113 619 88.434092
664 416 107.679380
254 633 25.307367
1073 1435 162.123221
16 2005 125.658667
27 2 16.279771
380 608 24.773336
202 1226 76.701388
2183 147 134.340708
2334 1332 82.286525
1332 949 63.719061
2231 82 142.299799
2151 1768 88.620386
2027 768 150.731457
242 2066 102.374963
6 1807 127.992542
536 1761 71.995233
264 762 40.612336
505 1959 77.561294
363 2087 94.479931
1018 1460 44.148233
2228 773 121.300325
316 265 13.936478
15 64 13.579159
118 2249 134.265488
1272 1048 10.929996
2228 993 120.273929
1847 1347 33.691249
1073 1427 116.241500
609 779 12.560262
2319 1581 72.187672
162 244 11.055287
2303 608 113.029183
658 1108 25.807120
47 1042 85.693835
1776 1691 122.704841
2160 1100 122.973230
1834 682 153.360746
153 1756 140.110993
50 1367 110.597956
1834 1696 119.083867
16 2312 168.618242
2243 1306 91.308114
14 4 7.966079
1890 852 156.758526
2230 2231 5.097556
2218 1523 93.273250
625 530 88.065029
2096 447 127.395221
27 2333 162.795841
2324 1936 53.410559
2051 625 151.799523
311 180 8.645072
2162 456 101.169947
59 1065 100.423474
1978 2012 81.735452
1889 1133 144.482411
2125 1672 102.026953
2182 664 87.139870
125 1147 112.249575
10 1327 103.168769
2099 2052 3.553520
2198 547 150.990744
276 1542 98.850849
2235 1209 84.290399
2082 289 146.287867
2285 2253 30.331136
2322 643 124.523849
1944 854 152.480782
156 797 94.049720
145 1987 102.487316
40 1117 102.014554
232 1155 69.105136
195 386 14.665264
6 2 8.540780
2160 1675 78.780801
14 15 5.171012
156 964 100.925520
90 1528 128.006558
2349 551 118.327109
236 806 107.730561
2285 547 140.949542
2253 2253 0.000000
1889 739 162.119891
81 1813 101.581710
5 1790 122.470113
2173 1607 55.238020
714 1492 54.274957
2323 1882 62.407472
330 1355 118.443545
2235 1168 116.955190
2294 1416 87.398669
47 450 44.498516
20 2142 155.351773
2119 2187 51.902042
2132 1769 31.163888
370 2008 124.548168
169 1516 84.814750
2295 2329 7.841924
388 1088 132.724707
490 602 6.412995
302 1309 60.244142
147 2189 160.048750
1611 1813 116.281983
2272 2231 46.605592
139 562 72.887871
117 1669 95.999469
625 1595 118.424060
2015 2153 10.823880
2125 816 98.452468
2106 1616 33.705661
0 2344 176.181147
757 532 13.425775
38 543 62.596182
212 1744 97.713307
348 1287 84.133897
193 354 78.278598
29 38 26.269266
2321 785 97.480236
1280 948 30.422499
2229 310 139.398877
279 1992 119.917931
304 925 66.001949
91 1691 135.905054
156 968 107.823877
380 442 27.114629
2285 1947 67.637944
1866 1961 79.692954
283 1354 101.454077
124 1631 108.774595
238 473 88.808689
2234 742 87.652051
2140 317 106.545018
1224 1675 29.279432
2287 1853 53.176008
1409 1353 4.207294
573 461 6.658498
2114 1741 24.168321
2336 1046 105.414753
2289 870 90.574654
2323 1441 89.577378
2128 786 133.935779
1196 1531 17.770601
348 1958 113.910189
1501 1761 112.913551
232 2252 126.937225
2337 428 133.698081
316 784 109.180124
714 660 9.305116
64 44 5.432421
722 723 5.942841
1609 1608 5.943383
2342 2287 26.840000
155 328 14.131513
2158 709 146.247113
1778 1721 4.203720
135 1712 130.589810
2323 1392 87.218424
1944 1821 54.339835
2351 2322 13.152291
174 923 57.940570
2079 627 86.176178
459 1961 97.442818
379 277 7.311061
738 383 96.470076
169 2240 149.808032
2081 508 123.113134
2307 20 153.752198
2231 678 95.518346
2295 1606 50.899733
1889 1776 8.487719
2235 1536 50.352231
2117 395 100.184842
998 696 129.636592
280 258 77.936192
1856 812 130.813754
59 264 24.841959
2178 1997 14.131525
2232 2198 6.147768
37 2241 150.296204
135 170 3.462297
40 1584 107.509365
2086 1930 10.848826
2324 2075 28.203069
19 627 52.912011
1889 1827 28.433229
348 1905 102.669826
2220 723 85.811213
2331 19 170.000837
38 530 43.160968
159 1741 100.971016
2092 527 104.418608
52 266 56.401750
2192 835 87.740519
274 942 50.538190
2000 1753 102.435743
81 461 43.880119
2050 243 139.350553
63 2251 150.856415
2314 1435 63.107127
626 726 68.757174
1891 721 72.205380
2285 2267 30.910139
1567 977 167.412884
1891 1877 67.466353
2054 660 74.597021
13 1556 103.933837
249 1210 126.681766
2156 337 108.039800
215 1592 76.590931
324 2098 98.028082
325 1144 107.920262
2119 193 154.677681
1998 1356 126.192002
223 369 11.686805
1280 1263 108.555174
6 23 15.063085
192 2214 122.953013
1921 415 88.637613
1640 1658 98.999272
2251 1564 47.158433
735 2153 83.810297
2006 131 129.958981
280 213 74.857163
104 677 51.830120
2299 2299 0.000001
254 447 70.205756
1942 1356 129.201822
107 908 60.480234
194 1958 103.538009
225 907 110.036444
2351 1451 79.485290
2118 934 138.366831
2338 1765 52.528796
265 868 36.456930
469 1431 79.422673
49 1457 87.585620
2250 2123 59.526795
1999 462 169.448532
2294 2313 4.450068
195 1014 77.100386
660 1942 74.721030
1970 527 108.207492
2099 1977 84.275832
230 152 7.006418
1664 696 111.427280
11 1746 118.226134
2084 1204 51.443234
2260 2260 0.000000
1921 1170 129.829221
456 670 55.028079
238 649 85.850102
1888 797 160.412449
230 325 8.676315
2050 574 160.608098
2283 2258 3.941005
1073 899 41.961798
2216 103 168.915546
2079 1957 79.957123
2083 1015 103.559951
2173 1591 52.250683
23 1251 85.369429
40 1824 108.939005
49 585 74.945298
775 1367 152.666685
1834 794 150.187109
716 1937 91.509849
2097 1973 85.284329
663 840 57.229178
2004 2166 77.543996
133 939 100.505843
44 2317 151.926417
22 1437 105.790272
83 1961 150.602589
2028 2107 69.671381
2324 109 145.904776
1999 1362 117.339886
433 545 6.658498
2309 1030 81.549227
1612 1600 70.405449
236 236 0.000000
169 1003 91.408653
1891 1773 32.080694
241 1675 81.713346
54 48 26.993905
174 890 105.458780
17 690 71.379836
349 255 21.255101
2082 162 151.727516
889 1002 8.409291
459 1264 129.932946
674 1066 20.148552
2025 1911 26.544749
1890 2001 7.644874
91 153 6.903956
2052 2293 37.093236
402 1563 109.872798
716 548 9.629423
889 1224 17.692458
1331 267 83.560297
2254 619 95.671156
772 416 100.627642
2265 633 98.621179
1661 1435 16.751564
25 2005 133.301465
2332 2 169.425693
1980 608 166.626911
551 1226 38.906059
87 147 8.215851
2183 1332 52.174941
443 949 30.822883
2324 82 150.328768
369 1768 73.933903
2182 768 82.254908
241 2066 103.448970
1359 1807 23.374797
648 1761 67.149483
420 762 38.256436
339 1959 88.096272
478 2087 85.717880
666 1460 73.816516
58 773 82.959803
508 265 94.653459
2276 64 145.280433
2250 2249 5.129176
85 1048 73.755171
2220 993 83.286472
447 1347 52.274268
2036 1427 38.862557
736 779 79.871466
206 1581 78.476816
2207 244 164.300528
2146 608 84.536011
714 1108 21.776517
58 1042 78.749075
385 1691 122.917246
2259 1100 114.862506
1999 682 156.452198
2297 1756 75.955822
435 1367 124.964936
1720 1696 122.000869
7 2312 171.341503
0 1306 96.381066
15 4 11.291314
1889 852 158.171323
2273 2231 47.127469
80 1523 94.138437
1967 530 134.941545
2141 447 119.935263
2300 2333 7.247454
2274 1936 43.973131
2001 625 149.347409
310 180 11.849113
65 456 69.550064
2168 1065 119.817547
2029 2012 73.797432
1943 1133 139.973022
132 1672 117.874063
660 664 23.196421
216 1147 57.026499
660 1327 45.896823
276 2052 98.068302
2341 547 115.685450
2096 1542 54.594411
2294 1209 70.941146
1858 289 97.618565
2316 2253 23.096482
33 643 72.515668
1943 854 149.846380
2329 797 117.175128
83 1987 111.701175
148 1117 100.279350
55 1155 100.509017
495 386 16.603768
14 2 13.038201
2259 1675 71.789318
28 15 3.442705
2329 964 109.093569
1357 1528 23.493992
2317 551 108.195783
283 806 111.359900
2316 547 108.233225
2150 2253 10.879385
1890 739 159.000246
1891 1813 101.465207
2264 1790 78.935923
2267 1607 65.725763
601 1492 54.727638
2232 1882 69.029156
1776 1355 139.726583
2294 1168 89.073216
2235 1416 54.633559
58 450 65.240911
324 2142 101.758284
2245 2187 35.850159
2172 1769 33.323632
317 2008 128.724464
1175 1516 35.764588
2306 2329 25.558898
639 1088 23.767043
601 602 5.652271
352 1309 61.068701
2110 2189 8.620197
41 1813 115.188446
2259 2231 6.742223
2229 562 102.318053
168 1669 134.196955
1967 1595 100.628004
1793 2153 24.998603
132 816 98.590247
398 1616 104.712662
14 2344 172.033918
869 532 18.763824
207 543 92.277232
159 1744 109.300569
296 1287 79.428352
233 354 81.919452
2313 38 157.785415
2185 785 89.409302
1560 948 41.706096
326 310 68.377564
2031 1992 59.483574
1858 925 122.511109
283 1691 118.136075
2329 968 105.683972
2166 442 160.724241
2316 1947 34.799824
352 1961 118.804696
236 1354 108.185392
327 1631 127.203470
388 473 99.889548
1944 742 157.796041
146 317 16.146297
1845 1675 16.787440
92 1853 127.923113
1242 1353 8.425915
685 461 12.869700
1126 1741 31.319013
2271 1046 76.003105
374 870 54.715165
2317 1441 66.199826
165 786 43.137070
1417 1531 13.686430
296 1958 111.329798
2266 1761 38.058445
2252 2252 0.000000
2271 428 108.096449
359 784 109.180056
826 660 12.562091
2342 44 157.268548
335 723 24.926839
1664 1608 4.187854
2324 2287 7.465930
380 328 6.930395
43 709 50.850864
1834 1721 8.426337
1543 1712 12.560412
53 1392 106.550743
491 1821 109.058400
1 2322 166.847711
978 923 4.201991
2123 627 87.066435
1803 1961 48.979255
232 277 3.605423
850 383 100.926469
2268 2240 3.426152
124 508 49.693629
2331 20 174.828864
2274 678 124.262535
1329 1606 20.970156
1890 1776 12.450920
2294 1536 67.705109
2322 395 120.326908
508 696 100.612504
298 258 34.811238
2210 812 81.968506
2168 264 109.147957
1944 1997 11.148586
2261 2198 8.583999
2273 2241 22.691120
105 170 8.583971
1968 1584 46.331494
1874 1930 4.266179
2274 2075 60.834621
34 627 48.902096
1890 1827 33.455941
296 1905 100.920548
1780 723 71.017825
28 19 20.696691
167 530 71.656988
555 1741 87.867125
1990 527 90.513144
156 266 56.071126
887 835 28.036221
2197 942 121.488710
2001 1753 104.114096
1944 461 175.670165
2121 243 125.326221
2220 2251 4.605348
2189 1435 96.367480
544 726 81.060714
2226 721 101.268349
2316 2267 30.276156
1541 977 37.664074
2320 1877 65.109350
2099 660 78.333347
2294 1556 62.362944
352 1210 111.404190
126 337 19.152431
1750 1592 55.961508
2052 2098 6.088165
254 1144 65.708216
234 193 3.886479
330 1356 122.643701
268 369 7.311061
1561 1263 109.111790
15 23 17.363035
154 2214 124.977539
2053 415 144.952263
1527 1658 107.239680
2003 1564 46.462731
622 2153 87.892841
2007 131 127.144643
45 213 49.762434
1468 677 58.770687
2277 2299 4.128595
325 447 57.604170
2049 1356 122.519488
2351 908 101.979760
2243 1958 63.976751
1925 907 79.423131
2123 1451 106.243897
2313 934 89.780638
144 1765 91.165284
263 868 38.944571
239 1431 130.008265
131 1457 80.931929
2275 2123 57.562959
2000 462 172.354758
2340 2313 6.959597
238 1014 69.730024
603 1942 76.260584
383 527 99.796645
1890 1977 97.360401
229 152 8.070833
1777 696 118.599303
80 1746 107.190986
1578 1204 113.124408
2198 2260 6.904067
2249 1170 68.332235
2237 670 141.020676
248 649 99.905561
438 797 114.872324
231 325 7.147656
1943 574 163.599891
29 2258 158.364172
2223 899 79.194730
2276 103 159.385019
2123 1957 74.935520
1999 1015 132.319656
660 1591 138.175867
4 1251 91.593712
774 1824 98.458294
1947 585 131.020715
719 1367 154.141572
1888 794 158.159305
16 1937 132.704662
2000 1973 92.743730
342 840 37.101637
2184 2166 64.255286
2143 939 67.149743
2249 2317 10.170819
2245 1437 53.368017
292 1961 93.287963
2197 2107 49.038458
2274 109 161.512363
1888 1362 121.283974
488 545 4.226722
2313 1030 93.975434
369 1600 64.478734
193 236 8.599477
1726 1003 46.076032
1834 1773 29.605766
161 1675 87.840187
6 48 12.442278
391 890 41.484713
913 690 13.081591
1719 255 143.859034
304 162 60.569574
337 1002 47.944499
1803 1264 125.619188
728 1066 20.997312
2024 1911 21.719597
1946 2001 3.640397
2349 153 146.946346
171 2293 151.681117
1891 1563 48.086766
772 548 12.116901
1391 1224 8.846083
1308 267 84.094507
1560 619 85.941395
2091 416 104.198972
227 633 87.539465
127 1435 119.453883
1668 2005 24.874389
2343 2 171.459145
2166 608 152.329662
147 1226 100.611360
2076 147 145.421027
2076 1332 122.197276
414 949 124.309526
2274 82 160.160984
988 1768 46.781938
881 768 8.387957
200 2066 105.794791
1414 1807 20.820195
1652 1761 14.641834
534 762 26.079160
390 1959 83.821678
531 2087 83.885255
244 1460 66.510691
47 773 55.652065
96 265 62.192643
44 64 5.432421
2277 2249 8.255692
1325 1048 26.279889
58 993 87.910840
894 1347 38.746335
2225 1427 104.391138
996 779 44.972351
2184 1581 94.049589
289 244 6.805466
250 608 82.568636
826 1108 16.802051
138 1042 91.248674
282 1691 123.036116
3 1100 87.649169
2001 682 149.188711
2342 1756 67.895091
140 1367 71.448139
1891 1696 116.091040
47 2312 165.595449
551 1306 153.703870
1 4 8.540780
1944 852 154.791508
2198 2231 3.461984
134 1523 79.623388
2045 530 95.285153
276 447 56.052279
6 2333 164.936457
2172 1936 23.089143
1888 625 163.412768
362 180 14.151435
78 456 39.747996
2136 1065 123.763086
2151 2012 11.267798
1944 1133 140.813102
1669 1672 17.408893
604 664 20.265607
486 1147 75.277779
658 1327 38.479111
433 2052 87.745331
80 547 76.091997
2141 1542 64.307024
1760 1209 57.930501
85 289 64.358807
2279 2253 3.426134
2075 643 111.405382
1889 854 156.758663
52 797 57.871950
263 1987 94.394445
1968 1117 79.958776
2189 1155 107.655639
158 386 17.760674
8 2 3.818777
2217 1675 46.260707
5 15 6.228753
52 964 65.584399
716 1528 174.209296
2232 551 144.351772
718 806 132.716937
547 547 0.000000
31 2253 143.078538
1945 739 157.796117
1948 1813 101.917084
2277 1790 40.668706
625 1607 166.920159
660 1492 62.967115
2317 1882 51.866124
194 1355 113.354357
775 1168 21.644880
551 1416 154.599465
138 450 62.752278
276 2142 105.128159
2223 2187 9.878030
1330 1769 58.440337
2106 2008 9.431599
945 1516 75.150462
2314 2329 4.047386
196 1088 117.998627
488 602 12.669988
249 1309 86.447120
1847 2189 24.747661
62 1813 116.963988
122 2231 164.864212
228 562 82.428978
658 1669 54.066795
130 1595 130.491883
1848 2153 22.376711
480 816 18.248398
345 1616 112.683102
13 2344 175.376415
588 532 4.203859
167 543 87.917989
284 1744 105.564664
383 1287 66.477229
194 354 77.544581
16 38 23.322162
378 785 79.466251
1448 948 37.895105
1862 310 107.283790
171 1992 140.448854
365 925 30.829702
236 1691 125.350735
52 968 71.374979
16 442 41.789962
274 1947 92.686178
249 1961 104.412653
385 1354 107.425757
1972 1631 33.123717
196 473 85.091532
2050 742 150.999854
113 317 21.285075
1226 1675 23.477435
120 1853 133.938529
1299 1353 16.190255
517 461 4.266439
1744 1741 16.940691
2163 1046 121.891245
2046 870 70.362926
2232 1441 102.635909
238 786 46.064430
1307 1531 11.136993
2102 1958 35.899585
160 1761 148.858777
2222 2252 3.575635
2163 428 141.542595
998 784 63.096540
658 660 11.611907
28 44 6.206623
726 723 17.819392
1777 1608 9.629118
3 2287 156.725670
381 328 3.844902
2276 709 103.311442
1833 1721 6.413001
1487 1712 13.233902
2317 1392 65.762411
176 1821 101.360151
6 2322 168.860444
866 923 4.196742
107 627 47.880071
1915 1961 45.904475
231 277 5.744257
569 383 83.901833
2292 2240 6.844043
186 508 85.637447
34 20 5.036659
678 678 0.000001
1271 1606 18.031933
1944 1776 10.539589
1367 1536 12.604572
2075 395 106.694498
939 696 115.570808
1947 258 154.006965
2221 812 128.753025
184 264 23.112771
1997 1997 0.000000
2162 2198 6.129459
2241 2241 0.000000
136 170 6.147977
1971 1584 33.147036
2037 1930 7.922623
2246 2075 64.503830
1999 627 162.406033
2257 1827 78.675856
383 1905 97.443860
1724 723 66.827832
45 19 24.038414
88 530 49.509670
198 1741 94.154868
283 527 96.006127
192 266 52.931937
999 835 29.429856
1892 942 51.470151
1999 1753 100.296771
2050 461 168.668512
2190 243 112.304669
15 2251 148.383747
1724 1435 58.230366
2091 726 138.037770
1948 721 70.758115
2281 2267 42.265225
1316 977 24.982044
2021 1877 86.852839
2003 660 70.938827
2143 1556 36.624175
302 1210 104.952288
217 337 77.207813
236 1592 143.655706
276 2098 101.833243
2138 1144 89.045676
2074 193 153.540991
438 1356 134.119370
222 369 14.727023
1562 1263 114.976262
5 23 11.291315
231 2214 116.765743
2346 415 126.460836
95 1658 120.804991
1979 1564 113.130532
2019 2153 18.678749
2185 131 138.234297
2094 213 141.663376
495 677 73.353381
2318 2299 4.450068
227 447 71.862850
383 1356 125.931123
2123 908 72.296055
480 1958 149.224652
2147 907 113.182488
107 1451 124.608982
75 934 98.504251
221 1765 84.324319
418 868 29.258653
1966 1431 120.669859
545 1457 107.988236
2247 2123 60.499471
2051 462 168.880188
28 2313 157.785414
388 1014 63.122295
436 1942 86.289748
1860 527 95.975083
2250 1977 70.372435
90 152 6.903956
1721 696 120.538496
2341 1746 68.250002
398 1204 125.936063
2231 2260 3.442086
2346 1170 95.658381
1835 670 87.773683
432 649 39.910298
1999 797 153.819825
189 325 11.758786
380 574 105.123591
95 2258 147.169753
1276 899 94.410290
2182 103 163.263606
107 1957 146.431165
173 1015 72.864570
2174 1591 56.873567
93 1251 116.285909
1612 1824 67.260743
280 585 92.905880
663 1367 150.101513
2000 794 148.181679
829 1937 91.806870
1998 1973 91.841395
1470 840 90.907782
2103 2166 71.284688
2002 939 56.430569
45 2317 150.543040
659 1437 54.265034
203 1961 99.634685
183 2107 150.232814
29 109 36.176485
1998 1362 113.945256
375 545 12.798223
2212 1030 96.950242
939 1600 76.866597
235 236 4.968995
1783 1003 46.781784
547 1773 72.965905
242 1675 84.119723
2340 48 166.602573
1056 890 12.619587
969 690 14.714364
2001 255 166.815867
98 162 6.903973
1111 1002 19.957919
1915 1264 121.599180
1736 1066 36.094478
126 1911 112.563627
1889 2001 10.286003
2273 153 129.724046
2031 2293 45.817004
2004 1563 37.972742
827 548 15.268523
2190 1224 71.287910
1166 267 91.756006
720 619 63.260279
2155 416 142.910421
325 633 104.114566
2223 1435 93.862717
41 2005 134.183091
2333 2 167.942149
775 608 12.560262
344 1226 87.447422
42 147 14.191247
1330 1332 12.724580
1520 949 75.149565
26 82 21.750924
1490 1768 20.919194
935 768 9.038129
337 2066 96.444321
1079 1807 37.179639
1819 1761 8.919735
532 762 36.629879
2011 1959 10.812728
1820 2087 15.084258
2239 1460 99.449696
138 773 97.216422
2311 265 123.061959
28 64 11.592255
16 2249 146.587777
1779 1048 40.098569
138 993 104.035456
1061 1347 37.821696
1501 1427 110.717080
683 779 92.676248
2101 1581 104.255025
1958 244 97.911020
2103 608 81.134320
604 1108 25.889388
155 1042 76.836867
551 1691 134.776908
2215 1100 70.253221
1888 682 163.154149
1892 1756 108.036948
1970 1367 77.360781
1833 1696 117.877789
25 2312 153.730442
1888 1306 121.598764
5 4 5.108021
1945 852 154.193901
92 2231 168.915546
103 1523 83.080285
458 530 79.902424
672 447 13.971278
42 2333 165.458979
2132 1936 21.271925
1891 625 149.093069
219 180 5.017219
2054 456 138.197378
2116 1065 68.725280
2152 2012 14.151230
1832 1133 147.740743
826 1672 54.288508
662 664 11.611917
517 1147 85.803177
714 1327 37.718051
2054 2052 9.818119
134 547 83.578102
422 1542 57.717603
480 1209 37.700293
114 289 67.152774
2189 2253 6.904068
9 643 63.951476
2050 854 145.498400
2246 797 133.027201
143 1987 104.846639
271 1117 97.331456
2062 1155 109.457023
774 386 33.147689
3 2 4.725006
3 1675 118.632796
1 15 7.334119
2246 964 124.493677
775 1528 164.457631
53 551 67.945061
606 806 127.388331
378 547 10.539804
42 2253 161.728129
1777 739 167.427772
1947 1813 99.707433
2335 1790 53.502789
379 1607 68.473486
771 1492 54.658277
53 1882 143.036177
438 1355 129.647931
772 1168 34.394750
1720 1416 133.396948
155 450 51.870319
490 2142 90.948500
2253 2187 10.804666
883 1769 76.452369
318 2008 124.548960
1289 1516 21.931078
2329 2329 0.000000
238 1088 121.719898
658 602 4.192325
775 1309 159.001776
183 2189 160.516528
1556 1813 120.359225
2315 2231 40.333221
1977 562 117.100925
601 1669 57.999202
2045 1595 48.097507
673 2153 81.690933
365 816 30.154022
2221 1616 42.823197
6 2344 170.553983
532 532 0.000000
88 543 35.702169
239 1744 103.933266
273 1287 104.283280
236 354 80.366679
23 38 5.036659
235 785 56.320829
1336 948 34.596337
139 310 25.465622
2173 1992 17.110246
422 925 27.417301
385 1691 122.917246
2246 968 122.484358
775 442 25.144994
377 1947 84.422747
673 1961 67.252721
551 1354 121.559732
2081 1631 68.828770
125 473 78.487182
380 742 114.702445
114 317 18.460542
1620 1675 9.305308
2113 1853 18.364761
1298 1353 9.959935
631 461 16.587090
1601 1741 129.170007
1105 1046 16.260279
1859 870 121.439443
53 1441 119.360124
282 786 52.114651
1421 1531 13.686449
383 1958 92.957914
2225 1761 84.861285
2221 2252 5.087442
372 428 4.330251
794 784 60.212716
603 660 4.192201
26 44 7.192989
447 723 24.948432
1721 1608 8.377698
2323 2287 11.592089
2213 328 116.143329
93 709 58.133093
1666 1721 4.192313
1378 1712 21.203051
902 1392 89.534781
1948 1821 71.791915
2349 2322 14.419481
699 923 11.602796
105 627 40.430891
1865 1961 75.827571
233 277 6.805466
1361 383 143.525269
2208 2240 3.442069
2100 508 126.638515
2342 20 173.771266
736 678 14.985180
1272 1606 20.997596
1943 1776 10.539610
1312 1536 11.136993
9 395 43.655573
1161 696 110.227783
545 258 84.646663
1812 812 71.172389
493 264 75.016292
1775 1997 14.380489
2259 2198 9.406962
2209 2241 3.575599
2336 170 139.650147
1998 1584 109.533577
2129 1930 15.273543
2245 2075 63.912872
2051 627 157.338762
490 1827 81.391448
273 1905 133.353909
1669 723 62.636491
44 19 25.558052
207 530 68.137806
387 1741 91.896088
217 527 21.692634
2246 266 125.500466
1727 835 51.451185
2054 942 60.682470
2051 1753 99.060681
2098 461 165.573955
200 243 5.726759
42 2251 154.602056
1836 1435 58.559885
664 726 38.172272
1949 721 68.472833
2206 2267 7.882595
1514 977 148.320738
319 1877 93.146874
1892 660 63.623891
1948 1556 22.505030
372 1210 46.869150
2269 337 152.409538
2175 1592 58.600579
2099 2098 4.968911
227 1144 86.057007
155 193 4.902153
193 1356 120.886696
480 369 8.589364
1448 1263 104.180056
28 23 19.941894
232 2214 117.839924
2249 415 150.671333
2268 1658 48.013469
2211 1564 83.288086
1388 2153 79.475568
2219 131 142.575997
2047 213 141.242487
2172 677 140.964103
64 2299 149.409026
2138 447 134.380278
1997 1356 125.376741
105 908 54.223116
222 1958 157.119364
373 907 123.708229
105 1451 117.404434
2212 934 75.139537
264 1765 80.657735
336 868 120.038720
523 1431 85.147132
1947 1457 78.503187
2145 2123 70.946837
2141 462 161.903800
14 2313 158.054044
333 1014 69.975488
548 1942 80.292623
1916 527 100.097178
2054 1977 89.096055
120 152 6.147977
467 696 29.989411
134 1746 91.566003
1634 1204 109.589816
93 2260 164.829923
2270 1170 95.828569
1836 670 83.468132
159 649 83.035527
1998 797 152.511027
274 325 10.592328
1889 574 171.512321
2228 2258 4.605345
496 899 63.827684
2317 103 161.334427
105 1957 136.477404
285 1015 66.742439
604 1591 140.977855
2276 1251 107.333361
830 1824 99.396788
131 585 74.586110
829 1367 144.524700
1999 794 151.098683
775 1937 100.534084
2141 1973 82.091953
1720 840 108.878733
2144 2166 66.870310
2100 939 63.601796
2276 2317 6.838739
715 1437 54.627644
399 1961 90.577881
2061 2107 3.706744
93 109 45.863372
438 1362 149.966606
374 545 16.400282
2122 1030 69.335810
823 1600 58.822701
93 236 15.250127
1728 1003 39.800129
715 1773 67.187056
337 1675 75.479912
30 48 3.795639
1054 890 23.665068
1079 690 25.167514
2070 255 114.260117
127 162 6.147977
241 1002 52.467667
1865 1264 92.123004
559 1066 33.560487
285 1911 103.870147
1780 2001 15.661135
15 153 20.612291
15 2293 158.807487
2320 1563 61.118803
770 548 16.747098
1498 1224 37.412153
776 267 83.119302
1464 619 50.646165
550 416 97.135476
2138 633 133.121326
665 1435 95.856634
1556 2005 30.055207
45 2 18.920558
829 608 21.337905
457 1226 96.736448
40 147 16.880065
1162 1332 12.641173
1769 949 131.071749
2313 82 150.328768
876 1768 51.633359
992 768 11.257998
197 2066 110.591437
5 1807 127.377101
1649 1761 6.043993
311 762 44.869125
835 1959 63.058901
2111 2087 77.478220
1478 1460 110.647027
155 773 40.308999
1105 265 76.418738
2340 64 154.691702
2299 2249 8.069045
482 1048 46.122658
189 993 47.902753
1117 1347 39.992747
2266 1427 56.522874
739 779 96.565922
101 1581 90.627897
219 244 69.401513
172 608 89.254858
601 1108 29.923442
189 1042 61.286573
441 1691 124.971964
2217 1100 77.608087
2051 682 150.805630
1946 1756 101.243034
1860 1367 66.892273
1776 1696 117.965126
2313 2312 5.181515
1834 1306 132.968495
12 4 3.516692
1943 852 154.193961
2215 2231 53.962014
2341 1523 80.044183
130 530 77.589830
559 447 6.658498
1 2333 166.961311
2171 1936 25.801480
1998 625 160.667194
530 180 23.338228
2277 456 125.175951
493 1065 76.337544
2110 2012 11.840671
1945 1133 140.813052
1726 1672 9.122792
605 664 14.641824
321 1147 75.630042
826 1327 33.335130
2003 2052 9.862353
103 547 80.012455
365 1542 61.353503
1649 1209 50.687823
61 289 60.834415
2190 2253 8.584005
263 643 24.153264
380 854 120.391263
1999 797 153.819825
180 1987 98.119518
236 1117 54.221089
938 1155 46.039617
196 386 14.498624
5 2 9.857484
2201 1675 90.852103
0 15 8.848118
1888 964 152.582328
1301 1528 21.930264
77 551 74.588656
330 806 113.957222
602 547 4.203862
72 2253 136.627657
1944 739 159.849292
1834 1813 102.822415
2293 1790 71.766842
458 1607 162.120429
713 1492 50.104111
77 1882 140.897769
1888 1355 133.154690
941 1168 22.088995
1776 1416 129.206943
189 450 67.476306
433 2142 94.795298
2150 2187 7.028265
85 1769 98.525704
293 2008 116.929339
1057 1516 73.270756
2341 2329 4.624000
261 1088 47.146522
603 602 5.652256
663 1309 154.832489
2150 2189 5.700554
26 1813 123.233891
2246 2231 50.535682
2074 562 99.638071
660 1669 51.132684
458 1595 116.800805
672 2153 82.274927
591 816 13.234267
1955 1616 25.250171
15 2344 168.708650
362 532 16.032682
119 543 32.612190
283 1744 110.084555
2102 1287 66.744553
192 354 78.452160
5 38 16.073308
2300 785 95.287827
1561 948 37.664306
2074 310 124.762552
2174 1992 14.597020
313 925 34.470842
282 1691 123.036116
551 968 134.731230
716 442 34.103335
376 1947 85.414852
672 1961 67.777081
663 1354 122.479056
2100 1631 91.558588
218 473 18.257911
1943 742 154.749380
86 317 21.236836
1615 1675 20.762987
2156 1853 21.531593
1411 1353 16.083883
576 461 17.115717
1935 1741 108.755704
994 1046 22.504030
2176 870 77.805940
77 1441 123.923064
1834 786 108.667554
1588 1531 4.191436
273 1958 125.502837
1896 1761 105.570544
2279 2252 5.537129
318 428 8.639776
1105 784 95.138800
661 660 5.808101
14 44 6.863451
894 723 17.520582
1554 1608 9.466025
2264 2287 8.975269
436 328 11.099067
275 709 33.255429
1722 1721 5.652266
1433 1712 14.964088
1067 1392 72.264617
375 1821 96.635727
0 2322 169.860215
1204 923 17.692452
684 627 4.192149
2051 1961 67.032643
326 277 3.636369
570 383 87.588374
2172 2240 6.904050
229 508 82.797990
2332 20 170.000836
846 678 9.273187
1048 1606 30.567291
1777 1776 5.475247
1199 1536 17.770586
955 395 30.829702
1105 696 106.120512
131 258 47.097699
494 812 100.251265
2116 264 149.181416
1889 1997 15.042330
2075 2198 10.560738
2242 2241 5.129256
103 170 9.406962
24 1584 108.550100
1705 1930 13.971545
2098 2075 78.384596
2000 627 160.284337
2283 1827 75.256176
1860 1905 57.847718
830 723 30.785130
15 19 17.363034
102 530 66.528164
283 1741 98.857591
1854 527 123.295433
366 266 7.463328
1448 835 37.638418
1946 942 57.841366
1834 1753 114.143689
1943 461 171.808223
2013 243 98.952862
14 2251 151.897690
1837 1435 63.827732
772 726 62.575755
1947 721 73.450770
2171 2267 10.392213
1737 977 150.280092
2004 1877 74.176539
1890 660 64.756150
2002 1556 26.055403
482 1210 37.700294
2252 337 112.547232
1998 1592 81.904266
2122 2098 73.948241
236 1144 122.348244
1969 193 139.331035
2048 1356 121.558479
425 369 4.330209
1560 1263 103.183161
0 23 8.848119
2162 2214 59.740822
170 415 43.285024
2256 1658 88.048850
187 1564 104.309102
1297 2153 63.018307
1952 131 125.441727
330 213 78.311937
1889 677 135.049641
15 2299 154.063477
242 447 16.086546
439 1356 129.647939
1944 908 151.825615
506 1958 80.203068
39 907 78.453816
344 1451 91.033379
2122 934 129.886342
219 1765 88.173915
506 868 129.038935
684 1431 124.674195
298 1457 89.221480
2052 2123 77.399800
1888 462 169.910805
2328 2313 5.036630
442 1014 74.846155
435 1942 84.281871
348 527 58.454877
2298 1977 64.916081
275 152 10.560030
72 696 81.842151
103 1746 94.912281
293 1204 121.891321
2284 2260 6.852912
170 1170 104.831294
1755 670 142.795841
1834 649 83.467744
551 797 116.955331
377 325 6.043473
2098 574 158.797194
2257 2258 5.129171
245 899 39.518649
2218 103 159.984433
2151 1957 16.128153
495 1015 93.119798
1468 1591 67.554542
275 1251 124.504483
638 1824 87.650412
545 585 83.517142
717 1367 143.201996
1891 794 146.438867
2270 1937 28.058885
2051 1973 89.154783
574 840 78.730333
1950 2166 81.608896
1947 939 52.790594
15 2317 156.876199
827 1437 51.245559
1664 1961 88.395600
2108 2107 4.969041
95 109 47.113004
2118 1362 57.997689
490 545 8.696595
75 1030 81.924122
1500 1600 72.180516
280 236 7.933169
1784 1003 43.866470
659 1773 67.837137
1280 1675 25.167600
14 48 17.582760
285 890 38.847762
1413 690 45.999757
246 255 42.709816
126 162 10.995235
1334 1002 30.439078
2051 1264 64.894501
1119 1066 22.605711
286 1911 100.451067
1835 2001 11.592735
27 153 17.927930
2340 2293 10.114849
2021 1563 72.187040
828 548 15.268506
828 1224 29.453169
658 267 54.154406
2193 619 88.612055
544 416 75.945062
857 633 11.835403
498 1435 105.638452
1611 2005 28.959703
0 2 6.684063
887 608 17.183194
2186 1226 56.907804
72 147 49.105387
1387 1332 4.207357
1325 949 107.229406
13 82 18.668550
218 1768 93.815245
937 768 12.587797
161 2066 110.312521
1 1807 124.176347
1231 1761 147.485981
2013 762 136.788398
313 1959 169.522995
643 2087 77.472383
1463 1460 18.726320
189 773 40.718201
998 265 93.107001
63 64 5.154941
26 2249 148.639210
602 1048 26.005838
155 993 56.569209
1230 1347 32.446763
884 1427 108.016899
1192 779 134.667824
2177 1581 97.582663
559 244 28.636041
886 608 20.924599
603 1108 25.889399
267 1042 45.517079
1719 1691 126.097311
2201 1100 105.440136
1891 682 150.010782
1836 1756 112.213191
1916 1367 69.808188
1470 1696 16.751488
2257 2312 35.438907
1776 1306 125.618714
2350 4 176.181204
1946 852 152.480635
2214 2231 53.681269
1777 1523 130.929500
142 530 28.526423
673 447 16.846169
5 2333 168.708289
2130 1936 29.513484
1834 625 152.022341
144 180 3.487945
1836 456 136.610812
184 1065 113.433275
1847 2012 11.917862
1721 1133 154.110448
771 1672 54.660820
603 664 25.915024
2056 1147 117.287953
601 1327 39.800196
1946 2052 7.233729
547 547 0.000000
589 1542 48.008526
1617 1209 103.740443
41 289 57.250844
2224 2253 6.165387
528 643 17.589565
439 854 118.805283
2000 797 153.909415
265 1987 91.731945
215 1117 118.682133
826 1155 47.341200
605 386 29.258677
2349 2 175.275018
191 1675 89.730883
2340 15 167.250961
1776 964 159.179523
663 1528 162.640893
36 551 71.024164
438 806 117.436121
659 547 6.211202
98 2253 133.201493
1943 739 160.582709
2220 1813 85.286029
2072 1790 58.339486
2071 1607 106.851140
712 1492 46.412763
829 1882 88.196161
283 1355 105.660941
887 1168 16.760417
663 1416 159.056547
449 450 5.047229
488 2142 91.737184
2151 2187 11.401797
829 1769 90.740183
372 2008 116.759398
834 1516 71.528963
2323 2329 22.434267
471 1088 33.932651
660 602 9.123379
719 1309 159.002703
2223 2189 3.461984
884 1813 145.613138
2295 2231 42.997861
326 562 69.666643
714 1669 50.248262
142 1595 82.899425
1794 2153 24.508130
535 816 17.359331
2036 1616 108.735977
26 2344 171.341819
756 532 12.116901
2214 543 94.626757
198 1744 102.273520
1808 1287 100.652639
330 354 88.289098
2322 38 161.141140
2023 785 84.273751
1789 948 42.679887
1977 310 103.409646
2040 1992 18.839850
646 925 14.714412
441 1691 124.971964
663 968 140.413769
25 442 56.842374
378 1947 83.821653
785 1961 61.353386
282 1354 106.359958
186 1631 145.454511
471 473 10.089157
2049 742 148.193685
368 317 7.547532
1279 1675 29.336888
2069 1853 14.834251
1521 1353 8.955698
1414 461 50.046742
2132 1741 91.484405
936 1046 13.863567
1922 870 88.720210
1720 1441 14.964090
1639 786 94.480111
1080 1531 29.166050
1808 1958 83.902093
1276 1761 114.856633
2251 2252 5.129180
226 428 14.386405
1243 784 72.832366
605 660 9.123640
2341 44 156.679382
1057 723 20.997306
1553 1608 4.189037
2341 2287 25.308207
2120 328 160.258113
2308 709 120.943397
1891 1721 12.677511
1601 1712 8.377636
958 1392 92.079310
193 1821 130.142325
38 2322 161.141140
1315 923 19.501965
628 627 5.651728
1792 1961 12.798171
190 277 8.154894
683 383 95.968546
2240 2240 0.000000
327 508 73.069459
35 20 3.442706
509 678 9.870738
1217 1606 25.097126
1721 1776 8.920343
1255 1536 16.802628
896 395 34.152569
1241 696 96.976441
49 258 51.783722
1857 812 125.568984
2136 264 109.489651
2095 1997 7.694260
2025 2198 14.487654
2268 2241 5.537044
2349 170 151.613167
2175 1584 83.833012
2039 1930 10.026875
2050 2075 81.719153
1998 627 162.962784
603 1827 79.757141
1970 1905 45.904490
285 723 27.835965
2316 19 168.618242
2214 530 117.539598
1990 1741 104.314310
360 527 11.182404
221 266 5.412541
1672 835 47.352395
2003 942 57.392112
1891 1753 111.642383
1889 461 179.999509
242 243 4.968982
2300 2251 7.009412
1780 1435 55.605491
60 726 86.948648
2004 721 71.263738
2038 2267 21.104569
1569 977 156.720413
402 1877 134.095298
324 660 23.971819
2100 1556 33.113114
320 1210 51.432392
1969 337 104.489138
40 1592 95.484645
2163 2098 70.365578
283 1144 127.768727
2160 193 155.346706
329 1356 126.956448
424 369 8.192156
1336 1263 105.018936
46 23 24.607397
2199 2214 56.278669
196 415 82.073689
546 1658 75.204361
1917 1564 92.188849
1575 2153 43.523329
2277 131 143.235412
233 213 70.946632
2174 677 145.446468
26 2299 156.691352
200 447 19.275586
381 1356 134.177828
2049 908 144.407490
223 1958 152.252202
1999 907 147.443584
2107 1451 39.912558
79 934 93.459586
242 1765 158.937827
449 868 127.631451
572 1431 124.394237
280 1457 83.542299
2099 2123 73.948222
2097 462 163.327751
2293 2313 3.795746
607 1014 88.898018
1890 1942 17.539657
296 527 62.829876
2217 1977 75.074479
66 152 11.530221
342 696 92.353882
236 1746 125.638871
1781 1204 104.837915
2273 2260 43.707008
336 1170 50.505968
573 670 82.049111
204 649 98.221341
279 797 105.579206
378 325 3.639692
1945 574 169.460494
48 2258 150.153348
1080 899 85.589732
2183 103 159.276393
1903 1957 8.191302
195 1015 80.683838
1465 1591 85.448025
136 1251 68.711244
1443 1824 63.827732
298 585 61.731713
2088 1367 53.233163
1776 794 163.253037
2174 1937 18.881226
1888 1973 99.462240
1664 840 111.231719
2055 2166 74.205018
1891 939 49.319291
2248 2317 11.071824
772 1437 55.379934
663 1961 91.604404
2150 2107 5.359212
236 109 60.575381
551 1362 155.870889
2054 545 83.691449
79 1030 64.370039
995 1600 72.796000
2243 236 136.721932
1782 1003 50.279567
602 1773 68.809630
1334 1675 35.075214
12 48 25.114584
286 890 41.797216
1412 690 50.078336
385 255 82.605678
72 162 10.330503
242 1002 56.240473
760 1264 25.136104
1625 1066 28.559364
127 1911 109.003857
1892 2001 10.027141
2276 153 131.474189
2312 2293 5.278009
2326 1563 83.921051
883 548 18.763774
1273 1224 41.759174
1557 267 100.180779
1444 619 104.858876
626 416 71.490593
7 633 66.387572
160 1435 116.824380
26 2005 128.627585
15 2 12.057374
828 608 26.455054
1892 1226 49.999955
15 147 28.449157
1106 1332 16.856974
2069 949 78.248005
16 82 29.665667
888 1768 107.987521
1330 768 30.444031
160 2066 112.023152
1527 1807 15.267927
1623 1761 127.679182
2064 762 139.387840
1226 1959 50.286911
590 2087 79.468285
737 1460 50.082996
826 773 15.542221
1161 265 80.575060
46 64 15.546724
27 2249 145.531962
2090 1048 76.838903
1106 993 8.425598
1792 1347 29.469713
1276 1427 107.734422
1771 779 110.689979
2080 1581 43.617728
778 244 55.973771
776 608 9.433331
490 1108 33.347666
537 1042 27.641306
194 1691 127.541206
191 1100 67.539973
1998 682 158.823049
1890 1756 102.717426
1808 1367 47.856399
1357 1696 25.138718
95 2312 163.538337
1720 1306 129.718491
2344 4 179.999919
2050 852 147.541115
2160 2231 7.981180
1889 1523 124.409297
401 530 79.692845
783 447 18.775399
2278 2333 10.281262
160 1936 147.856363
2143 625 139.225812
697 180 35.223754
2185 456 125.331891
281 1065 65.546833
290 2012 97.834548
1890 1133 143.998741
658 1672 62.963393
661 664 17.408908
1975 1147 79.958051
603 1327 46.076312
2217 2052 15.721779
378 547 10.539804
590 1542 48.008530
1535 1209 61.534647
146 289 70.819821
41 2253 166.884931
474 643 12.677342
1945 854 154.193979
1888 797 160.412449
2129 1987 15.839262
2175 1117 109.656450
2063 1155 113.825743
662 386 28.941083
0 2 6.684063
2215 1675 55.601553
12 15 14.158671
551 964 121.584777
718 1528 166.576092
660 551 18.021800
492 806 116.137817
379 547 10.539804
2188 2253 7.882588
662 739 117.363583
1893 1813 106.169253
2165 1790 84.117067
401 1607 157.795769
938 1492 47.070444
775 1882 97.091287
385 1355 112.181867
999 1168 12.641400
1834 1416 132.576948
448 450 10.089140
2250 2142 21.517485
2220 2187 7.695209
884 1769 81.457686
116 2008 129.958981
1627 1516 8.379502
2342 2329 9.680493
179 1088 55.738427
489 602 8.426336
551 1309 149.849751
290 2189 110.313208
1446 1813 131.010416
67 2231 167.020544
108 562 72.600473
488 1669 66.168584
1893 1595 96.599152
1400 2153 45.818445
536 816 15.268558
2107 1616 36.896346
2333 2344 6.229110
980 532 23.374899
102 543 81.474188
387 1744 104.127701
1860 1287 81.610951
438 354 96.297166
11 38 6.959378
328 785 63.911700
892 948 4.201968
2120 310 123.371519
30 1992 139.653535
265 925 38.077231
194 1691 127.541206
718 968 144.325611
718 442 24.948432
2143 1947 14.499131
1456 1961 29.258461
441 1354 110.191833
1920 1631 49.002893
415 473 8.192273
1889 742 162.119822
115 317 17.588798
2061 1675 25.861040
2020 1853 12.886669
1464 1353 8.408482
463 461 10.089896
1800 1741 14.254647
1386 1046 30.422960
1540 870 35.573028
1719 1441 17.183271
248 786 45.452810
1137 1531 25.013139
435 1958 104.515533
1073 1761 103.895169
2301 2252 7.633806
320 428 9.066564
1798 784 63.044045
771 660 8.374711
88 44 10.355858
1061 723 20.997876
1498 1608 13.423376
15 2287 169.718263
122 328 17.712221
210 709 96.563608
1776 1721 8.920343
1377 1712 18.464531
1071 1392 97.327828
149 1821 101.574360
2347 2322 16.073630
865 923 9.723515
461 627 12.676833
1904 1961 8.191996
278 277 4.915053
736 383 88.489948
2207 2240 8.583892
1920 508 100.097164
2287 20 151.254800
791 678 8.375104
1218 1606 29.380135
1664 1776 6.210998
920 1536 30.541568
788 395 22.505135
306 696 26.579007
214 258 4.380541
157 812 94.420465
281 264 72.029873
1830 1997 10.677539
2159 2198 9.909449
2292 2241 7.633761
2350 170 146.946346
175 1584 83.285644
2170 1930 17.850163
2180 2075 71.391220
1888 627 169.831155
1945 1827 30.775157
1808 1905 75.559874
1836 723 71.407015
2317 19 164.967036
119 530 61.109121
499 1741 87.650669
1911 527 122.151517
144 266 13.188096
1336 835 33.335127
2052 942 63.983775
1888 1753 105.570906
1945 461 175.669836
241 243 9.921948
2278 2251 4.936112
2221 1435 85.166258
550 726 49.057004
2002 721 76.060799
61 2267 137.734685
1262 977 35.971701
330 1877 136.906109
276 660 24.701898
1949 1556 23.791139
2188 1210 105.032132
1889 337 118.011140
1971 1592 70.127257
2078 2098 76.551442
663 1144 138.051424
156 193 3.944324
2096 1356 118.859832
369 369 0.000000
1450 1263 116.423576
13 23 9.998923
120 2214 127.156114
124 415 74.838354
1523 1658 125.710563
2263 1564 90.772547
1186 2153 70.858481
2186 131 134.951375
2177 213 145.921912
1777 677 134.777386
2250 2299 6.787995
241 447 14.426443
1887 1356 133.154714
1943 908 151.825587
339 1958 89.068538
2000 907 145.613291
2036 1451 120.348381
321 934 34.496800
113 1765 94.975218
389 868 122.472878
1883 1431 33.423800
1176 1457 14.137165
2263 2123 15.019846
1998 462 165.277426
2312 2313 5.181515
443 1014 69.808176
604 1942 78.756599
140 527 28.909060
2275 1977 68.343011
274 152 11.136799
663 696 120.499428
194 1746 128.163929
541 1204 64.675334
2330 2260 33.513351
1726 1170 37.602690
1941 670 118.173678
165 649 95.020786
330 797 103.545161
190 325 10.666122
1890 574 173.341113
2195 2258 6.993405
498 899 53.324433
2181 103 167.135556
2061 1957 7.463404
662 1015 103.540290
1889 1591 96.598774
43 1251 101.150833
994 1824 71.864795
69 585 77.704078
831 1367 156.506178
2001 794 144.594104
828 1937 87.395300
2140 1973 81.711274
292 840 40.809636
2005 2166 78.158030
1948 939 53.120815
2300 2317 8.211795
770 1437 45.894828
370 1961 156.184038
147 2107 149.240874
47 109 40.067485
379 1362 143.525234
2277 545 109.893434
283 1030 122.596236
182 1600 78.674380
330 236 8.449284
336 1003 41.693121
1947 1773 34.651174
1166 1675 37.741986
28 48 13.391631
336 890 39.621854
830 690 137.904998
1867 255 88.392967
163 162 5.060134
1336 1002 20.833145
534 1264 40.098666
842 1066 11.136505
391 1911 91.297492
1721 2001 17.810019
2332 153 141.390604
2270 2293 4.732371
330 1563 67.361846
547 548 5.475149
181 1224 106.000295
796 267 97.942924
1296 619 45.907143
441 416 97.360485
885 633 137.674564
1474 1435 104.766036
1724 2005 20.770962
2345 2 170.142436
719 608 8.378104
320 1226 86.759071
2291 147 132.906156
1273 1332 16.189557
1272 949 84.763529
25 82 16.748520
889 1768 113.451236
882 768 13.565516
2109 2066 14.794912
1412 1807 25.400463
1597 1761 23.946020
2131 762 80.993822
1844 1959 16.603614
589 2087 78.389518
830 1460 90.906844
771 773 12.119241
939 265 80.683992
42 64 7.824836
47 2249 139.933021
2241 1048 83.965002
1330 993 17.631510
1903 1347 37.931166
498 1427 142.278104
1728 779 50.363058
2098 1581 107.919283
777 244 59.819962
830 608 16.741639
771 1108 17.881900
315 1042 42.799439
663 1691 133.839450
540 1100 28.858702
2002 682 144.842658
1780 1756 113.963521
2102 1367 114.293759
1525 1696 17.358352
2283 2312 31.437078
1719 1306 125.002097
13 4 4.623635
2052 852 145.785390
121 2231 169.844021
1943 1523 121.588014
2071 530 130.635025
337 447 7.529163
0 2333 171.151417
2240 1936 27.586331
2002 625 144.749662
757 180 36.649206
1892 456 140.155127
329 1065 71.097856
339 2012 92.725400
660 1133 146.245852
714 1672 58.799157
548 664 23.377128
2099 1147 98.547803
771 1327 37.522878
490 2052 83.885253
602 547 4.203862
535 1542 51.430134
1563 1209 113.124499
113 289 67.858230
2063 2253 17.464756
642 643 5.652634
381 854 118.929033
1998 797 152.511027
2151 1987 82.091953
1750 1117 111.026717
1958 1155 113.362899
661 386 33.390162
2337 2 167.942149
454 1675 91.773378
2321 15 166.138846
1999 964 145.528764
717 1528 171.620717
604 551 14.254679
715 806 121.533746
434 547 8.487387
2238 2253 50.313625
604 739 120.465317
2144 1813 90.246817
2159 1790 59.047514
142 1607 110.204743
599 1492 48.750594
828 1882 83.618656
282 1355 110.522141
716 1168 33.589154
718 1416 163.230022
450 450 0.000001
2276 2142 19.895648
42 2187 151.111665
2207 1769 37.290961
224 2008 132.612749
1292 1516 11.136993
15 2329 162.636542
125 1088 111.382232
435 602 10.168558
606 1309 150.642601
2061 2189 13.188652
1557 1813 123.297591
2245 2231 50.155296
2120 562 105.374744
826 1669 44.801266
2071 1595 91.833990
1456 2153 43.576954
422 816 25.832479
485 1616 88.113965
2350 2344 3.818878
587 532 5.475648
599 543 4.203862
718 1744 122.287333
1970 1287 72.027978
280 354 85.156023
47 38 30.017531
1863 785 103.524167
1956 948 52.790594
228 310 48.437407
2269 1992 24.779887
180 925 45.289223
551 1691 134.776908
236 968 111.764766
26 442 51.866560
547 1947 73.457808
730 1961 64.478088
718 1354 125.730163
229 1631 142.323703
124 473 77.465142
381 742 113.360175
85 317 23.270727
1392 1675 20.942850
2227 1853 28.279871
1297 1353 4.211170
798 461 19.587394
1354 1741 33.926889
1161 1046 20.016672
869 870 6.243472
1834 1441 22.803029
382 786 65.369229
1136 1531 29.453475
1860 1958 67.607399
884 1761 121.768824
2277 2252 7.546801
225 428 15.013477
179 784 100.853174
662 660 11.611907
2331 44 153.752118
1117 723 21.776647
1889 1608 16.091839
22 2287 150.334432
2178 328 112.481323
2178 709 82.026375
1555 1721 12.560412
1489 1712 13.233861
1014 1392 88.436817
1709 1821 6.413001
8 2322 160.689023
698 923 13.081600
516 627 8.425996
1960 1961 4.790814
154 277 10.755805
965 383 116.429291
2241 2240 5.129228
1972 508 89.975267
45 20 26.247408
567 678 8.393127
1158 1606 22.393001
1945 1776 12.798068
1422 1536 13.686430
675 395 16.646586
1614 696 147.625808
139 258 10.849308
258 812 52.052791
329 264 70.951404
1886 1997 7.282956
2026 2198 14.154035
2313 2241 11.071861
208 170 5.700460
226 1584 129.454155
1762 1930 10.168775
2272 2075 60.331623
2001 627 157.036747
1944 1827 25.989344
1916 1905 54.060091
2253 723 90.448362
14 19 19.384245
309 530 15.691892
334 1741 91.548683
308 527 14.321245
423 266 10.794589
775 835 27.623477
1890 942 56.161484
2002 1753 105.299216
1890 461 174.952010
2189 243 113.012691
2146 2251 13.202143
2107 1435 93.213847
247 726 51.122005
718 721 17.818482
2266 2267 5.129188
1653 977 42.454056
1919 1877 67.466065
2145 660 82.998283
2004 1556 27.625816
293 1210 133.638433
1914 337 103.443006
226 1592 98.882143
1946 2098 11.845229
551 1144 134.067660
2212 193 131.046923
1888 1356 133.539808
315 369 8.825973
1281 1263 114.889762
12 23 5.171014
2215 2214 5.097556
237 415 85.361946
1689 1658 125.933254
2108 1564 34.721346
1185 2153 67.890645
2125 131 134.064587
235 213 71.238534
2157 677 82.796434
2332 2299 6.730006
160 447 22.012368
1944 1356 129.890097
2050 908 144.715259
183 1958 150.045049
2051 907 142.492747
345 1451 95.693977
372 934 32.823012
112 1765 94.609085
528 868 29.257321
600 1431 72.557711
784 1457 33.842295
2297 2123 53.939911
2214 462 153.206487
45 2313 154.614469
553 1014 80.256766
380 1942 90.577889
1808 527 80.415567
1892 1977 99.462250
190 152 6.129375
437 696 103.676438
283 1746 118.167042
2187 1204 114.673781
2229 2260 9.813077
1671 1170 33.412059
237 670 32.640789
1639 649 118.878296
382 797 110.541769
229 325 12.504026
2049 574 157.572409
2194 2258 8.982185
1717 899 138.607703
2233 103 132.105838
1847 1957 12.232670
158 1015 77.864345
1777 1591 100.012441
210 1251 62.992603
997 1824 86.880550
196 585 91.703404
718 1367 148.798772
1720 794 162.819970
663 1937 104.356494
2179 1973 78.154454
1581 840 86.783536
2183 2166 63.682977
274 939 41.830976
2331 2317 5.036630
716 1437 59.490230
1721 1961 80.118467
268 2107 146.378656
194 109 56.772054
2000 1362 120.297553
322 545 16.228770
236 1030 118.957450
2129 1600 48.063946
279 236 12.327589
1615 1003 37.718284
2000 1773 26.160306
1111 1675 37.561226
66 48 17.223233
1000 890 13.786784
31 690 73.080192
407 255 13.007211
96 162 12.864717
1001 1002 6.362989
366 1264 48.709771
953 1066 8.417935
96 1911 115.549090
2052 2001 3.593336
2248 153 126.458246
2328 2293 7.247454
1919 1563 104.792008
602 548 8.920323
161 1224 72.082617
1667 267 97.051297
2169 619 137.908794
60 416 31.978902
775 633 131.193773
485 1435 50.961084
1780 2005 19.834409
28 2 15.499917
717 608 18.411102
461 1226 116.540365
70 147 44.299827
1052 1332 14.048766
791 949 59.255993
47 82 36.192894
1240 1768 137.873170
768 768 0.000000
2015 2066 6.711860
1582 1807 13.426023
1430 1761 30.585733
874 762 5.697098
1962 1959 14.343940
503 2087 165.810399
1352 1460 25.829838
938 773 17.661420
359 265 28.631924
2300 64 153.006857
2329 2249 23.344598
197 1048 78.310228
883 993 13.786067
1568 1347 21.814406
2223 1427 105.976503
570 779 85.142606
2161 1581 36.649612
1736 244 82.408543
997 608 29.296311
488 1108 38.322330
369 1042 36.793959
1720 1691 125.393074
2150 1100 106.000434
1947 682 146.610010
2277 1756 81.410101
348 1367 85.641799
551 1696 161.978234
2241 2312 10.450210
1891 1306 131.552894
2333 4 173.770875
35 852 60.007577
2284 2231 9.537686
1944 1523 121.286453
1893 530 131.721073
446 447 5.047238
45 2333 157.275588
2208 1936 25.219792
2141 625 147.335027
532 180 24.705290
2003 456 138.607706
277 1065 84.823962
2014 2012 9.702760
604 1133 142.074342
938 1672 50.077898
491 664 26.639079
310 1147 46.488220
604 1327 50.075470
1892 2052 12.620320
659 547 6.211202
646 1542 44.847903
1424 1209 54.795142
115 289 65.758130
62 2253 163.680818
309 643 23.792647
1890 854 158.171371
2051 797 150.358849
2239 1987 21.256359
353 1117 112.571573
566 1155 147.118909
604 386 33.912906
28 2 15.499917
342 1675 91.177315
2349 15 166.961829
1998 964 144.916441
551 1528 159.080374
662 551 8.393133
194 806 103.873320
377 547 12.798267
17 2253 146.487144
660 739 124.602656
2278 1813 77.255959
2196 1790 57.152340
195 1607 95.903688
825 1492 45.895579
941 1882 84.518938
663 1355 128.226317
884 1168 31.782865
775 1416 162.338553
393 450 4.330109
2002 2142 11.267798
2188 2187 5.060073
2130 1769 38.211575
86 2008 138.425520
388 1516 75.234493
2313 2329 4.047386
638 1088 26.005740
433 602 12.677294
718 1309 154.826980
244 2189 114.012224
1445 1813 128.366875
2199 2231 6.147768
2077 562 112.325382
712 1669 55.397877
401 1595 119.415732
1681 2153 31.142341
313 816 32.751218
428 1616 96.557610
25 2344 173.040702
697 532 18.021805
488 543 8.696516
197 1744 106.621641
1916 1287 79.052364
235 354 81.379712
93 38 36.176485
2219 785 93.693669
1733 948 39.904923
2077 310 113.934405
94 1992 136.079967
263 925 43.052040
330 1691 130.335295
552 968 132.284461
128 442 36.183607
1948 1947 4.790135
1288 1961 36.793711
552 1354 116.145114
284 1631 97.198254
417 473 4.330547
1942 742 151.030311
87 317 21.322395
1112 1675 33.754243
2226 1853 28.526419
1296 1353 4.211138
627 461 12.676833
1466 1741 30.586455
1049 1046 19.197207
1093 870 12.740720
1776 1441 18.763806
1806 786 89.764720
1589 1531 9.605326
1970 1958 55.384842
1474 1761 46.963367
2186 2252 9.854133
370 428 8.192223
200 784 36.776049
490 660 12.607690
2332 44 155.961183
1112 723 29.379951
1890 1608 17.880034
2235 2287 9.537686
156 328 15.525443
136 709 90.343676
1723 1721 11.300464
1767 1712 8.920425
896 1392 53.844093
1486 1821 19.132154
12 2322 171.211861
1091 923 8.892106
515 627 6.412995
2111 1961 10.916289
192 277 9.804082
852 383 108.336719
61 2240 136.738944
509 508 5.274237
2341 20 176.483389
735 678 9.305376
1046 1606 27.857997
1832 1776 4.226818
1198 1536 20.886852
731 395 19.417600
794 696 81.786808
175 258 6.988198
2049 812 88.896784
277 264 59.064253
1777 1997 19.562591
121 2198 169.004955
2208 2241 6.742112
3 170 28.386819
252 1584 73.544741
1258 1930 35.517586
1944 2075 89.008033
2097 627 155.692029
2242 1827 32.969134
435 1905 112.533728
2283 723 108.068522
2332 19 165.840984
196 530 87.171630
240 1741 91.037973
1966 527 125.659590
368 266 10.142961
1670 835 54.288700
2099 942 67.041961
2141 1753 92.399983
380 461 97.360488
199 243 10.358442
2148 2251 10.356483
1668 1435 55.325526
1831 726 107.616278
2055 721 74.066538
85 2267 134.137188
896 977 150.557205
230 1877 113.862266
1945 660 68.813366
1947 1556 22.505040
2108 1210 110.207798
1943 337 126.101090
353 1592 77.656236
2029 2098 80.268685
385 1144 133.130718
2161 193 160.146505
328 1356 130.974269
147 369 17.760675
1505 1263 112.748735
1 23 13.038202
233 2214 119.246203
238 415 85.607961
2327 1658 56.497696
343 1564 86.869686
961 2153 77.795493
2145 131 140.739706
2048 213 145.270029
2114 677 78.064880
2251 2299 8.069045
199 447 17.891563
1943 1356 129.890079
1942 908 150.741641
268 1958 149.147414
1998 907 148.283817
2222 1451 50.411218
1950 934 70.778073
532 1765 63.468663
2040 868 62.895888
145 1431 73.425845
560 1457 45.779543
1946 2123 84.438609
2215 462 154.994032
2349 2313 14.419481
665 1014 80.714492
1834 1942 21.242465
2102 527 151.010139
2098 1977 82.849934
65 152 10.330503
1470 696 73.817346
330 1746 129.970867
1746 1204 108.267379
2314 2260 35.956974
1784 1170 35.060868
337 670 21.443403
282 649 81.122753
233 797 104.254471
325 325 0.000000
436 574 109.144827
2284 2258 4.936114
2225 899 76.816054
2101 103 156.171989
1845 1957 6.960000
496 1015 87.931507
661 1591 143.983965
2308 1251 70.573094
1669 1824 68.340146
125 585 85.129124
887 1367 154.171127
551 794 104.636378
772 1937 87.323059
192 1973 158.112404
83 840 93.221248
1949 2166 80.919037
377 939 32.823041
2220 2317 14.647428
884 1437 52.386306
467 1961 129.546737
223 2107 150.758041
283 109 64.515661
2022 1362 61.227803
2299 545 110.384177
663 1030 141.520763
265 1600 73.149153
329 236 11.516555
1671 1003 41.887248
1948 1773 39.440393
160 1675 86.115057
2328 48 168.577790
1055 890 17.877700
939 690 140.414110
2338 255 133.292195
70 162 15.368983
1280 1002 16.720777
757 1264 33.349081
758 1066 154.863954
336 1911 97.361679
1945 2001 6.043893
28 153 17.169600
2293 2293 0.000001
230 1563 89.732081
773 548 13.425945
84 1224 104.834950
1249 267 96.624196
1274 619 109.539653
1831 416 116.707734
16 633 70.894686
1357 1435 135.852622
24 2005 138.463980
2299 2 162.911577
941 608 25.108981
2157 1226 86.659046
98 147 52.220818
1050 1332 16.720594
482 949 108.649679
2292 82 144.499500
1519 1768 127.194688
1050 768 20.998532
162 2066 109.179880
797 1807 52.527639
788 1761 140.978763
337 762 104.701064
500 1959 78.673223
638 2087 82.448446
1163 1460 105.596978
994 773 21.814500
1419 265 83.163312
2317 64 150.328768
2251 2249 10.203926
2069 1048 125.333501
937 993 4.207234
1679 1347 29.899338
1080 1427 72.265562
1660 779 103.782100
76 1581 90.045258
783 244 39.130865
939 608 34.751720
2054 1108 52.015408
424 1042 35.885855
330 1691 130.335295
2188 1100 104.085459
2053 682 142.835938
2054 1756 99.843805
296 1367 92.364129
1888 1696 111.962012
29 2312 165.208445
1999 1306 118.195000
2334 4 176.482832
2098 852 143.754930
2244 2231 49.106490
1832 1523 128.186702
195 530 85.340260
242 447 16.086546
2220 2333 18.277952
197 1936 144.344601
1947 625 146.087230
587 180 25.668459
2299 456 128.177203
560 1065 27.641370
2150 2012 10.823879
495 1133 125.732740
1671 1672 5.807185
490 664 31.830579
362 1147 42.857044
938 1327 29.488849
2145 2052 18.129130
434 547 8.487387
313 1542 64.955551
2085 1209 63.318592
62 289 59.583037
2281 2253 11.170254
418 643 14.358823
436 854 124.410078
1834 797 162.413301
220 1987 94.602665
251 1117 92.079408
2107 1155 102.769482
333 386 4.738909
2351 2 175.275018
290 1675 87.132964
2351 15 172.665863
1834 964 153.414939
1719 1528 125.272499
605 551 8.920575
717 806 129.491183
546 547 5.475323
2061 2253 18.530738
605 739 117.016945
1949 1813 103.732618
2030 1790 89.262990
2339 1607 67.781530
939 1492 52.352636
884 1882 79.422846
1941 1355 129.201889
827 1168 35.764468
1719 1416 129.808501
1792 450 70.855073
2144 2142 10.012995
2187 2187 0.000000
2208 1769 35.648295
343 2008 112.953610
1120 1516 34.494865
2284 2329 29.666048
888 1088 145.437809
491 602 8.426327
717 1309 149.943000
2014 2189 15.005386
1558 1813 125.693567
2285 2231 6.868217
506 562 4.226568
599 1669 63.648792
195 1595 135.423726
1009 2153 64.571911
646 816 17.358993
2252 1616 47.730643
4 2344 179.999919
311 532 17.673282
601 543 14.254173
663 1744 120.538761
140 1287 116.711876
329 354 88.903153
28 38 24.720231
2139 785 122.077309
1281 948 25.277739
159 310 70.819822
2267 1992 28.906969
220 925 41.841716
1776 1691 122.704841
385 968 119.509731
829 442 33.324258
434 1947 80.537354
729 1961 64.202696
330 1354 114.108952
239 1631 95.635546
179 473 23.184108
436 742 118.688423
144 317 24.191366
2151 1675 36.660618
285 1853 96.664677
1017 1353 16.426406
742 461 17.879995
2042 1741 101.121287
1274 1046 27.904787
978 870 22.144968
1833 1441 21.274884
1885 786 136.879356
1079 1531 33.666738
140 1958 152.591796
245 1761 139.283503
2319 2252 10.450231
371 428 4.330251
1271 784 106.951504
774 660 13.260867
90 44 6.844941
1006 723 20.970385
1611 1608 17.819170
28 2287 172.533815
1917 328 156.219094
823 709 13.423477
1719 1721 11.300384
1322 1712 22.172331
959 1392 98.289521
2132 1821 21.531575
2334 2322 8.788135
980 923 8.409280
571 627 4.204267
1569 1961 22.505031
325 277 6.385582
961 383 100.981352
2209 2240 5.611092
678 508 12.607299
19 20 5.171011
790 678 5.905699
1159 1606 23.251789
1946 1776 16.400184
1142 1536 25.013166
845 395 27.519524
1243 696 85.375291
176 258 8.923752
1260 812 22.066501
868 264 35.395284
2050 1997 9.499983
2196 2198 10.091387
2172 2241 9.406869
134 170 6.650741
236 1584 138.573891
1818 1930 6.658992
2099 2075 78.167061
2141 627 151.138396
604 1827 83.579359
2102 1905 47.776614
1835 723 75.202588
2275 19 161.331537
238 530 91.012453
360 1741 130.664466
1880 527 88.899595
479 266 14.451294
942 835 31.679190
324 942 44.166721
1998 1753 97.735152
2245 461 150.862792
2063 243 102.522180
44 2251 146.344219
2222 1435 89.744573
1949 726 83.529737
2251 721 89.135890
24 2267 143.466128
1038 977 32.264978
144 1877 97.823740
490 660 12.607690
2053 1556 29.591216
370 1210 44.635303
100 337 28.215648
2094 1592 67.971380
2028 2098 81.189110
330 1144 126.499000
1914 193 138.678303
2139 1356 115.199788
267 369 9.632203
1393 1263 113.944898
26 23 13.860940
92 2214 132.105838
69 415 68.165891
1697 1658 94.929888
1929 1564 121.967088
934 2153 118.684248
2102 131 139.388232
2093 213 137.584819
604 677 90.909328
88 2299 148.433609
2190 447 98.273012
1886 1356 132.018421
380 908 118.350675
450 1958 82.639225
279 907 105.440352
1983 1451 124.336959
320 934 35.251039
181 1765 87.887063
780 868 138.215015
265 1431 63.210315
1120 1457 17.692358
2054 2123 78.374692
2001 462 172.354757
2258 2313 36.176278
332 1014 74.802012
1889 1942 12.789642
273 527 70.341997
1945 1977 93.216232
2274 152 129.724047
292 696 88.701816
280 1746 132.832802
1528 1204 73.823738
2160 2260 10.879389
1728 1170 30.985810
559 670 8.392537
1885 649 68.037936
329 797 106.658181
21 325 54.417995
381 574 103.732231
2313 2258 36.176278
177 899 98.444760
2234 103 133.962522
1846 1957 8.588813
1777 1015 137.222081
662 1591 149.782970
1944 1251 121.560165
1107 1824 73.352526
238 585 95.434581
552 1367 150.530228
1833 794 154.863651
715 1937 87.418197
2096 1973 84.438632
72 840 53.311402
2166 2166 0.000000
2053 939 60.031344
2342 2317 6.959597
602 1437 54.327233
1581 1961 65.369392
2151 2107 9.914796
159 109 53.875546
2051 1362 117.199606
601 545 4.203862
385 1030 129.889744
996 1600 78.526481
2270 236 140.616603
1669 1003 50.362736
718 1773 79.547097
1446 1675 32.321610
5 48 17.521325
1168 890 16.760423
886 690 140.849000
15 255 47.418793
31 162 17.927930
161 1002 57.257896
759 1264 26.681388
1235 1066 8.801188
70 1911 118.529186
1777 2001 15.843513
2296 153 133.141479
2294 2293 5.173376
1504 1563 15.541430
717 548 12.572662
242 1224 72.194756
1187 267 116.193850
1220 619 99.776548
1949 416 146.854077
887 633 136.769849
599 1435 50.645950
1499 2005 33.992985
16 2 10.573840
831 608 13.234430
440 1226 42.666283
2267 147 129.689496
1498 1332 12.604337
801 949 118.170317
41 82 15.546727
471 1768 88.185577
1273 768 26.681352
672 2066 76.272721
17 1807 124.752515
981 1761 42.604172
2109 762 133.315563
592 1959 150.741696
563 2087 155.431845
1183 1460 26.193171
939 773 12.588018
1241 265 119.068029
2258 64 175.063948
2341 2249 20.386626
791 1048 137.195607
882 993 8.408995
1960 1347 36.474812
307 1427 65.763294
1778 779 75.363566
1302 1581 16.861310
1280 244 81.698286
1109 608 33.471497
acc0 31
acc1 168
acc2 333
acc3 487
acc4 622
acc5 742
acc6 815
acc7 899
acc8 957
acc9 1021
acc10 1090
acc11 1157
acc12 1202
acc13 1263
acc14 1314
