1108
1042
1691
1100
682
1756
1367
1696
2312
1306
4
852
2231
1523
530
447
2333
1936
625
180
456
1065
2012
1133
1672
664
1147
1327
2052
547
1542
1209
289
2253
643
854
797
1987
1117
1155
386
2
1675
15
964
1528
551
806
547
2253
739
1813
1790
1607
1492
1882
1355
1168
1416
450
2142
2187
1769
2008
1516
2329
1088
602
1309
2189
1813
2231
562
1669
1595
2153
816
1616
2344
532
543
1744
1287
354
38
785
948
310
1992
925
1691
968
442
1947
1961
1354
1631
473
742
317
1675
1853
1353
461
1741
1046
870
1441
786
1531
1958
1761
2252
428
784
660
44
723
1608
2287
328
709
1721
1712
1392
1821
2322
923
627
1961
277
383
2240
508
20
678
1606
1776
1536
395
696
258
812
264
1997
2198
2241
170
1584
1930
2075
627
1827
1905
723
19
530
1741
527
266
835
942
1753
461
243
2251
1435
726
721
2267
977
1877
660
1556
1210
337
1592
2098
1144
193
1356
369
1263
23
2214
415
1658
1564
2153
131
213
677
2299
447
1356
908
1958
907
1451
934
1765
868
1431
1457
2123
462
2313
1014
1942
527
1977
152
696
1746
1204
2260
1170
670
649
797
325
574
2258
899
103
1957
1015
1591
1251
1824
585
1367
794
1937
1973
840
2166
939
2317
1437
1961
2107
109
1362
545
1030
1600
236
1003
1773
1675
48
890
690
255
162
1002
1264
1066
1911
2001
153
2293
1563
548
1224
267
619
416
633
1435
2005
2
608
1226
147
1332
949
82
1768
768
2066
1807
1761
762
1959
2087
1460
773
265
64
2249
1048
993
1347
1427
779
1581
244
608