0 57.676242 110.603694 
1 54.851274 214.799045 
2 23.858656 352.598217
3 57.868854 203.872930
4 138.771401 313.564586
5 171.484395 219.723822 
6 46.233344 154.726624 x
7 9.238987 210.567325 x 
8 116.176815 271.277197 
9 39.830389 178.568599
10 170.819427 322.831146 x
11 36.999860 322.578344 x
12 7.106503 239.795541
13 173.743567 93.566178
14 171.050446 134.468025
15 35.307057 294.042038
16 51.509637 53.301325
17 35.851185 311.476242
18 112.994713 344.683376
19 167.758280 291.349490
20 73.521401 208.896306
21 172.457197 195.200255
22 95.472803 197.893376
23 162.443121 34.977268
24 77.237197 228.121911
25 18.098713 85.596306
26 28.513834 332.910573
27 93.214204 190.473248
28 157.590000 47.013822
29 143.707070 13.872210
30 97.391465 133.863248
31 120.002102 279.180573
32 58.445541 281.269490
33 163.168854 331.009108
34 128.136497 231.474268
35 173.336561 166.235732
36 60.682357 274.696051
37 171.758981 235.750701
38 122.601783 148.065478
39 117.495860 117.067070
40 110.422548 223.076178
41 172.979427 88.289427
42 179.024904 349.893631
43 116.677261 356.346115
44 130.923057 158.211401
45 144.448854 249.204841
46 85.151465 141.283376
47 117.891975 163.443439
48 49.217732 283.478790
49 62.007134 169.664904
50 41.473720 303.693248
51 155.908662 320.072102
52 139.656497 128.158280
53 11.360465 197.728280
54 100.249108 113.198217
55 33.861611 299.197834
56 35.373038 291.403949
57 66.530637 101.568153
58 138.155732 161.146433
59 84.744459 134.380318
60 71.515605 281.005796
61 64.535159 16.070675
62 109.246242 250.996815
63 126.707389 159.596369
64 69.481720 179.965032
65 36.092981 335.054522
66 54.873229 194.254968
67 118.320191 274.234586
68 126.503885 6.254599
69 161.102293 132.357325
70 157.562484 342.682739
71 167.038280 207.753248
72 140.645924 176.381656
73 108.185732 359.028344
74 135.380637 314.509873
75 155.215605 277.455096
76 114.286242 179.954140
77 48.975879 234.145605
78 64.727771 315.949873
79 58.814140 151.846624
80 127.262866 316.576433
81 144.701656 280.246815
82 127.157962 274.091274
83 142.574904 155.837006
84 41.633083 0.351752
85 75.324268 60.589490
86 107.476624 101.700000
87 125.652038 108.603057
88 170.610764 4.737652
89 91.466369 107.240446
90 100.859045 272.310764
91 103.536115 230.617261
92 91.988599 352.004331
93 116.501274 59.445860
94 14.454803 262.967389
95 158.986433 191.154841
96 80.370000 139.381338
97 0.016488 339.780955
98 41.622076 166.268408
99 7.101000 112.362420
