0 151.506115 243.510764
1 54.631433 263.110127
2 150.829682 321.391146
3 90.850701 321.698981
4 138.738726 132.940318
5 67.706943 351.311847
6 46.019006 176.425223
7 58.132548 39.747898
8 147.630955 31.811503
9 111.483057 127.444013
10 59.116242 64.447452
11 33.608752 11.190096
12 74.576752 76.131975
13 119.666752 313.355924
14 142.448217 344.496497
15 38.637688 118.276624
16 113.467070 83.112420
17 79.962994 263.000064
18 4.869562 47.772229
19 177.915096 117.429936
20 18.549401 326.898344
21 58.044268 114.681783
22 107.525924 222.966688
23 159.953503 130.224841
24 8.238669 32.877803
25 40.396471 68.228599
26 166.823885 266.869490
27 29.294312 347.211975
28 107.509299 197.739172
29 153.165669 287.446815
30 111.472166 61.061847
31 11.289038 293.349554
32 39.346682 233.640000
33 103.294204 66.151146
34 66.316242 24.127968
35 161.652038 345.485924
36 64.870510 86.156943
37 19.978395 118.298408
38 167.637325 13.575439
39 62.760382 87.465096
40 20.071834 205.939490
41 101.925287 147.043376
42 24.243363 353.136497
43 159.524713 155.419108
44 10.299726 218.217898
45 167.873503 235.860191
46 69.921401 156.397643
47 114.132611 357.917962
48 10.481102 195.826815
49 117.820318 17.268822
50 119.150255 184.592866
51 94.741911 3.110801
52 31.300395 337.604331
53 61.116879 200.520573
54 73.026688 6.694280
55 17.362261 61.204586
56 80.325860 76.011592
57 38.291446 53.301325
58 68.377070 301.385350
59 134.567197 127.410764
60 137.501656 340.187962
61 73.895159 101.414522
62 154.495605 69.218025
63 151.429299 259.460828
64 94.489108 273.090955
65 126.949299 39.670968
66 32.119338 314.916306
67 82.298981 294.427261
68 57.302541 53.103497
69 136.056497 37.197745
70 19.648605 5.814917
71 28.706217 235.673312
72 61.215478 38.307955
73 85.937389 113.044013
74 179.404395 188.945541
75 111.049108 77.561083
76 137.710892 319.577389
77 112.324013 2.121501
78 29.486694 271.716879
79 75.538662 137.513121
80 142.662611 265.836497
81 31.712618 310.618662
82 96.418662 187.461401
83 169.269363 263.099236
84 105.415796 346.684013
85 113.918217 177.227771
86 170.061019 14.927446
87 103.497134 64.139618
88 147.675096 52.586885
89 142.564013 163.421656
90 18.362522 327.403949
91 39.132344 338.703822
92 11.624274 321.028280
93 22.308764 186.120573
94 124.943503 243.401274
95 54.428045 278.674968
96 127.647516 326.941911
97 58.533822 135.742930
98 102.706051 56.478096
99 47.794242 349.245287
