675
2192
307
1224
269
270
630
870
1514
2289
86
1958
2234
2053
675
231
1627
703
1983
2239
968
1298
2313
205
2289
2330
1213
668
1961
1753
2186
1635
1811
1311
619
286
1706
137
1972
1823
1085
1241
892
1504
1815
1266
568
1847
425
1786
14
2008
2120
1893
134
1477
1488
483
637
1846
952
1102
1235
2037
1902
1490
1721
25
676
124
764
256
2213
597
473
1082
1511
1435
2253
103
123
370
834
1025
2052
167
2118
1060
2310
1275
673
265
496
2183
1534
720
588
1932
1452
78
1455
1818
1330
422
1175
1870
1062
307
1110
2033
2110
318
500
1752
313
1502
940
817
11
1415
12
1454
153
566
2017
1692
906
1906
196
482
1102
1260
2114
715
1349
1084
1417
1692
34
16
606
1955
771
885
1144
339
1797
96
1379
1367
1861
1826
112
1998
232
1239
145
932
1199
788
1816
1385
1963
430
1958
1859
1206
1535
2221
1140
1996
875
1795
1161
400
769
745
1899
382
280
37
1261
64
2294
435
1714
1777
502
1245
1309
24
1030
1593
2244
1483
2048
594
997
548
1096
627
1980
1957
1714
422
1451
668
424
703
1951
1660
248
1352
2275
1124
247
1793
784
1663
1860
294
1751
1317
1124
778
1700
1530
1067
151
1730
2247
2027
1519
1888
2010
1509
1178
2328
103
1765
1493
1373
2189
1906
1855
1852
67
1410
1160
1420
