1001 675 63.306544
2153 2192 7.028255
109 307 17.428920
544 1224 59.630768
52 269 57.705856
270 270 0.000001
909 630 17.183184
1205 870 17.692290
610 1514 67.085703
2289 2289 0.000000
62 86 3.941390
132 1958 115.238589
2262 2234 5.087438
25 2053 132.564707
117 675 85.403935
231 231 0.000000
2192 1627 37.219245
538 703 16.987683
2081 1983 15.610823
274 2239 130.072759
117 968 98.602712
299 1298 56.901636
138 2313 151.307580
39 205 41.910101
2250 2289 43.611242
2295 2330 7.247454
1101 1213 5.458805
555 668 8.393127
1732 1961 29.258543
88 1753 129.782311
1901 2186 23.554710
41 1635 123.155654
2298 1811 75.121358
1310 1311 6.398762
369 619 108.755476
726 286 26.672048
116 1706 101.472944
105 137 5.610745
1972 1972 0.000000
2304 1823 70.828335
1084 1085 6.398741
2304 1241 70.941138
833 892 15.760873
1504 1504 0.000000
117 1815 119.595577
49 1266 105.827949
132 568 31.434979
417 1847 167.767162
235 425 63.078892
1785 1786 5.475667
2346 14 173.771267
988 2008 96.187946
0 2120 145.048125
823 1893 64.092003
77 134 7.769597
1087 1477 24.991837
1457 1488 142.361423
540 483 4.226719
1028 637 22.172315
1846 1846 0.000000
1399 952 22.871906
1207 1102 45.312808
1402 1235 8.846439
1079 2037 75.601405
1765 1902 107.889615
1544 1490 15.541803
1627 1721 99.866485
138 25 31.062629
642 676 116.351499
440 124 25.825641
1267 764 25.136104
692 256 28.218886
1553 2213 46.013088
876 597 17.183101
417 473 4.330547
1081 1082 6.399723
1399 1511 5.620987
1511 1435 123.516684
1925 2253 71.211297
77 103 5.537429
4 123 29.569454
2266 370 117.841370
1057 834 12.794475
1289 1025 100.290685
1555 2052 29.641331
1696 167 93.582170
1968 2118 14.726718
1121 1060 28.980065
1918 2310 45.925578
1317 1275 92.386395
1402 673 37.552064
194 265 63.386119
664 496 9.870975
1782 2183 27.986097
1367 1534 8.955683
730 720 58.932283
1038 588 26.005795
1154 1932 54.356099
1397 1452 9.822733
2099 78 162.662726
2309 1455 89.490162
1090 1818 37.179634
111 1330 100.092803
593 422 21.122723
982 1175 162.001215
1978 1870 21.242269
406 1062 95.831884
138 307 20.733274
1277 1110 8.800820
2033 2033 0.000000
177 2110 162.505442
21 318 50.168125
443 500 8.452988
217 1752 95.126521
1988 313 91.097251
1389 1502 8.398772
1802 940 136.328989
52 817 89.942293
10 11 5.108021
2267 1415 73.547252
25 12 5.036660
1511 1454 9.724551
120 153 3.462297
808 566 100.012690
1514 2017 29.642372
2309 1692 56.699534
1309 906 75.818994
38 1906 136.653300
273 196 44.976104
2324 482 130.729264
25 1102 75.779394
370 1260 58.895376
1967 2114 13.231594
378 715 20.151112
41 1349 114.908166
1702 1084 32.234040
280 1417 140.811480
1246 1692 25.807198
34 34 -1.#IND00
93 16 13.940590
606 606 0.000001
194 1955 99.438487
714 771 4.188683
2024 885 135.786814
132 1144 93.703607
951 339 36.373977
1124 1797 34.857476
96 96 0.000000
972 1379 98.289812
1255 1367 5.483798
1581 1861 15.639918
873 1826 49.478381
608 112 79.108211
1274 1998 43.785451
2198 232 168.150612
1291 1239 22.605710
1987 145 102.487316
595 932 18.464864
1646 1199 23.251635
975 788 118.170335
595 1816 92.410779
1047 1385 20.838642
1545 1963 118.072305
1837 430 85.657471
1956 1958 9.574129
273 1859 165.678852
1509 1206 145.505865
1761 1535 16.741960
117 2221 142.575997
1424 1140 31.880691
1883 1996 12.550172
1042 875 8.891866
1004 1795 58.578372
1216 1161 10.018121
1079 400 53.974698
2004 769 70.642351
802 745 4.188482
989 1899 95.073560
231 382 19.866444
1555 280 72.694771
138 37 13.707329
1542 1261 14.351356
90 64 6.853301
1771 2294 41.643999
148 435 38.576261
1663 1714 25.915432
1159 1777 32.880868
1004 502 30.444019
853 1245 19.590000
1253 1309 4.214085
2324 24 161.141141
972 1030 9.901305
1481 1593 5.697001
715 2244 94.225733
980 1483 22.894554
769 2048 70.743609
817 594 13.234267
660 997 18.223848
2267 548 126.341662
989 1096 32.446564
570 627 8.920566
21 1980 122.716844
1789 1957 10.539744
1377 1714 18.464562
922 422 33.423343
1393 1451 9.822723
988 668 97.918644
828 424 72.365501
1541 703 44.710919
2056 1951 7.311053
743 1660 136.047528
293 248 8.319354
1352 1352 0.000001
2275 2275 0.000000
1125 1124 6.421718
399 247 10.987355
707 1793 141.889322
1511 784 36.211253
1607 1663 4.187916
2289 1860 48.044110
963 294 43.424559
132 1751 99.364739
1882 1317 41.704135
1206 1124 167.157757
781 778 18.172450
226 1700 118.611377
1482 1530 46.509370
707 1067 142.463309
2147 151 126.438892
1449 1730 17.183364
2216 2247 3.442070
327 2027 170.297911
637 1519 97.819805
1667 1888 20.762256
746 2010 142.242389
521 1509 130.813802
1062 1178 26.249618
2328 2328 0.000000
274 103 64.358794
1335 1765 106.916614
463 1493 142.248621
1084 1373 59.882192
709 2189 121.225973
174 1906 133.133729
194 1855 122.391355
916 1852 105.637721
46 67 3.670772
797 1410 34.322069
1441 1160 14.137009
930 1420 92.079013
1280 675 72.339891
1966 2192 20.567874
123 307 67.152775
227 1224 78.620407
327 269 43.553328
271 270 4.915049
518 630 6.412995
1316 870 25.422647
832 1514 71.528102
2264 2289 4.395495
42 86 8.069824
157 1958 105.482068
2263 2234 3.828670
118 2053 114.241578
66 675 70.199291
191 231 6.504393
217 1627 132.913416
651 703 20.763047
517 1983 96.635054
2267 2239 3.442086
54 968 63.966047
1861 1298 34.360976
122 2313 148.937229
252 205 21.258256
2289 2289 0.000000
2315 2330 3.442523
1156 1213 4.215792
896 668 26.789936
1486 1961 121.286427
227 1753 135.517740
2012 2186 20.367587
2283 1635 49.143934
59 1811 109.867732
1256 1311 4.214834
595 619 118.028438
837 286 32.669499
711 1706 96.685763
172 137 3.564545
1917 1972 4.329562
25 1823 111.678380
973 1085 5.515603
25 1241 104.925816
1281 892 24.992530
1449 1504 4.197118
1815 1815 0.000000
601 1266 54.997572
210 568 38.567920
1954 1847 25.989487
252 425 77.901739
745 1786 152.731853
92 14 16.221562
178 2008 160.277241
231 2120 175.031042
768 1893 65.128062
52 134 14.373318
921 1477 37.513703
1312 1488 51.538159
652 483 9.870807
1186 637 73.116150
810 1846 164.360441
1286 952 20.838261
1346 1102 128.549873
1482 1235 144.105953
540 2037 99.005323
1257 1902 138.594418
1599 1490 19.060458
1400 1721 90.340420
192 25 33.636839
1373 676 159.057131
262 124 62.460432
1153 764 25.046929
1162 256 123.284612
954 2213 118.700540
796 597 129.636849
917 473 33.423284
915 1082 8.891775
1286 1511 12.794897
1232 1435 132.427384
218 2253 169.120427
52 103 11.016926
2337 123 161.721961
320 370 12.844622
1171 834 17.769783
1067 1025 86.052438
809 2052 119.575768
131 167 8.231992
1864 2118 31.289569
1737 1060 45.907201
280 2310 152.625538
1623 1275 76.049488
1092 673 151.211068
138 265 40.601152
944 496 23.869300
539 2183 107.703528
1425 1534 19.541824
949 720 32.743030
1256 588 41.748570
1956 1932 93.216233
1564 1452 5.697001
1805 78 101.939828
22 1455 111.518284
1844 1818 112.946036
300 1330 139.057282
1983 422 88.637428
1817 1175 144.939134
61 1870 112.706928
373 1062 100.460838
122 307 65.758131
1276 1110 12.646089
2082 2033 4.398297
226 2110 150.758390
65 318 30.602010
779 500 17.586499
2097 1752 95.282551
2012 313 165.469130
1669 1502 12.562005
1717 940 58.687527
327 817 65.675272
23 11 3.516692
773 1415 167.412348
23 12 5.171014
1232 1454 16.832486
121 153 6.650741
899 566 25.091650
1656 2017 109.164119
1748 1692 4.192113
1453 906 87.196004
2016 1906 7.922617
377 196 41.381366
427 482 4.266107
2304 1102 108.517424
242 1260 132.878067
2116 2114 9.922046
194 715 40.628177
2283 1349 63.011738
735 1084 81.991332
1305 1417 5.516006
523 1692 75.571174
53 34 3.795639
2078 16 147.781945
607 606 5.651738
155 1955 105.645403
995 771 11.257998
321 885 48.409500
124 1144 113.448554
1063 339 41.696182
1772 1797 114.238275
4 96 28.868433
1115 1379 99.980944
1533 1367 12.604556
1696 1861 16.786716
1150 1826 42.321304
665 112 82.999730
1331 1998 42.485854
2026 232 167.495803
1012 1239 22.129003
842 145 103.823901
1047 932 19.859026
1593 1199 21.644694
845 788 9.605520
369 1816 92.411612
595 1385 54.253277
1629 1963 22.203730
1441 430 55.070079
1154 1958 117.692286
4 1859 128.838151
1604 1206 45.027038
1173 1535 159.112559
2306 2221 35.866709
1679 1140 131.190134
1776 1996 19.834243
1325 875 25.422647
641 1795 149.354072
859 1161 138.524800
744 400 46.870235
2006 769 76.454952
577 745 9.629420
853 1899 122.746934
0 382 47.346632
2211 280 130.072756
122 37 40.333014
1174 1261 159.983169
2325 64 163.251453
1607 2294 53.257590
30 435 43.978684
1719 1714 28.178514
1274 1777 27.641235
337 502 11.592343
989 1245 153.834207
1535 1309 16.813595
5 24 11.139298
1193 1030 29.975036
1313 1593 14.351514
1912 2244 75.192099
1761 1483 17.182902
106 2048 151.128689
1210 594 31.318955
1859 997 138.078419
773 548 13.425945
853 1096 116.706471
1241 627 34.781022
65 1980 142.499868
1793 1957 20.642745
1570 1714 124.532651
1314 422 48.446671
1674 1451 13.081776
178 668 94.594803
2167 424 109.698357
1260 703 33.647567
1981 1951 95.577582
1106 1660 46.750136
400 248 10.816146
1130 1352 16.856982
2249 2275 4.936112
1402 1124 16.734130
1136 247 68.854651
316 1793 156.363424
1232 784 22.200606
1771 1663 23.377323
214 1860 100.419213
1191 294 65.572743
174 1751 90.465510
947 1317 145.047206
1266 1124 163.739422
1547 778 102.159890
177 1700 87.692825
1092 1530 63.293003
316 1067 128.504893
128 151 46.571386
1550 1730 72.686605
2142 2247 10.392198
52 2027 123.235240
1084 1519 85.435106
1719 1888 10.168848
1335 2010 47.156960
766 1509 104.275829
1731 1178 51.553165
2327 2328 6.217886
134 103 3.575247
721 1765 136.415626
354 1493 127.353249
536 1373 45.268981
217 2189 170.090461
132 1906 105.664887
138 1855 112.417135
1166 1852 90.000000
91 67 6.853299
1667 1410 133.999803
1105 1160 4.215871
1021 1420 51.668093
1241 675 46.749763
2282 2192 11.529926
59 307 26.522350
88 1224 84.939993
105 269 57.141779
319 270 4.184778
1192 630 30.985736
1537 870 41.703983
553 1514 75.805550
2310 2289 4.732374
2303 86 172.990107
124 1958 107.484719
2202 2234 4.770030
2304 2053 51.836263
2306 675 106.668202
276 231 3.553622
1051 1627 103.950699
262 703 40.177993
766 1983 105.166682
0 2239 150.793003
27 968 90.961707
212 1298 71.721544
192 2313 141.456185
137 205 28.829815
994 2289 109.980186
2272 2330 10.281261
1213 1213 0.000000
1262 668 135.353087
1741 1961 24.772460
2326 1753 50.754969
1958 2186 23.655897
1692 1635 4.187737
109 1811 99.987352
1423 1311 5.516006
2170 619 142.379456
1066 286 49.327080
115 1706 97.519535
173 137 5.201652
1971 1972 4.790047
118 1823 105.844761
1030 1085 4.211900
1296 1241 4.214069
364 892 118.350553
1448 1504 4.197822
2306 1815 53.264407
170 1266 116.716113
374 568 105.123591
917 1847 136.917108
137 425 62.752236
2055 1786 25.718694
120 14 17.913158
2082 2008 85.479479
2348 2120 39.995799
654 1893 76.324019
328 134 66.722710
592 1477 82.931581
1258 1488 43.334903
539 483 4.226719
914 637 25.521813
1035 1846 153.200400
1682 952 37.552008
1289 1102 125.445271
1092 1235 160.736088
470 2037 85.850771
1453 1902 25.128198
984 1490 29.471907
951 1721 95.204333
122 25 28.692321
2013 676 75.636902
826 124 56.711805
1503 764 81.089891
681 256 52.526822
866 2213 96.706685
1639 597 144.791731
311 473 15.524772
913 1082 12.619563
1682 1511 17.358361
1435 1435 0.000001
186 2253 148.786944
2124 103 124.422288
153 123 16.653120
463 370 85.758201
1234 834 51.373286
1207 1025 90.389474
1364 2052 115.139635
296 167 11.684453
496 2118 133.321301
1568 1060 33.348914
2260 2310 23.334893
1424 1275 120.117579
1482 673 158.484738
122 265 54.086032
1444 496 55.837452
1773 2183 46.706984
1734 1534 128.548396
844 720 72.181278
926 588 21.203325
1505 1932 108.336377
1507 1452 4.197822
254 78 17.405102
1680 1455 13.082209
1141 1818 45.932283
103 1330 120.285461
566 422 106.169547
556 1175 38.094561
1859 1870 56.703797
63 1062 94.062740
2073 307 117.318100
1108 1110 12.842351
1980 2033 4.315694
184 2110 158.741583
120 318 33.179917
563 500 34.858500
356 1752 76.546291
1989 313 90.891596
1556 1502 15.542362
2156 940 112.617119
769 817 45.790245
22 11 4.623635
380 1415 148.660229
40 12 6.863451
1455 1454 6.242960
91 153 6.903956
1253 566 96.904612
1347 2017 37.476858
1747 1692 4.192139
1257 906 96.889176
1962 1906 4.329553
195 196 5.017219
482 482 0.000000
118 1102 60.643939
1222 1260 112.084398
1521 2114 40.726021
138 715 93.345754
1405 1349 4.207262
1150 1084 64.410754
379 1417 147.177379
742 1692 50.248046
75 34 6.839131
43 16 16.591416
550 606 4.204267
138 1955 151.388244
1222 771 29.188376
107 885 99.217055
174 1144 61.163348
1541 339 153.819940
1846 1797 34.858527
70 96 3.606383
650 1379 37.552282
920 1367 22.894662
2126 1861 38.175691
1852 1826 109.271916
306 112 28.807180
1159 1998 45.459128
2284 232 156.571015
1737 1239 42.351998
1879 145 97.880920
369 932 35.151469
864 1199 17.770126
1459 788 33.842110
2170 1816 25.950072
305 1385 127.096978
893 1963 67.600785
1105 430 39.653316
1505 1958 37.317942
2337 1859 46.748596
1736 1206 147.485686
980 1535 37.878515
66 2221 138.206210
1202 1140 41.858643
1939 1996 8.502345
1928 875 83.999587
337 1795 79.752994
1304 1161 159.983693
470 400 63.543551
770 769 6.060585
456 745 54.050142
2006 1899 16.340209
274 382 28.746744
1364 280 138.978097
28 37 26.269266
1040 1261 22.142128
29 64 16.748518
1611 2294 58.727069
188 435 22.233054
1197 1714 84.350042
1331 1777 26.260614
641 502 116.422578
821 1245 153.892655
808 1309 29.530302
6 24 16.073307
1644 1030 32.031456
1648 1593 4.188829
1892 2244 37.870459
869 1483 30.348229
12 2048 131.928203
973 594 79.201743
61 997 81.185919
380 548 10.539748
317 1096 44.071441
860 627 54.239940
120 1980 150.126108
1254 1957 131.002764
1512 1714 121.518632
425 422 15.118594
723 1451 36.303615
2256 668 101.580812
767 424 43.120472
1400 703 158.325047
372 1951 105.126469
218 1660 98.169569
513 248 18.598849
1576 1352 11.257800
2276 2275 5.154916
1068 1124 4.214851
804 247 70.798863
307 1793 145.307404
1289 784 26.681427
1235 1663 122.839241
2310 1860 51.847041
1308 294 89.586663
491 1751 173.587099
1049 1317 81.290226
1435 1124 157.977346
1884 778 101.908880
1807 1700 28.816406
1402 1530 98.912632
688 1067 78.961194
1892 151 100.491969
1558 1730 27.830610
2099 2247 13.911254
12 2027 136.563835
1278 1519 106.729233
1720 1888 10.168824
146 2010 147.829866
517 1509 109.771345
1289 1178 8.429697
2 2328 172.665403
0 103 26.604852
746 1765 84.153592
541 1493 48.288740
875 1373 42.924586
2192 2189 15.064936
272 1906 142.393422
122 1855 129.577380
1054 1852 93.119670
92 67 3.606381
1463 1410 22.144776
1158 1160 12.857099
427 1420 99.273269
1869 675 127.124727
1955 2192 37.145546
517 307 45.182848
170 1224 114.054571
33 269 54.270733
185 270 7.072095
1467 630 47.494131
1257 870 35.894195
198 1514 76.829898
2265 2289 3.941005
2290 86 141.339949
150 1958 132.439051
2287 2234 7.181627
151 2053 110.687050
618 675 4.192750
10 231 43.806626
356 1627 116.465376
2034 703 87.294493
2277 1983 68.166101
231 2239 138.963984
66 968 98.953344
1355 1298 4.211154
28 2313 157.785414
76 205 15.863858
2264 2289 4.395495
2271 2330 11.511104
932 1213 14.078066
1225 668 33.754166
1487 1961 120.391079
49 1753 126.050209
2042 2186 62.952171
1691 1635 4.188370
521 1811 67.053872
1255 1311 4.214118
238 619 44.482097
314 286 82.295129
253 1706 100.389786
136 137 5.097572
2026 1972 5.762221
151 1823 103.867614
1140 1085 9.998835
1354 1241 8.425915
313 892 112.390661
1616 1504 5.791007
1871 1815 4.226732
1154 1266 5.465001
174 568 54.992986
311 1847 165.810192
38 425 47.427470
1690 1786 86.948699
2336 14 179.999508
2219 2008 18.962729
2163 2120 10.804733
255 1893 165.642628
2124 134 120.969141
931 1477 95.670788
1626 1488 139.023997
1671 483 92.271589
1017 637 77.654061
1704 1846 117.877856
1371 952 170.098695
1067 1102 137.465967
1554 1235 107.167666
744 2037 85.099600
1537 1902 125.068105
1256 1490 67.670980
1260 1721 81.757725
155 25 31.059239
680 676 23.197318
658 124 50.060887
1269 764 26.681352
1447 256 141.091675
2177 2213 4.770032
573 597 116.270242
1025 473 55.034775
1026 1082 4.211900
1596 1511 140.500501
1323 1435 5.560799
743 2253 116.840273
328 103 63.264587
273 123 33.902692
354 370 71.498379
1456 834 46.285651
1346 1025 97.475095
585 2052 127.883892
1581 167 82.416976
546 2118 154.288250
1291 1060 46.241282
379 2310 140.054690
1679 1275 73.153462
1540 673 171.624758
2073 265 141.728852
1615 496 57.567402
1072 2183 109.358912
1820 1534 38.909883
1719 720 75.454392
984 588 29.296325
1561 1932 104.243607
1620 1452 9.143206
1806 78 101.581710
1510 1455 4.197118
1460 1818 121.475212
96 1330 90.017599
1451 422 133.373291
1845 1175 36.862646
213 1870 93.054070
32 1062 72.054037
28 307 51.160086
1557 1110 23.081587
1981 2033 4.315694
1807 2110 66.740294
226 318 8.916477
532 500 110.275123
709 1752 139.140179
1932 313 87.490157
1673 1502 17.358370
1405 940 110.767865
2322 817 119.037245
25 11 11.139298
2317 1415 91.278776
2325 12 160.894534
1622 1454 9.143203
92 153 9.406962
1677 566 79.339765
1287 2017 46.555153
1804 1692 6.210998
1119 906 70.625376
39 1906 140.201228
158 196 3.944324
6 482 53.194347
151 1102 57.441797
522 1260 72.540442
1884 2114 88.287615
155 715 38.734616
1461 1349 5.560799
1132 1084 54.555033
1418 1417 6.311144
1472 1692 26.789996
33 34 5.181401
2320 16 159.303036
438 606 10.168713
2073 1955 65.352342
522 771 121.624122
487 885 38.177852
210 1144 71.340918
1260 339 139.534749
1376 1797 137.319681
2337 96 160.368968
959 1379 179.999495
1396 1367 158.541243
353 1861 82.413303
418 1826 89.975930
62 112 14.225515
1163 1998 51.289340
150 232 21.609764
1121 1239 38.940810
1848 145 154.105814
2170 932 87.374813
1649 1199 25.656209
1510 788 50.086907
1047 1816 101.064955
1693 1385 143.507318
1069 1963 48.709426
1134 430 132.632863
1963 1958 23.816251
377 1859 167.767366
502 1206 141.677573
869 1535 46.286440
27 2221 146.761263
1288 1140 125.444988
1994 1996 9.702202
1787 875 107.987772
889 1795 76.452601
1519 1161 138.524250
540 400 106.541886
989 769 27.333605
1812 745 56.132266
821 1899 97.739588
438 382 4.330556
1366 280 136.561234
2073 37 129.947186
1153 1261 26.249850
31 64 26.148155
1903 2294 63.162116
2121 435 165.573993
1155 1714 29.095298
970 1777 141.423377
1479 502 150.742599
2006 1245 117.765338
1902 1309 128.702145
2284 24 163.251557
793 1030 81.252034
1369 1593 11.257800
1469 2244 97.554071
1173 1483 163.240216
327 2048 101.814494
704 594 13.079600
1978 997 145.338749
2317 548 108.975553
821 1096 37.412370
460 627 10.168496
1981 1980 4.790047
1536 1957 121.286370
1569 1714 121.159154
1930 422 80.068254
921 1451 167.514240
2082 668 153.421254
2072 424 150.806863
1063 703 142.463502
166 1951 129.647612
1925 1660 79.288607
1528 248 82.853103
971 1352 76.008480
2248 2275 3.605992
1289 1124 18.023180
966 247 56.717754
239 1793 87.383716
1288 784 25.136066
901 1663 142.010005
2290 1860 53.176008
693 294 68.755031
43 1751 131.261149
1317 1317 0.000001
1296 1124 30.035218
720 778 9.465965
184 1700 111.879290
1682 1530 96.733514
578 1067 89.865647
1912 151 153.943298
1662 1730 70.295885
2182 2247 7.882675
20 2027 125.852129
635 1519 87.050543
1726 1888 35.931603
316 2010 141.942423
59 1509 123.225458
1346 1178 8.815653
2338 2328 9.999412
231 103 59.660452
316 1765 80.235975
281 1493 90.155116
481 1373 51.902866
356 2189 148.994467
2320 1906 38.362615
155 1855 131.037197
266 1852 163.954864
120 67 9.537702
1724 1410 125.746928
1499 1160 25.239290
581 1420 42.680395
987 675 138.112832
1856 2192 31.354552
766 307 80.485660
49 1224 80.380590
2322 269 151.797236
269 270 4.915051
1139 630 37.681581
1818 870 51.633264
596 1514 142.644967
2308 2289 8.670079
61 86 4.936397
272 1958 130.020445
2288 2234 7.769593
1949 2053 10.681553
27 675 71.907621
2076 231 176.446079
709 1627 144.438707
630 703 94.998308
109 1983 108.281766
2240 2239 6.165238
2306 968 85.747389
1354 1298 4.211154
378 2313 124.109913
38 205 37.612424
2077 2289 28.515075
2120 2330 47.307986
1155 1213 10.018121
479 668 104.428888
1292 1961 40.197429
2027 1753 22.703534
1724 2186 40.794031
1579 1635 4.189504
48 1811 135.438523
1479 1311 8.891675
428 619 108.037523
508 286 32.589015
79 1706 102.838409
212 137 7.483830
1915 1972 8.191981
1823 1823 0.000000
1195 1085 13.952259
1129 1241 5.458805
1518 892 73.252469
1673 1504 9.272514
1870 1815 4.226698
544 1266 50.082851
171 568 40.160187
499 1847 73.725506
76 425 68.870718
1219 1786 51.200631
27 14 3.442706
2256 2008 41.574476
274 2120 174.256040
541 1893 84.673036
105 134 10.447370
1071 1477 88.193155
1624 1488 133.586776
1784 483 100.498869
1184 637 84.349394
478 1846 158.956016
1201 952 157.911848
1177 1102 125.311208
1201 1235 144.551467
113 2037 111.821222
1309 1902 128.702145
696 1490 77.942337
1541 1721 72.686457
194 25 37.612424
1479 676 124.674465
630 124 81.119509
1139 764 107.167253
216 256 17.615120
2178 2213 3.760384
516 597 114.143896
1024 473 59.868615
916 1082 12.618879
1540 1511 143.788948
1378 1435 4.201841
1106 2253 89.939992
106 103 15.170246
377 123 32.534327
2203 370 123.618811
1599 834 125.468420
1877 1025 85.150884
1012 2052 110.522201
163 167 19.951371
799 2118 75.745168
1374 1060 141.459622
277 2310 147.149811
1288 1275 83.106465
1596 673 175.811896
155 265 55.099201
1439 496 75.552498
1492 2183 60.894174
867 1534 45.895710
1794 720 79.546462
1599 588 54.126329
1194 1932 71.131086
1508 1452 4.197118
549 78 78.203074
1679 1455 11.603000
1229 1818 145.142524
330 1330 63.588542
1058 422 117.515230
1959 1175 41.809995
139 1870 98.629721
2321 1062 85.701460
194 307 74.057301
1613 1110 25.317733
65 2033 144.697135
214 2110 149.355141
225 318 7.135803
1766 500 150.394316
655 1752 148.434478
2063 313 169.773559
1495 1502 43.028606
1906 940 94.283410
12 817 64.027764
2347 11 166.626096
1471 1415 4.201651
10 12 11.291315
1398 1454 4.201620
1 153 27.945064
1018 566 33.443372
1651 2017 107.710300
1636 1692 4.187709
1832 906 154.416292
1907 1906 5.048011
159 196 4.902153
539 482 4.226718
2285 1102 111.814187
2005 1260 105.032140
1886 2114 86.086757
122 715 42.494878
1181 1349 8.815637
906 1084 66.879616
1306 1417 8.418933
683 1692 51.132685
19 34 4.047502
174 16 40.349365
775 606 9.433051
122 1955 108.078286
140 771 90.551480
885 885 0.000001
374 1144 90.572702
1400 339 56.796290
810 1797 137.944260
126 96 3.575245
1279 1379 76.373148
983 1367 53.817765
304 1861 90.091620
735 1826 166.333277
1812 112 104.869021
1214 1998 43.348782
2078 232 174.587403
1568 1239 47.016781
1722 145 108.640243
428 932 27.417307
1430 1199 43.598065
621 788 12.560262
428 1816 100.101575
1698 1385 133.999989
1168 1963 75.748413
1695 430 150.010435
1015 1958 70.630715
153 1859 151.711539
1094 1206 5.458805
1068 1535 122.325962
276 2221 121.053827
1623 1140 129.311247
1715 1996 18.973714
1030 875 81.856701
1479 1795 113.024093
347 1161 130.913113
1107 400 121.560166
543 769 16.747164
306 745 33.765825
317 1899 128.872442
328 382 4.976119
1252 280 133.511788
192 37 47.110990
1510 1261 150.834011
2233 64 163.221256
1198 2294 87.230057
490 435 4.266106
1028 1714 96.709348
1163 1777 35.060659
889 502 38.177544
2004 1245 124.672773
1677 1309 142.196863
2283 24 166.716804
959 1030 91.563234
1201 1593 19.724477
1414 2244 98.357992
727 1483 170.856772
375 2048 91.285025
1673 594 104.396453
213 997 114.902937
2215 548 95.753879
144 1096 59.051232
1869 627 87.650024
3 1980 128.472967
1534 1957 118.928850
1625 1714 120.464646
1647 422 72.205677
782 1451 38.284436
441 668 20.762309
2300 424 136.884813
951 703 138.177910
2302 1951 42.795460
370 1660 67.777469
1471 248 76.067474
1030 1352 91.169360
2218 2275 7.181627
1179 1124 4.215634
572 247 31.319122
2193 1793 33.844092
1345 784 28.399592
1507 1663 74.484857
384 1860 139.669507
1245 294 59.891035
150 1751 140.987786
1208 1317 19.957665
904 1124 27.699380
863 778 142.703178
214 1700 81.485350
1399 1530 116.493372
307 1067 106.897836
715 151 41.051210
762 1730 112.845264
2180 2247 8.583898
233 2027 166.816128
1336 1519 96.780254
1724 1888 25.945392
307 2010 172.615618
94 1509 85.796948
1288 1178 13.952262
2347 2328 6.229111
77 103 5.537429
146 1765 92.445506
654 1493 42.095447
368 1373 55.690794
655 2189 118.845805
124 1906 109.477994
192 1855 132.289974
315 1852 168.817641
27 67 11.592255
905 1410 26.538544
1549 1160 29.419913
653 1420 109.097357
860 675 102.057678
1528 2192 71.234384
48 307 57.644422
1168 1224 4.216397
233 269 42.170835
184 270 8.645068
1497 630 166.766309
1765 870 45.779483
2070 1514 41.877207
2235 2289 8.573970
63 86 8.255979
174 1958 147.151071
2286 2234 10.614452
2002 2053 3.635675
731 675 4.187868
380 231 13.463785
1915 1627 43.971226
799 703 96.565104
59 1983 115.859487
2171 2239 6.950137
968 968 0.000001
1187 1298 8.430464
2269 2313 7.465930
104 205 19.011683
2265 2289 3.941005
231 2330 132.998058
1324 1213 8.425522
1238 668 68.211921
1714 1961 103.739409
544 1753 149.354047
1733 2186 33.707226
1524 1635 8.378816
123 1811 148.232900
1480 1311 8.892006
1785 619 87.867017
1005 286 41.376466
1917 1706 69.833551
171 137 6.650741
2024 1972 6.628910
1935 1823 6.960000
1139 1085 16.259863
1185 1241 4.215654
285 892 35.723789
1336 1504 8.956032
1814 1815 5.474826
227 1266 60.378855
124 568 62.524281
1559 1847 50.342155
39 425 42.741295
2222 1786 34.321134
121 14 19.149195
603 2008 83.274306
2074 2120 5.744163
175 1893 153.145541
106 134 15.573911
1091 1477 45.714924
1149 1488 25.239248
594 483 8.426332
1143 637 27.300933
1422 1846 128.097169
1596 952 168.587601
952 1102 117.726383
1540 1235 150.811385
1107 2037 108.422522
1205 1902 135.313018
1038 1490 33.666985
1063 1721 92.599594
378 25 42.585620
1729 676 84.263305
2034 124 162.411607
1383 764 37.664789
2254 256 145.066451
2212 2213 5.097556
1579 597 167.439851
1559 473 141.743752
1083 1082 6.398762
1201 1511 159.113130
1211 1435 11.044596
98 2253 133.201493
769 103 93.542798
65 123 19.360885
83 370 37.499764
1544 834 122.159848
1454 1025 123.055247
533 2052 111.680375
596 167 91.993005
182 2118 152.889877
809 1060 154.863943
11 2310 156.560000
1202 1275 109.194809
1399 673 37.552307
378 265 55.130359
971 496 133.766189
1196 2183 119.006181
1792 1534 121.071111
1687 720 102.128315
1456 588 165.036005
1963 1932 94.585464
1453 1452 6.242971
1807 78 101.437898
2016 1455 37.493452
1455 1818 134.220691
1330 1330 0.000001
2131 422 92.015479
1934 1175 134.711226
660 1870 142.917019
1118 1062 4.214085
192 307 71.180824
1614 1110 25.317855
2034 2033 4.855543
1806 2110 63.067432
224 318 8.916477
339 500 27.039810
2192 1752 61.332734
2013 313 170.297485
1078 1502 152.460408
977 940 118.452900
33 817 86.790190
152 11 33.002748
1472 1415 4.201604
2347 12 164.131875
1567 1454 8.387540
2349 153 146.946346
506 566 19.061748
1877 2017 94.788208
1860 1692 9.870722
1431 906 136.361391
1961 1906 4.329534
4 196 38.177079
5 482 49.183570
2025 1102 135.217500
743 1260 86.171370
1406 2114 41.793016
2073 715 145.176303
1517 1349 8.955683
873 1084 79.360486
1528 1417 8.398756
2054 1692 100.420298
101 34 10.722320
2201 16 158.749377
719 606 8.377480
378 1955 98.561040
2005 771 68.697796
829 885 4.196712
157 1144 115.878638
1627 339 68.729608
2063 1797 32.010262
95 96 5.129283
793 1379 167.412570
1597 1367 42.543451
296 1861 86.351575
1132 1826 134.086302
802 112 63.642237
856 1998 139.909841
89 232 20.778349
809 1239 115.117387
1777 145 107.099060
1698 932 120.709117
1538 1199 25.239414
807 788 111.211297
1698 1816 34.288238
428 1385 59.278981
419 1963 160.906083
691 430 96.442639
1561 1958 37.312537
1972 1859 8.588808
1258 1206 25.684422
1960 1535 114.476749
54 2221 153.656518
1317 1140 58.723463
1668 1996 40.421845
861 875 83.095785
1373 1795 136.439511
1254 1161 125.310625
251 400 18.894188
821 769 21.569788
665 745 127.482865
144 1899 148.304468
381 382 4.790775
562 280 53.509248
378 37 60.014338
975 1261 41.764929
2329 64 150.333859
1795 2294 73.732648
325 435 7.529187
1664 1714 31.565921
856 1777 154.668791
1373 502 150.373230
607 1245 132.656680
1701 1309 20.148644
24 24 -1.#IND00
1115 1030 167.317767
1536 1593 4.191407
1585 2244 85.949794
838 1483 175.803201
52 2048 154.434703
1078 594 120.027849
139 997 107.122498
2243 548 107.399863
930 1096 17.950173
765 627 129.636765
1980 1980 0.000000
981 1957 140.968436
1562 1714 88.862526
2038 422 86.264682
1071 1451 81.994006
464 668 100.201000
1916 424 140.154594
1627 703 179.999703
180 1951 140.045283
242 1660 135.432620
846 248 37.084888
861 1352 89.290791
2217 2275 7.181627
1291 1124 8.800820
1811 247 107.508096
160 1793 92.867594
1346 784 30.443985
1790 1663 82.049627
58 1860 118.457454
1422 294 102.117315
272 1751 145.751642
1150 1317 12.641278
1204 1124 154.315681
1375 778 120.744121
1806 1700 34.287397
1286 1530 124.581501
239 1067 58.779139
1891 151 99.410053
1215 1730 74.583685
2101 2247 15.499905
33 2027 127.677589
875 1519 175.802964
1780 1888 22.027481
721 2010 69.695761
2081 1509 108.245002
1402 1178 10.981007
2310 2328 11.422539
169 103 7.139782
2208 1765 31.435170
320 1493 62.080472
1419 1373 62.972237
2097 2189 49.770625
157 1906 108.792779
28 1855 132.083536
143 1852 144.674312
1 67 17.111345
1506 1410 98.911726
682 1160 150.249919
1104 1420 125.204667
2190 675 85.760391
1471 2192 68.779279
2081 307 98.916760
1112 1224 5.458805
12 269 32.217757
318 270 4.398869
1383 630 154.891721
1453 870 148.805183
180 1514 139.541209
2290 2289 5.154920
2266 86 137.790893
374 1958 124.615302
2261 2234 9.813077
2003 2053 5.454967
563 675 6.211202
22 231 45.410504
2195 1627 43.661280
440 703 88.004944
521 1983 84.417203
2348 2239 24.984755
1025 968 4.207744
1131 1298 8.800820
2073 2313 52.117937
167 205 4.543444
2310 2289 4.732374
2198 2330 40.349449
1436 1213 12.740613
986 668 109.073251
1227 1961 54.063775
193 1753 151.608667
1927 2186 82.154412
2308 1635 55.970699
53 1811 112.054845
1312 1311 6.399723
1047 619 120.027604
1827 286 134.817012
23 1706 105.346045
78 137 7.769597
1918 1972 8.191996
1878 1823 8.453009
1029 1085 4.211158
1352 1241 8.425137
1074 892 91.806845
1672 1504 9.272812
1816 1815 5.475685
193 1266 88.847322
491 568 99.584429
794 1847 83.937563
2333 425 134.642315
2114 1786 56.866995
2335 14 174.828865
99 2008 120.131670
2075 2120 3.553524
354 1893 171.917616
769 134 97.100351
476 1477 66.730302
644 1488 50.553748
1783 483 96.072976
1240 637 88.476648
2063 1846 14.834251
1540 952 170.962163
1877 1102 67.177438
1286 1235 28.980076
2155 2037 70.509984
1119 1902 41.405446
473 1490 79.212021
1370 1721 94.459508
28 25 14.791393
641 676 112.850767
881 124 63.138952
1268 764 25.136104
2212 256 144.193268
2095 2213 10.441471
465 597 99.519770
499 473 106.358964
1138 1082 4.214834
1371 1511 154.981792
1267 1435 8.891767
140 2253 165.709085
105 103 10.204519
93 123 4.605067
97 370 65.630576
557 834 20.919380
1177 1025 99.543157
1368 2052 102.198606
2126 167 129.150801
319 2118 166.470782
1428 1060 156.334965
376 2310 134.625539
1667 1275 20.148688
1286 673 34.570189
28 265 42.730348
861 496 128.187300
1014 2183 103.934124
1377 1534 68.583576
1251 720 158.223369
1544 588 52.611507
446 1932 167.210303
1396 1452 4.201628
712 78 86.948659
1624 1455 12.573248
1885 1818 56.960315
2030 1330 122.100801
1436 422 63.322679
1989 1175 132.993361
542 1870 114.608458
1919 1062 105.985179
378 307 77.903369
687 1110 146.246364
120 2033 151.773124
384 2110 104.627947
227 318 12.842141
591 500 103.778155
2195 1752 46.334317
2062 313 164.936094
973 1502 160.458947
1230 940 62.273905
328 817 70.528624
231 11 40.786998
1360 1415 4.207262
64 12 16.062201
1342 1454 5.560799
46 153 16.041263
1902 566 84.672560
1762 2017 99.955625
1635 1692 4.187737
1537 906 102.940412
2015 1906 7.429755
157 196 7.965615
426 482 4.266109
119 1102 62.092498
995 1260 93.947875
361 2114 144.663018
28 715 54.216551
1350 1349 6.361991
1301 1084 46.241282
1360 1417 9.901454
2168 1692 58.881411
35 34 5.181401
433 16 45.979456
493 606 8.426552
1955 1955 0.000000
98 771 72.208590
940 885 4.202696
2320 1144 103.370219
1572 339 66.396521
1035 1797 137.221628
153 96 29.114976
1193 1379 115.210165
979 1367 34.596355
131 1861 104.907963
734 1826 167.542709
113 112 5.097572
1896 1998 41.391904
43 232 26.343052
1374 1239 148.119650
1779 145 112.789502
305 932 90.300642
1261 1199 38.897256
1040 788 154.863866
238 1816 158.899239
1694 1385 143.507350
1759 1963 95.231965
1499 430 64.092016
1194 1958 117.692736
1915 1859 4.266679
1209 1206 19.263712
727 1535 155.113867
2221 2221 0.000000
1139 1140 6.420711
1548 1996 26.689987
2015 875 136.924273
642 1795 154.826058
1534 1161 120.653887
665 400 80.043095
853 769 143.789191
608 745 125.873859
930 1899 109.350462
2348 382 130.806329
1718 280 92.251510
2350 37 165.580816
1767 1261 27.641216
154 64 18.577127
1790 2294 68.235845
603 435 10.168558
1252 1714 91.523067
1214 1777 34.099464
642 502 116.713201
2194 1245 64.112942
1706 1309 34.107260
2258 24 162.811751
650 1030 74.916988
1706 1593 8.375331
1663 2244 41.850460
1284 1483 155.008164
33 2048 150.008664
591 594 16.940421
492 997 26.799607
2178 548 96.373578
581 1096 72.183631
1280 627 120.734784
2033 1980 4.315694
859 1957 138.497251
1792 1714 108.004654
1878 422 76.493592
1087 1451 171.108328
81 668 84.398501
2276 424 129.524824
1122 703 153.170803
203 1951 121.689436
1222 1660 65.670395
101 248 14.441385
738 1352 34.418965
2316 2275 7.465930
1237 1124 8.432056
2190 247 116.683196
1335 1793 63.855719
1402 784 34.322059
1795 1663 104.795900
184 1860 145.658065
1870 294 119.125719
124 1751 136.513649
1318 1317 6.362526
761 1124 156.917979
1549 778 90.664241
384 1700 163.353389
1596 1530 60.442587
878 1067 134.285313
1413 151 130.615422
855 1730 137.047900
2297 2247 6.844041
2322 2027 34.648313
1419 1519 74.706517
1664 1888 12.869990
2208 2010 68.963006
109 1509 129.045312
1234 1178 4.215654
152 2328 144.970028
54 103 7.634613
707 1765 67.187019
823 1493 35.540446
637 1373 63.415812
2195 2189 29.338957
150 1906 141.067364
378 1855 144.436545
2227 1852 28.909052
16 67 11.511566
1126 1410 31.880710
1886 1160 41.004680
1582 1420 41.095224
570 675 39.762050
1056 2192 86.359928
2117 307 124.346898
601 1224 50.783006
78 269 54.311290
320 270 7.728494
1408 630 54.252999
1431 870 28.274116
1981 1514 100.926256
2237 2289 7.769593
41 86 7.010280
89 1958 131.376487
2164 2234 7.483731
1892 2053 10.848827
620 675 9.123631
23 231 41.632402
655 1627 136.047684
482 703 20.952402
123 1983 155.273013
2311 2239 10.286103
969 968 6.311152
430 1298 147.088483
2328 2313 5.036630
235 205 54.216230
2308 2289 8.670079
2160 2330 43.943251
931 1213 16.733692
623 668 64.910537
839 1961 59.608445
2287 1753 41.410003
1667 2186 47.752668
1746 1635 8.377946
766 1811 127.005068
1368 1311 4.211897
2114 619 81.979418
1567 286 68.639904
18 1706 124.141513
55 137 10.604935
2120 1972 11.404028
1768 1823 4.226872
1141 1085 4.214085
1408 1241 8.846071
1155 892 105.597548
1450 1504 9.724561
1702 1815 8.392393
88 1266 72.843245
157 568 66.212746
1024 1847 107.847345
104 425 68.175566
369 1786 121.666814
91 14 14.652604
441 2008 83.924120
1973 2120 10.787255
83 1893 134.675383
327 134 68.179170
1674 1477 140.350862
1480 1488 52.653613
1726 483 91.935494
903 637 86.244695
1376 1846 121.400263
1482 952 164.060043
1120 1102 115.507709
1371 1235 152.117487
802 2037 77.656688
1818 1902 110.165011
926 1490 37.516416
868 1721 93.755066
2073 25 148.766599
943 676 76.690720
1864 124 144.674320
1040 764 25.995476
457 256 43.562671
2049 2213 14.897758
2053 597 85.359629
794 473 82.908540
1023 1082 22.504030
1482 1511 148.165439
1266 1435 8.891766
1804 2253 58.783623
375 103 71.717922
2073 123 146.097093
175 370 53.416232
1962 834 75.233329
1762 1025 69.330928
1718 2052 28.762182
304 167 39.517156
2248 2118 57.227736
1708 1060 146.512824
8 2310 166.602174
1726 1275 29.358124
1554 673 103.782521
192 265 56.266443
2045 496 115.881929
1797 2183 66.546545
1512 1534 129.521874
953 720 56.256762
1984 588 74.153563
1560 1932 100.627819
1566 1452 13.565405
2297 78 176.582014
1962 1455 34.152427
1710 1818 25.173386
1218 1330 5.483798
1167 422 107.490073
388 1175 45.289251
71 1870 141.852049
894 1062 8.891760
155 307 68.456862
910 1110 149.624552
21 2033 126.568579
549 2110 106.280988
186 318 13.597180
704 500 104.797174
1051 1752 156.233079
1958 313 165.097424
795 1502 134.209194
1145 940 123.942476
44 817 62.169984
2338 11 163.585493
1303 1415 5.516006
152 12 28.449157
1286 1454 8.891660
27 153 17.927930
1535 566 117.519982
1483 2017 114.613084
1693 1692 5.807195
1738 906 62.889456
2335 1906 43.491030
125 196 7.132609
370 482 6.960402
1 1102 86.171501
1925 1260 54.556964
1837 2114 70.699851
715 715 0.000000
1462 1349 8.408482
741 1084 46.599302
1918 1417 33.880427
2104 1692 87.232255
76 34 7.466279
1972 16 137.023542
440 606 12.676821
28 1955 122.486708
370 771 51.033168
774 885 8.387595
272 1144 87.588089
868 339 120.038721
1996 1797 99.243652
69 96 7.547060
1114 1379 93.672828
1655 1367 51.773444
2257 1861 39.793236
613 1826 130.999016
456 112 72.345454
798 1998 150.346878
1972 232 161.741021
585 1239 113.210965
1666 145 104.542264
238 932 85.327132
1543 1199 51.080082
1153 788 158.355073
1785 1816 114.238166
369 1385 70.778330
1002 1963 74.834149
1158 430 38.360809
1560 1958 41.737436
1971 1859 6.960000
1200 1206 35.448609
2014 1535 111.353739
2187 2221 3.760384
1140 1140 0.000000
1616 1996 62.498441
1899 875 108.488977
2013 1795 22.421177
1793 1161 98.203790
885 400 105.080827
2194 769 131.357509
470 745 29.383579
2004 1899 25.852399
2163 382 162.574925
587 280 87.981775
232 37 50.088941
1489 1261 27.538908
229 64 17.896462
901 2294 120.075875
659 435 12.869700
1142 1714 82.850517
798 1777 166.574310
2013 502 80.490394
317 1245 121.679981
1433 1309 73.122756
2257 24 165.630679
514 1030 72.152625
1592 1593 6.060021
2003 2244 33.333464
1068 1483 144.210805
105 2048 155.883395
792 594 131.193720
71 997 73.274678
2177 548 99.332473
607 1096 97.148997
1800 627 63.729787
1470 1980 45.692093
1519 1957 59.973149
1734 1714 104.794186
1703 422 76.323711
1091 1451 150.326679
2219 668 90.581225
1141 424 73.227651
1572 703 175.811383
2240 1951 62.158955
405 1660 146.609618
1955 248 117.859934
679 1352 34.168112
2183 2275 10.330193
1235 1124 8.431271
468 247 56.969064
1838 1793 55.469968
1121 784 17.882107
1060 1663 89.449161
2301 1860 56.647388
1704 294 118.833908
656 1751 159.734294
1373 1317 4.207498
1394 1124 62.272990
586 778 123.297315
549 1700 161.979059
1540 1530 57.839792
721 1067 64.175246
2221 151 135.742882
689 1730 148.434232
2054 2247 18.530808
77 2027 115.572717
469 1519 97.740097
1611 1888 24.948431
707 2010 117.847164
123 1509 84.061481
1235 1178 4.216406
2198 2328 35.029585
167 103 9.854144
239 1765 151.364086
175 1493 112.379005
1336 1373 116.280969
1051 2189 87.401557
656 1906 124.972029
2073 1855 22.087458
385 1852 100.307796
121 67 7.181627
1733 1410 79.200925
1134 1160 169.981789
2255 1420 88.597649
765 675 121.542999
537 2192 151.611915
2277 307 159.109463
1225 1224 6.421697
769 269 44.869119
371 270 7.233727
1328 630 154.734136
1119 870 154.737116
1581 1514 63.832527
2338 2289 10.281261
2301 86 164.691583
491 1958 100.307018
2165 2234 7.132507
1780 2053 17.487927
729 675 9.305376
325 231 7.147656
1971 1627 46.870741
652 703 26.567507
48 1983 148.564208
2132 2239 8.598996
1080 968 5.515603
1356 1298 9.959935
232 2313 136.142000
247 205 4.380541
2235 2289 8.573970
191 2330 137.035423
1154 1213 16.295490
694 668 127.747833
2041 1961 89.144995
2344 1753 61.773874
1905 2186 33.693785
1581 1635 9.465249
92 1811 144.297758
1424 1311 8.418933
1698 619 104.396205
1147 286 128.067494
2327 1706 51.232048
302 137 14.022306
1692 1972 16.646181
1933 1823 12.232761
1365 1085 14.048764
1130 1241 8.432056
818 892 106.747976
1615 1504 8.379502
1927 1815 6.658992
1322 1266 4.211386
656 568 117.965194
1025 1847 113.107736
2328 425 118.604753
403 1786 126.311785
2337 14 174.828864
81 2008 155.597400
3 2120 140.323837
102 1893 139.743225
33 134 18.528746
1756 1477 14.964032
1344 1488 142.121771
764 483 15.639518
1199 637 30.985736
1873 1846 110.041577
1402 952 25.408350
1454 1102 103.133279
1596 1235 150.378212
885 2037 125.161094
1316 1902 132.018493
1421 1490 80.807438
1034 1721 102.345681
232 25 34.497494
1004 676 51.772786
2145 124 120.031174
975 764 77.377870
956 256 81.122043
2244 2213 3.828648
247 597 97.772294
1954 473 167.210524
1078 1082 25.596108
1092 1511 165.772071
1379 1435 4.201843
2101 2253 33.087266
327 103 64.654105
122 123 5.097572
102 370 71.042383
1574 834 81.089274
952 1025 103.991520
1291 2052 97.924470
180 167 57.596447
429 2118 163.530867
1012 1060 47.923409
2310 2310 0.000001
1671 1275 29.336963
1201 673 146.588002
1902 265 159.623200
1030 496 135.982356
1809 2183 88.719143
1231 1534 145.505957
617 720 52.123014
1234 588 152.699171
1015 1932 130.188831
1619 1452 9.143519
69 78 37.120789
1568 1455 8.388242
1589 1818 31.282119
489 1330 43.170219
2151 422 158.738759
1658 1175 132.353005
492 1870 148.546740
1006 1062 4.211158
307 307 0.000001
1633 1110 123.543317
1925 2033 7.199006
70 2110 123.943970
317 318 4.855650
817 500 104.782392
1915 1752 30.906446
1959 313 169.522995
1055 1502 22.964316
671 940 65.098466
2124 817 107.161678
2325 11 160.689023
1302 1415 8.418965
43 12 12.453187
1621 1454 9.143206
16 153 23.555685
1118 566 56.257714
1454 2017 44.501963
1580 1692 5.905999
1562 906 106.446721
235 1906 107.329264
124 196 7.981274
594 482 6.412995
1101 1102 6.421300
218 1260 63.074917
1549 2114 105.662037
547 715 9.629500
1180 1349 8.815653
1700 1084 30.999832
1472 1417 9.822743
2149 1692 74.260906
189 34 46.006480
488 16 49.800464
605 606 5.652615
1899 1955 4.329548
1106 771 17.881970
1222 885 17.692097
491 1144 116.560031
1370 339 137.717423
1830 1797 105.712370
71 96 5.537423
852 1379 148.320264
1026 1367 35.998265
166 1861 100.532072
1702 1826 68.339617
577 112 56.077427
1950 1998 33.200705
2247 232 119.108147
1368 1239 108.646155
1778 145 109.875869
1694 932 143.611031
978 1199 22.088967
1174 788 39.743028
2114 1816 79.789464
238 1385 83.985392
392 1963 85.414890
1697 430 140.089521
1362 1958 109.369286
2024 1859 10.637729
1205 1206 6.421229
838 1535 161.525181
324 2221 120.145615
1083 1140 4.214118
1109 1996 65.644982
971 875 96.566814
680 1795 64.710996
1789 1161 76.359893
2155 400 99.842797
2180 769 79.049869
1079 745 20.997300
581 1899 167.549211
493 382 8.589592
1872 280 151.502635
21 37 5.036659
1459 1261 158.511515
323 64 25.137568
1507 2294 78.636188
772 435 19.587250
918 1714 88.298837
805 1777 132.480473
680 502 52.875277
930 1245 137.751457
1932 1309 53.974739
12 24 3.442705
852 1030 60.025890
1311 1593 16.861310
1248 2244 103.805155
669 1483 163.248563
2124 2048 68.249727
795 594 124.532766
542 997 47.856678
2244 548 103.853360
2006 1096 100.601115
1001 627 110.669090
1923 1980 8.191981
1304 1957 109.344800
1175 1714 128.447068
1211 422 50.598941
592 1451 121.769107
603 668 48.407459
1309 424 76.100760
1370 703 46.218617
163 1951 116.327396
522 1660 121.913645
584 248 71.558720
1615 1352 101.473875
2235 2275 46.605592
1346 1124 16.856982
452 247 19.595219
721 1793 71.018438
952 784 9.038027
1903 1663 83.833371
177 1860 112.496961
1926 294 119.440108
157 1751 140.698938
1263 1317 16.189687
1788 1124 59.630642
1406 778 84.747647
254 1700 81.268681
1554 1530 134.069302
1838 1067 87.876676
1898 151 112.006497
360 1730 160.850473
1948 2247 25.206260
328 2027 165.469547
481 1519 158.433825
1612 1888 29.382924
993 2010 83.655879
48 1509 90.121691
1290 1178 5.465001
2232 2328 30.159089
102 103 5.129283
307 1765 88.214156
83 1493 98.488140
1278 1373 107.735520
1915 2189 50.807233
43 1906 137.555579
232 1855 138.290343
719 1852 97.627955
2344 67 158.810329
1386 1410 146.304117
1837 1160 45.983568
462 1420 62.809538
1672 675 85.070372
471 2192 138.554055
92 307 61.130068
1223 1224 6.420700
77 269 57.381104
187 270 13.341099
807 630 50.321659
1309 870 57.534198
163 1514 76.176596
2266 2289 7.546801
2255 86 174.870816
656 1958 108.872902
2309 2234 11.897127
1781 2053 18.465244
561 675 12.881369
2198 231 171.380185
1627 1627 0.000000
182 703 33.699100
94 1983 153.812021
2170 2239 7.981180
1024 968 4.207043
1467 1298 8.891660
155 2313 145.177957
204 205 5.017213
2237 2289 7.769593
276 2330 129.444817
1214 1213 6.421300
1029 668 141.520750
1097 1961 136.020458
91 1753 140.733106
1936 2186 65.863306
1522 1635 8.379502
2117 1811 48.033107
1647 1311 16.928000
305 619 79.964291
919 286 114.525593
57 1706 100.932348
79 137 7.181627
1691 1972 18.261551
1877 1823 13.331007
1083 1085 12.798323
1409 1241 8.846086
1965 892 78.962456
1728 1504 11.835001
54 1815 113.888084
1155 1266 8.430160
2320 568 111.024047
343 1847 88.543768
2335 425 137.989937
318 1786 116.115091
26 14 5.036659
381 2008 91.121962
5 2120 148.864331
463 1893 169.910854
78 134 11.769958
1438 1477 104.765755
1179 1488 162.229548
1525 483 141.089823
1660 637 104.396711
1124 1846 50.109547
1092 952 165.921989
1483 1102 71.996622
1399 1235 23.793514
665 2037 150.074354
1738 1902 25.945315
1774 1490 25.331170
1122 1721 105.416304
2350 25 169.860487
889 676 66.928923
182 124 51.662794
1382 764 34.322239
2115 256 121.786377
2139 2213 7.483731
298 597 100.935564
1195 473 50.170529
911 1082 23.665068
1402 1511 19.540937
1549 1435 13.565484
1222 2253 75.165101
33 103 15.047929
94 123 4.179072
281 370 59.471287
473 834 123.115837
1483 1025 67.475319
1252 2052 120.109192
353 167 33.727498
2299 2118 46.557848
585 1060 142.820266
2289 2310 4.732374
1501 1275 16.813650
1682 673 51.132565
1734 265 153.918544
1327 496 71.864976
2062 2183 32.066598
955 1534 123.706858
736 720 92.584970
473 588 21.122942
1362 1932 67.818300
1338 1452 13.785849
177 78 25.416213
1907 1455 33.424222
1818 1818 0.000000
1497 1330 8.955795
1027 422 69.808243
1282 1175 32.555114
1758 1870 6.413001
949 1062 8.417943
259 307 4.041466
1394 1110 31.880720
2167 2033 11.013906
1805 2110 59.301583
3 318 44.653286
1210 500 115.070034
1971 1752 29.257839
1957 313 160.600539
627 1502 137.048102
1208 940 81.072182
375 817 41.502534
38 11 6.959378
1528 1415 8.398060
119 12 25.126755
1399 1454 9.822723
2162 153 176.512253
616 566 30.645904
1595 2017 109.357695
22 1692 109.769119
1205 906 121.835308
2066 1906 11.590454
237 196 4.680917
540 482 8.696593
932 1102 12.632208
98 1260 118.980493
1187 2114 61.015502
714 715 5.943386
1404 1349 4.207294
1069 1084 95.847810
1138 1417 14.078411
887 1692 136.264942
88 34 36.949731
322 16 40.667450
439 606 10.168494
1900 1955 4.329977
218 771 84.412191
1053 885 8.891760
656 1144 100.393618
1034 339 122.428065
1308 1797 95.287601
94 96 10.204137
985 1379 24.982591
639 1367 36.781304
2022 1861 23.675042
1365 1826 82.693615
2303 112 167.200640
2001 1998 14.530540
272 232 24.302891
1708 1239 129.216645
1470 145 109.427522
1693 932 149.084911
1652 1199 37.742688
1542 788 167.881238
305 1816 83.199710
2170 1385 86.542810
1365 1963 100.782066
461 430 101.475597
2015 1958 14.902903
1917 1859 8.452367
1207 1206 6.421300
806 1535 37.297307
2251 2221 3.828668
1195 1140 4.215666
1102 1996 48.417577
1615 875 86.576288
1729 1795 52.283233
1536 1161 108.452023
306 400 56.387539
607 769 39.021735
211 745 34.349359
607 1899 69.925875
440 382 8.191608
809 280 104.015224
57 37 4.449949
1768 1261 30.150378
64 64 0.000000
1594 2294 62.362943
658 435 13.971147
1490 1714 11.835001
1896 1777 37.125561
1729 502 70.189304
770 1245 162.117908
1598 1309 58.267457
2229 24 159.002129
1020 1030 63.548936
1198 1593 25.046460
1898 2244 52.943252
806 1483 45.894250
328 2048 104.204214
1766 594 66.036241
1670 997 34.168032
2282 548 127.887302
1021 1096 121.277354
882 627 135.015546
1925 1980 4.329543
612 1957 70.497625
1395 1714 101.209543
1900 422 149.933082
500 1451 49.478222
381 668 38.014636
1140 424 78.227154
868 703 23.022517
149 1951 116.610342
2101 1660 51.470290
2153 248 113.470257
1740 1352 29.296376
2264 2275 42.832905
1294 1124 18.024096
1672 247 113.694037
878 1793 124.394809
1064 784 14.351503
1484 1663 63.012512
68 1860 136.782117
1846 294 98.598809
89 1751 138.081000
1232 1317 167.317485
474 1124 125.721302
1295 778 88.803044
70 1700 132.436792
1201 1530 47.341331
1335 1067 81.290095
2003 151 108.306120
1470 1730 112.385515
2000 2247 21.654466
105 2027 111.912707
536 1519 154.669004
1501 1888 37.751211
1050 2010 75.284191
2277 1509 54.860408
1177 1178 6.427989
23 2328 160.615281
2163 103 124.983349
2193 1765 85.828048
255 1493 127.300817
1351 1373 139.925204
1971 2189 49.660080
374 1906 138.714778
2350 1855 51.813490
84 1852 145.773424
68 67 5.154940
1833 1410 130.659941
1187 1160 173.571898
317 1420 95.231524
452 675 13.970946
648 2192 145.803271
2141 307 143.648178
1113 1224 8.432039
106 269 53.546033
116 270 14.022306
1503 630 148.165835
504 870 130.521663
203 1514 73.846510
2325 2289 8.575675
2252 86 160.028612
43 1958 134.625216
2200 2234 7.167352
1947 2053 7.311065
507 675 9.870733
328 231 14.942010
2097 1627 91.023150
708 703 29.661067
2141 1983 67.584355
2268 2239 8.573973
744 968 11.412102
1409 1298 8.418949
194 2313 145.339943
132 205 6.950239
2290 2289 5.154920
154 2330 140.587188
876 1213 17.692279
1675 668 51.132683
1007 1961 52.146583
2323 1753 50.754969
1506 2186 42.968804
1690 1635 9.305299
94 1811 144.297760
1200 1311 8.430447
269 619 100.738995
1031 286 119.890617
1706 1706 0.000000
256 137 12.132122
1858 1972 12.232663
2285 1823 66.729294
1310 1085 12.675633
1464 1241 12.740362
1449 892 33.520756
1730 1504 16.741345
1704 1815 8.392989
1377 1266 8.418653
272 568 98.631402
1195 1847 120.774637
15 425 49.464525
269 1786 119.618545
46 14 11.422323
464 2008 150.334071
2346 2120 31.561091
281 1893 89.423478
375 134 75.168830
803 1477 35.573078
1064 1488 152.460763
1898 483 112.947425
1612 637 150.437989
1772 1846 92.225221
1554 952 96.625703
1762 1102 77.262845
1682 1235 23.477693
2185 2037 72.555012
1431 1902 119.898199
1234 1490 145.505363
1572 1721 104.022071
2309 25 156.691353
337 676 30.811390
651 124 70.016802
1328 764 37.522878
1532 256 70.116510
1999 2213 20.249110
345 597 105.650023
740 473 69.055633
1136 1082 16.260854
1554 1511 81.610880
1547 1435 5.697001
242 2253 119.293215
12 103 30.299891
90 123 19.387397
541 370 16.400277
558 834 25.331544
1595 1025 69.067608
1737 2052 72.519487
203 167 12.909694
1048 2118 132.049958
1368 1060 175.788843
2231 2310 25.713992
1724 1275 23.766914
1371 673 158.914110
1845 265 155.435707
1787 496 68.134869
1088 2183 116.990405
1175 1534 144.235431
1622 720 58.449889
450 588 112.709122
1446 1932 96.794182
1284 1452 8.891663
70 78 34.719650
1738 1455 25.521923
1705 1818 8.392989
1441 1330 8.408929
1250 422 81.658232
733 1175 43.707099
1759 1870 8.426008
1063 1062 6.399744
359 307 3.997546
1786 1110 42.126998
1923 2033 11.957147
58 2110 155.583077
372 318 7.862462
958 500 62.716826
1697 1752 4.192728
2040 313 94.656649
1210 1502 79.983048
1481 940 126.661744
106 817 81.032178
40 11 11.589530
1470 1415 9.822743
44 12 15.575198
1341 1454 8.409225
2199 153 179.999595
759 566 125.693516
1207 2017 131.624335
1803 1692 8.392989
1395 906 95.671563
252 1906 110.643702
197 196 5.017219
650 482 9.870808
1156 1102 10.018119
140 1260 75.662562
1547 2114 107.597142
192 715 35.012111
1351 1349 12.724569
1300 1084 52.500222
1192 1417 12.704586
1195 1692 52.982944
2076 34 127.882327
2026 16 141.514786
664 606 9.122803
192 1955 103.190542
242 771 73.255449
1110 885 12.740454
43 1144 87.015740
1122 339 42.771250
1704 1797 100.660293
47 96 11.016929
1185 1379 163.152403
1323 1367 76.208752
2070 1861 31.212692
906 1826 150.742436
24 112 13.707329
1631 1998 108.596796
2201 232 170.066640
1428 1239 132.427389
1721 145 105.746480
1785 932 87.690175
1508 1199 162.229416
1489 788 170.394535
318 1816 100.129142
745 1385 152.916456
1150 1963 137.788780
1521 430 158.172168
1520 1958 59.973907
1802 1859 8.696740
1149 1206 4.215823
1284 1535 157.035414
2222 2221 5.097556
1138 1140 12.842383
1409 1996 123.537305
1352 875 171.590714
1218 1795 104.837915
981 1161 80.456963
2185 400 129.647971
2268 769 103.576046
540 745 100.453200
427 1899 121.363597
380 382 9.574825
1012 280 78.545924
155 37 43.713984
534 1261 37.179762
43 64 3.670773
1235 2294 102.359116
492 435 8.452547
1143 1714 77.262847
1357 1777 140.198800
1218 502 83.678949
581 1245 59.631442
759 1309 65.024435
88 24 17.188693
1279 1030 163.809783
1872 1593 15.639759
803 2244 117.971862
1960 1483 123.708574
78 2048 153.724848
1495 594 54.727690
1615 997 34.419222
42 548 50.781194
196 1096 105.201780
258 627 50.456636
2082 1980 8.713967
1293 1957 58.257063
1367 1714 72.003358
1125 422 135.313243
476 1451 141.822171
351 668 90.207643
1084 424 74.015001
1034 703 36.798016
131 1951 128.155350
2157 1660 98.514463
717 248 89.090086
1042 1352 170.039801
2250 2275 8.975269
1349 1124 12.682738
1810 247 104.185414
688 1793 108.098610
1457 784 33.842295
1198 1663 104.484665
432 1860 175.734078
1815 294 118.941866
279 1751 155.787249
1709 1317 20.449519
667 1124 59.962940
620 778 61.575883
1805 1700 39.762020
1371 1530 53.865095
746 1067 93.828869
1585 151 132.997033
2150 1730 31.734378
2102 2247 17.662942
106 2027 112.547137
219 1519 124.124439
1663 1888 13.971408
271 2010 127.889742
2298 1509 62.459478
1345 1178 12.640653
43 2328 155.392182
250 103 13.874181
551 1765 126.101225
2266 1493 70.970005
635 1373 73.510612
2190 2189 5.060073
93 1906 117.632551
1912 1855 4.266679
412 1852 121.135430
2160 67 159.166005
790 1410 41.706532
691 1160 132.352639
144 1420 82.327860
1045 675 129.036758
363 2192 157.944273
521 307 28.497432
2326 1224 100.030998
328 269 47.724144
429 270 12.620950
975 630 56.634531
1738 870 165.036088
304 1514 113.988078
2234 2289 11.769929
2291 86 138.983161
1903 1958 4.329548
2236 2234 10.155964
2100 2053 3.605323
276 675 80.505180
154 231 9.245290
1684 1627 4.187723
826 703 66.328784
1983 1983 0.000000
2205 2239 9.878025
1079 968 8.417951
1130 1298 8.800820
2270 2313 6.838739
206 205 5.017225
2338 2289 10.281261
27 2330 156.577765
1381 1213 8.846188
849 668 80.153599
1819 1961 105.123808
601 1753 157.432036
1822 2186 76.612137
1578 1635 9.466106
2159 1811 44.788419
1591 1311 14.351313
318 619 103.335154
918 286 112.701919
13 1706 109.769119
210 137 9.312716
1746 1972 16.971025
1767 1823 4.226872
1086 1085 6.399766
1295 1241 9.998856
762 892 108.538707
1447 1504 9.724551
1534 1815 15.267916
1321 1266 9.959735
43 568 74.883295
1840 1847 36.606886
425 425 0.000001
595 1786 106.944038
2233 14 160.850898
490 2008 91.562139
191 2120 169.195314
97 1893 115.548777
12 134 33.305091
1248 1477 33.614840
812 1488 41.773520
1782 483 91.822078
1494 637 114.480481
448 1846 73.641136
1400 952 21.961606
1595 1102 72.832971
1127 1235 26.277484
456 2037 129.862139
504 1902 74.599368
1057 1490 97.701739
1667 1721 9.123544
2338 25 161.808722
1913 676 70.397000
538 124 67.288613
807 764 77.840612
1363 256 60.868503
2245 2213 5.087535
145 597 43.980192
1111 473 125.721299
966 1082 26.026818
1400 1511 8.398052
1380 1435 9.822638
405 2253 128.889395
2331 103 163.778735
14 123 22.545387
654 370 24.785034
696 834 136.983997
1120 1025 108.646156
1366 2052 109.208930
553 167 67.868622
482 2118 153.522122
1707 1060 154.832388
2338 2310 7.841925
1612 1275 18.031770
1289 673 30.999642
1901 265 155.632801
1576 496 108.667691
1181 2183 95.224377
675 1534 128.571370
1233 720 58.916492
1758 588 67.803281
1030 1932 62.945538
1227 1452 12.740858
226 78 53.429652
1456 1455 6.243929
1762 1818 4.203533
1385 1330 4.207505
1530 422 88.195992
1169 1175 38.571990
1757 1870 8.426564
950 1062 5.515603
306 307 4.915046
1081 1110 171.199186
2202 2033 15.340334
2290 2110 56.055941
428 318 8.639776
1055 500 41.743948
1809 1752 4.204110
1934 313 87.403213
958 1502 105.293381
1705 940 126.505006
105 817 85.604243
2076 11 135.741374
1695 1415 14.714072
2323 12 167.358735
1623 1454 12.573248
2 153 32.669390
1706 566 134.777772
1343 2017 45.643997
1805 1692 8.392393
1367 906 85.777879
1850 1906 4.266200
194 196 10.013041
593 482 8.426333
1213 1102 8.431737
2157 1260 107.741541
1295 2114 48.041576
827 715 5.791200
1126 1349 12.682219
734 1084 87.920795
11 1417 96.220620
597 1692 165.357677
26 34 26.793402
272 16 38.714274
776 606 12.559631
1842 1955 8.588813
1925 771 141.743446
830 885 9.724387
150 1144 88.008293
288 339 5.755771
722 1797 84.153893
196 96 11.853336
1644 1379 91.665003
703 1367 61.632525
180 1861 122.391361
1783 1826 65.391584
470 112 36.183618
1357 1998 125.458144
2316 232 129.186058
1364 1239 83.252155
85 145 7.139746
318 932 35.438265
1564 1199 160.275527
1591 788 125.734471
745 1816 67.187175
1785 1385 48.928363
777 1963 87.323127
1889 430 78.524864
1247 1958 100.041938
1691 1859 9.870971
1153 1206 22.656407
669 1535 167.438071
2252 2221 5.087442
1081 1140 16.259905
800 1996 135.500425
1327 875 33.688028
943 1795 82.430888
612 1161 73.116415
608 400 80.118187
581 769 109.034243
113 745 67.628839
60 1899 142.139239
439 382 4.330123
1368 280 131.817560
194 37 47.235020
1712 1261 29.357910
63 64 5.154941
813 2294 92.756194
716 435 17.879770
1085 1714 86.981882
1950 1777 29.885865
943 502 47.272824
144 1245 98.123562
1821 1309 55.683771
117 24 20.997957
1114 1030 169.057400
1540 1593 18.173417
181 2244 126.967894
2014 1483 120.106899
2322 2048 54.271336
958 594 140.582501
1165 997 8.815645
2245 548 101.064122
427 1096 39.653314
1753 627 67.803136
2034 1980 8.180786
870 1957 142.403543
955 1714 154.891157
1348 422 147.805692
1663 1451 72.703892
99 668 49.595054
1030 424 64.805201
873 703 12.572912
236 1951 94.759221
995 1660 55.173110
582 248 64.414822
1787 1352 80.257620
2185 2275 13.910163
1238 1124 13.963382
168 247 13.091155
1755 1793 96.482082
1120 784 16.741802
1427 1663 70.902097
549 1860 155.664893
1500 294 123.709039
210 1751 84.642458
1152 1317 23.878855
583 1124 115.324743
1099 778 95.139178
712 1700 136.047966
1586 1530 4.192091
1755 1067 103.894302
1469 151 133.766920
888 1730 44.984874
2246 2247 5.129255
78 2027 115.330929
368 1519 149.846575
1671 1888 39.910361
410 2010 153.324749
2117 1509 69.292131
1179 1178 6.428998
13 2328 160.615281
208 103 10.707821
271 1765 92.018314
97 1493 114.109012
2132 1373 45.289010
2223 2189 3.461984
89 1906 137.260896
2019 1855 13.103901
579 1852 109.786330
2349 67 156.725601
1901 1410 80.726682
737 1160 150.774795
829 1420 160.458263
acc0 35
acc1 220
acc2 415
acc3 577
acc4 675
acc5 759
acc6 810
acc7 872
acc8 935
acc9 999
acc10 1069
acc11 1130
acc12 1192
acc13 1253
acc14 1299
