40 2183 149.981431
1795 558 70.121415
1531 1132 51.373423
131 2149 128.337377
2331 2314 10.092979
1567 616 48.806033
1126 902 11.044704
1316 868 21.987306
2142 2097 10.358505
1187 1524 17.770239
76 170 12.609826
713 544 12.572538
812 422 23.241053
691 1529 43.016490
631 762 104.022071
1847 1959 6.960000
1211 1323 5.483798
1442 1329 8.408929
85 177 20.723736
694 862 9.272896
1095 1095 0.000000
564 1897 95.929763
697 865 9.273181
2206 1872 25.202797
1374 1486 5.620987
1850 1569 17.586330
1890 54 144.736815
708 483 13.666752
682 737 4.188515
1294 1127 8.800820
1368 1816 23.374797
1042 759 25.995478
1499 852 161.525243
1330 301 138.097836
1227 1281 9.998856
1157 1045 5.464996
933 379 45.648546
88 117 3.828290
513 734 20.951908
406 515 16.603055
1225 1129 102.960618
887 1109 16.832555
151 2161 173.427208
1745 1745 0.000000
1481 1706 13.082219
444 2067 98.638012
1030 1030 0.000001
2350 2334 7.334622
299 485 93.176869
1121 1392 56.057617
49 1670 105.183659
400 793 22.505133
2025 1859 11.445072
2051 603 78.389521
140 971 53.172036
2349 1947 45.495442
1232 2321 76.187004
510 955 29.627189
1204 191 99.764774
2225 2301 13.824194
2282 237 133.551488
2344 2323 11.139552
952 1731 50.191518
2342 2298 10.114849
852 685 9.272896
1765 813 48.288145
1820 2242 35.820081
306 594 64.565810
1428 1319 19.720455
405 1807 73.933922
22 627 57.109229
64 186 14.314174
708 709 5.943302
17 1438 105.421613
85 2275 150.257626
2341 2348 3.818878
1750 933 145.248655
728 1285 33.647176
139 1216 108.662551
40 28 21.750739
471 751 16.091711
2221 350 140.161002
2225 2335 18.691564
2061 559 81.368304
2332 285 129.870531
683 1186 25.566232
517 575 8.696649
1750 1861 8.425996
617 1464 58.436806
728 162 37.198463
638 1873 65.856298
1512 1800 46.083327
39 265 28.967861
2332 128 145.827170
1820 363 80.522465
495 494 5.274246
644 978 17.046558
1764 1091 37.179636
432 652 25.229303
728 134 61.080991
266 759 29.566238
233 279 5.095255
2305 2229 10.221154
1366 1370 25.445851
520 1137 32.259255
1284 1507 12.794897
1361 2050 116.809244
411 580 10.539754
1047 1636 161.968134
2094 2047 4.041446
2186 2251 6.993406
1445 1276 8.892013
1917 1972 4.329562
1858 1748 12.669820
192 2230 159.268432
1792 1400 20.820065
1210 366 48.997493
2306 2295 33.111152
2305 1963 36.694813
1797 1908 8.487980
795 913 37.318404
1554 1723 12.560409
2028 1923 17.661905
583 750 9.629415
484 486 10.543951
2202 148 142.000461
171 35 17.927930
1253 1082 18.023218
1709 811 50.363309
252 2050 174.255608
972 583 25.400339
2323 2323 0.000000
1863 1809 8.696740
25 40 7.192990
1604 1800 125.931299
683 630 20.265607
2165 434 152.539124
900 950 34.618024
1280 1339 16.189268
1043 931 5.515603
2002 660 70.858677
1021 1186 17.998714
1180 1238 10.017357
1895 1782 8.487975
61 70 37.120791
1824 1712 6.413001
578 634 4.204255
1558 1502 4.192106
1527 1193 20.886852
477 700 13.666741
199 2183 125.202921
505 558 19.061757
1473 1132 35.894045
52 2149 137.143521
2213 2314 13.706940
676 616 20.265607
899 902 18.725333
642 868 17.183208
2137 2097 16.702263
1469 1524 4.197141
175 170 24.719892
771 544 21.147766
536 422 12.450744
1475 1529 9.724571
1942 762 66.869502
896 1959 55.663145
1154 1323 8.815755
1440 1329 8.408861
1652 177 87.408840
760 862 57.840121
1262 1095 8.800932
1899 1897 10.089094
757 865 21.569406
2084 1872 14.450904
1590 1486 51.824039
1343 1569 16.791999
35 54 3.420746
1772 483 66.506624
569 737 9.629426
957 1127 12.632369
115 1816 107.698437
759 759 0.000000
853 852 6.160762
2141 301 168.150796
1115 1281 12.646089
993 1045 22.504035
720 379 33.124129
64 117 7.181627
678 734 4.188515
460 515 4.265970
1239 1129 13.963362
1015 1109 114.969714
2050 2161 74.723488
1354 1745 20.449619
1981 1706 28.940891
2220 2067 37.281400
1086 1030 4.211190
2290 2334 28.745648
383 485 49.732998
952 1392 55.625982
71 1670 103.404324
1634 793 42.911032
520 1859 75.894027
1946 603 70.497593
359 971 39.878976
2335 1947 54.459503
503 2321 113.825491
1351 955 29.488844
180 191 50.200456
2190 2301 14.677883
2309 237 159.061426
2323 2323 0.000000
839 1731 51.451646
2226 2298 31.712571
741 685 4.188501
980 813 12.604140
728 2242 132.268854
2266 594 105.457316
1260 1319 16.189667
1803 1807 21.853810
3 627 59.988239
26 186 20.527788
544 709 16.987760
1764 1438 61.073693
560 2275 112.298306
2350 2348 6.684004
868 933 59.565131
1820 1285 135.779257
605 1216 46.078830
12 28 16.149190
141 751 40.629833
2187 350 138.148623
23 2335 170.000836
560 559 5.475661
2339 285 149.045037
1192 1186 38.571024
461 575 12.451263
2327 1861 54.376168
1399 1464 53.338209
1820 162 155.252758
585 1873 66.506851
733 1800 56.132525
1539 265 66.882748
2339 128 162.087267
728 363 111.889851
271 494 47.279143
1092 978 12.632374
638 1091 38.137964
712 652 26.567415
1820 134 129.577517
2242 759 86.457680
278 279 4.915046
2233 2229 19.996908
1365 1370 31.804549
821 1137 128.626154
1620 1507 8.379502
2237 2050 54.086230
466 580 12.450626
879 1636 167.427040
1885 2047 10.848834
2318 2251 10.170819
1326 1276 41.560991
1971 1972 4.790047
742 1748 52.320527
193 2230 155.192487
785 1400 30.616488
1201 366 50.867637
2048 2295 24.200264
1210 1963 133.131164
1459 1908 25.127995
1081 913 8.891760
1890 1723 12.677508
1325 1923 104.407520
1489 750 79.408802
1780 486 74.287553
146 148 10.091515
208 35 20.527788
1197 1082 20.016018
1708 811 48.806368
1891 2050 16.661712
1590 583 51.430066
2261 2323 11.493008
801 1809 51.059201
2338 40 155.961184
1885 1800 109.908508
515 630 17.588770
599 434 16.586698
892 950 15.939992
1228 1339 8.425898
594 931 18.464863
1807 660 171.607525
909 1186 21.047158
1575 1238 17.881917
1672 1782 12.881271
2 70 19.114699
1770 1712 8.920343
523 634 8.426008
1503 1502 6.159769
1475 1193 16.760346
1658 700 58.799391
897 2183 92.787408
334 558 16.431764
1252 1132 51.697297
1793 2149 31.719089
2090 2314 27.526686
1621 616 54.126093
842 902 21.885119
643 868 14.963844
2050 2097 3.605289
1412 1524 5.620987
1999 170 165.512799
998 544 42.777722
751 422 38.989569
1415 1529 13.686430
1211 762 23.081947
1961 1959 9.574145
1210 1323 8.425599
911 1329 166.213602
644 177 38.346154
970 862 25.574069
1151 1095 4.215867
1956 1897 17.539657
1036 865 21.930287
425 1872 88.899179
195 1486 122.116592
1790 1569 21.148055
77 54 3.418386
819 483 18.248398
681 737 4.187882
1338 1127 84.036495
1647 1816 9.629296
703 759 4.188687
515 852 19.132389
1944 301 163.725726
1282 1281 6.399744
1098 1045 22.605711
997 379 34.661578
118 117 5.097572
623 734 8.377474
1947 515 158.757790
1128 1129 6.420689
998 1109 8.425140
2141 2161 67.816010
1579 1745 12.560470
113 1706 91.488177
161 2067 111.542853
1042 1030 79.709044
69 2334 152.604014
515 485 109.271965
839 1392 52.352614
99 1670 110.636168
1838 793 124.383626
654 1859 167.391901
1949 603 71.244228
2041 971 83.162856
49 1947 124.720928
180 2321 156.944095
1336 955 76.009450
1876 191 128.028151
23 2301 173.136154
2256 237 129.855654
29 2323 169.826310
507 1731 79.757371
73 2298 153.006857
627 685 9.122821
1764 813 49.070099
2325 2242 26.578472
2292 594 104.044048
2132 1319 49.275822
709 1807 147.339292
2105 627 124.574438
2218 186 127.706600
828 709 42.660524
2333 1438 78.288998
2061 2275 30.929620
2322 2348 16.687297
2302 933 110.883204
1617 1285 30.057953
710 1216 26.829166
1653 28 115.753831
217 751 34.032607
1428 350 102.169787
2190 2335 23.555007
447 559 6.658498
49 285 24.577179
911 1186 31.782846
407 575 10.539754
2311 1861 55.179931
2187 1464 71.293270
164 162 10.091510
260 1873 88.116190
1505 1800 84.037279
2334 265 149.045036
108 128 45.423259
756 363 26.131871
538 494 65.391800
1932 978 54.099190
764 1091 54.911154
2071 652 156.045379
210 134 12.763355
84 759 47.708342
1106 279 51.443483
1938 2229 73.948015
1478 1370 25.828914
467 1137 37.413315
1506 1507 6.159769
1587 2050 101.388644
522 580 8.695935
1721 1636 128.793188
1941 2047 7.973233
198 2251 123.334424
1500 1276 11.136993
1859 1972 8.588808
686 1748 54.606814
122 2230 160.003062
673 1400 36.492611
1379 366 60.490598
2261 2295 38.604553
2233 1963 51.152698
1738 1908 12.677559
963 913 34.618035
1723 1723 0.000000
1807 1923 22.027435
1198 750 22.392701
887 486 53.324433
429 148 22.842956
168 35 17.679611
1247 1082 23.921529
178 811 40.570492
407 2050 163.725920
195 583 92.030783
2306 2323 3.420847
576 1809 63.468703
95 40 37.733460
1756 1800 67.981490
347 630 27.522844
543 434 17.115520
241 950 41.841721
1057 1339 16.720767
1099 931 8.845813
1325 660 55.172979
964 1186 16.847555
1240 1238 12.843347
2055 1782 17.450669
234 70 24.687692
1599 1712 8.377698
1695 634 57.999092
1559 1502 4.191414
1414 1193 22.089199
1432 700 42.358228
339 2183 121.652357
1235 558 45.932349
973 1132 61.092227
619 2149 92.770488
2291 2314 18.461586
2010 616 77.984974
1010 902 25.828910
144 868 45.944922
254 2097 165.157458
998 1524 144.524594
150 170 59.840836
271 544 23.468556
1037 422 32.911521
1919 1529 25.832134
764 762 12.119048
2064 1959 8.713972
1142 1323 84.036522
1384 1329 4.207509
1092 177 60.028076
690 862 28.327046
1038 1095 4.214317
2080 1897 92.151650
310 865 32.669502
1984 1872 6.960000
1766 1486 15.267973
448 1569 58.032625
54 54 0.000000
803 483 91.358892
626 737 8.378104
1629 1127 26.829478
2236 1816 32.612428
926 759 9.038128
740 852 5.791200
1331 301 138.978066
1055 1281 16.860174
992 1045 16.189757
999 379 39.032050
151 117 7.167548
734 734 0.000000
854 515 25.098681
1014 1129 19.957909
1335 1109 16.856974
1944 2161 82.001171
849 1745 45.038495
148 1706 97.242302
1679 2067 34.694344
1255 1030 12.682234
2296 2334 22.724783
462 485 102.142385
507 1392 80.953419
129 1670 108.598694
1632 793 41.981782
467 1859 85.657334
1556 603 48.008518
2326 971 88.441016
84 1947 128.888726
392 2321 119.985426
733 955 16.769573
1232 191 84.804041
951 2301 84.295686
2288 237 161.288627
2306 2323 3.420847
4 1731 122.465634
2265 2298 38.856697
515 685 12.607311
645 813 9.272973
2346 2242 25.492894
979 594 45.483777
1988 1319 39.657903
1863 1807 4.226732
141 627 59.490893
118 186 10.101135
659 709 32.374437
980 1438 67.475958
447 2275 116.760496
2348 2348 0.000000
2280 933 112.312449
788 1285 48.082121
484 1216 43.104178
2154 28 146.363342
1991 751 83.253588
1988 350 124.549281
2106 2335 35.718490
1344 559 40.273534
99 285 26.032345
849 1186 17.770134
630 575 4.204255
125 1861 131.763771
727 1464 64.599307
53 162 25.442689
640 1873 63.577607
1687 1800 8.392976
754 265 31.353660
32 128 13.707329
109 363 25.948065
489 494 26.263220
1652 978 37.552014
707 1091 52.400419
936 652 30.915370
135 134 5.097572
2207 759 81.497918
2117 279 145.981619
412 2229 118.551730
1704 1370 21.085438
1695 1137 30.745394
900 1507 61.928713
2310 2050 47.805324
1993 580 111.598913
1774 1636 123.867381
1829 2047 14.622523
95 2251 132.887503
1165 1276 8.430464
1915 1972 8.191981
628 1748 56.873898
123 2230 155.301433
504 1400 45.830905
1268 366 58.895424
120 2295 137.989914
92 1963 128.888600
670 1908 73.174414
743 913 12.572976
573 1723 165.745456
720 1923 162.119664
1651 750 54.639850
541 486 8.696595
238 148 53.265931
348 35 31.258081
1533 1082 29.165440
2239 811 82.492629
462 2050 166.515995
382 583 101.917029
2344 2323 11.139552
684 1809 64.710996
2192 40 165.026202
1829 1800 112.946113
910 630 14.963843
881 434 25.127639
1512 950 30.372345
1115 1339 10.942603
1278 931 72.265221
1579 660 149.782954
1074 1186 5.464996
1281 1238 80.148608
1951 1782 12.798166
442 70 32.738261
527 1712 83.579901
1583 634 52.611502
735 1502 113.670729
1304 1193 8.430447
1087 700 35.353709
337 2183 116.428279
1293 558 58.992203
1644 1132 58.916572
2277 2149 15.253271
2176 2314 17.468644
1846 616 64.441601
1464 902 30.348413
418 868 29.258653
211 2097 164.666633
1447 1524 128.753991
66 170 50.276052
1447 544 62.593479
1766 422 69.834600
1359 1529 17.780483
301 762 91.833873
2014 1959 6.044014
1031 1323 78.605171
1610 1329 16.941632
141 177 3.760678
1374 862 57.849956
1205 1095 13.963494
164 1897 113.436272
1542 865 45.929806
2170 1872 22.116221
1262 1486 11.136993
732 1569 47.282903
76 54 5.432424
463 483 94.342431
737 737 0.000000
1181 1127 10.018326
1235 1816 125.219679
2140 759 89.532458
966 852 13.686436
2095 301 154.875910
1114 1281 8.801184
1473 1045 131.829312
1333 379 50.798495
43 117 10.221650
733 734 5.943783
404 515 8.589130
1183 1129 10.018305
938 1109 17.950435
2179 2161 64.036871
1635 1745 13.080201
1480 1706 16.751503
1737 2067 24.212518
1197 1030 8.816002
37 2334 166.138864
375 485 12.233012
287 1392 71.609063
97 1670 101.580589
946 793 89.335290
257 1859 98.799107
1218 603 32.514173
533 971 59.716668
71 1947 123.377539
1204 2321 98.401402
1113 955 67.398388
896 191 71.089676
2106 2301 22.248332
2322 237 141.273418
148 2323 159.448448
31 1731 105.611919
784 2298 101.284193
908 685 13.081600
2312 813 93.209512
2345 2242 29.251843
142 594 50.812629
2221 1319 100.170374
2077 1807 17.819723
566 627 30.646743
46 186 28.509725
486 709 13.666752
2254 1438 89.327306
1652 2275 73.548097
2351 2348 4.724964
2311 933 94.924565
1563 1285 20.998833
329 1216 61.960549
1545 28 104.262132
924 751 32.743271
617 350 61.366332
2158 2335 24.247597
85 559 80.012442
32 285 29.991045
856 1186 41.474969
406 575 10.539938
2251 1861 68.582232
2109 1464 58.452868
2 162 27.945064
471 1873 74.599266
900 1800 51.633681
4 265 34.427728
49 128 11.503366
639 363 26.322172
318 494 55.488107
85 978 58.802822
1268 1091 58.792447
260 652 64.208215
252 134 12.414125
2335 759 118.443325
232 279 9.498581
191 2229 158.247681
1816 1370 26.260535
578 1137 29.487452
1283 1507 11.136993
1831 2050 14.622524
254 580 28.351452
1075 1636 28.559364
2047 2047 0.000001
2227 2251 29.028847
1611 1276 18.031770
2026 1972 5.762221
738 1748 52.320522
121 2230 164.864212
391 1400 53.121512
596 366 33.912541
113 2295 139.689222
67 1963 128.744334
2112 1908 14.791745
631 913 17.183194
1497 1723 16.741468
997 1923 147.805299
1378 750 82.564391
605 486 38.520903
553 148 63.150294
301 35 28.967860
1421 1082 25.277258
1317 811 30.444217
688 2050 149.803003
1603 583 93.877488
2114 2323 28.677016
575 1809 64.338266
2318 40 168.669912
406 1800 82.864010
403 630 20.592444
1920 434 169.910893
1346 950 29.488836
834 1339 25.017599
817 931 13.686605
1745 660 142.795860
1297 1186 8.430464
1113 1238 83.716366
249 1782 135.864408
387 70 28.232820
330 1712 115.939043
859 634 13.234024
1728 1502 16.741338
1417 1193 10.981007
813 700 8.379356
288 2183 122.055226
2185 558 94.953180
1098 1132 141.058592
1683 2149 42.986654
2130 2314 34.497855
1955 616 76.260618
1300 902 45.714946
2133 868 70.777056
154 2097 114.283674
250 1524 69.815710
256 170 19.772402
996 544 33.442770
2135 422 95.660792
1529 1529 0.000000
521 762 91.358976
2109 1959 10.787254
1096 1323 22.128735
685 1329 162.836306
1932 177 104.014226
1586 862 45.930348
1040 1095 9.998768
1569 1897 48.087233
218 865 39.538759
15 1872 130.523268
2093 1486 42.559635
1119 1569 25.544133
1004 54 86.866321
880 483 33.524268
1130 737 19.909326
1515 1127 29.453475
334 1816 166.094599
1095 759 16.741802
741 852 8.379661
2050 301 165.303144
1280 1281 6.398762
1490 1045 29.165879
1325 379 62.946006
87 117 7.942749
677 734 9.305376
570 515 8.696666
1516 1129 34.494041
959 1109 117.726086
1834 2161 88.820577
1692 1745 14.642687
2114 1706 90.853554
1961 2067 13.668613
994 1030 126.181998
21 2334 165.840984
403 485 102.438328
31 1392 90.204262
2349 1670 61.473930
2186 793 108.132586
351 1859 82.216526
2140 603 86.797341
11 971 73.383080
99 1947 131.376648
1876 2321 63.197902
294 955 43.857919
700 191 77.052057
953 2301 85.067799
2036 237 169.115454
113 2323 156.413839
287 1731 80.668220
2294 2298 19.526143
740 685 4.187895
445 813 118.805347
2336 2242 31.616671
444 594 88.252080
755 1319 37.717876
576 1807 63.468612
2075 627 78.249109
2216 186 122.533876
772 709 39.015687
2312 1438 68.473557
1344 2275 74.656595
2349 2348 4.724963
2327 933 96.674025
1507 1285 16.814303
548 1216 42.126581
2303 28 161.726521
923 751 23.022517
1260 350 98.572485
951 2335 94.217432
1680 559 57.295272
1120 285 48.999393
685 1186 29.750048
463 575 6.658498
59 1861 121.551637
1008 1464 55.574796
76 162 27.122961
644 1873 62.122056
2008 1800 67.764616
311 265 9.818063
99 128 6.742073
216 363 20.470612
294 494 75.578592
361 978 35.083224
1379 1091 53.761043
705 652 14.984722
54 134 10.604935
2115 759 141.342282
2095 279 111.750674
1825 2229 79.858552
1310 1370 22.504029
1583 1137 25.543664
1451 1507 4.197118
144 2050 123.928629
302 580 22.940059
768 1636 175.811255
1884 2047 11.331198
2191 2251 21.863491
1329 1276 22.503633
1988 1972 69.115006
908 1748 42.325529
91 2230 169.552826
1287 1400 8.418204
412 366 46.725564
148 2295 133.362628
1201 1963 125.644125
1796 1908 6.658992
740 913 28.758618
1555 1723 9.433409
205 1923 112.524019
584 750 12.572655
710 486 12.457198
1592 148 97.451858
2201 35 138.086238
1420 1082 20.838596
2269 811 91.640729
1887 2050 12.238370
2093 583 107.507980
148 2323 159.448448
401 1809 85.763871
198 40 49.762433
1388 1800 112.590449
299 630 21.279305
1806 434 173.341403
1505 950 42.085438
1114 1339 12.682224
762 931 12.587869
999 660 25.138683
1077 1186 20.016966
1282 1238 73.751182
1336 1782 26.260535
2299 70 143.806717
1433 1712 14.964088
1826 634 115.637948
1560 1502 9.604412
1526 1193 25.239445
2045 700 79.059912
12 2183 149.811992
1015 558 58.440268
1140 1132 51.365417
838 2149 73.496146
111 2314 148.127116
34 616 54.144538
1731 902 77.675199
1878 868 53.398397
232 2097 107.152879
1134 1524 21.550425
1921 170 99.857820
253 544 94.537175
259 422 36.825075
1491 1529 108.471096
463 762 100.811795
2063 1959 7.233740
976 1323 69.841829
1273 1329 4.211380
176 177 5.060134
2134 862 87.288574
1152 1095 10.018217
1844 1897 18.344110
2240 865 84.725410
2325 1872 44.440519
972 1486 69.282220
1068 1569 33.348914
8 54 14.414188
1716 483 63.577568
739 737 11.884797
1001 1127 89.610231
1592 1816 12.116997
982 759 12.866746
797 852 4.191912
2179 301 161.603851
1449 1281 8.891663
973 1045 101.497078
1046 379 46.232483
26 117 13.707329
185 734 101.242697
851 515 18.248398
1072 1129 4.214069
1728 1109 37.925736
1887 2161 84.826930
1355 1745 22.172406
2344 1706 70.132126
2113 2067 3.853616
807 1030 12.866470
2257 2334 15.642241
1775 485 67.053857
1337 1392 4.207286
1568 1670 59.172846
448 793 53.109493
821 1859 158.432983
994 603 22.172286
1654 971 75.060891
97 1947 121.913581
896 2321 92.550887
789 955 12.587949
1597 191 110.540295
1849 2301 39.514314
2203 237 171.665112
2261 2323 11.493008
2334 1731 54.599524
2006 2298 28.245963
574 685 8.393114
2169 813 77.552736
2337 2242 28.102588
2127 594 105.820109
672 1319 154.861530
1971 1807 20.642730
2029 627 79.872548
1610 186 83.810511
712 709 17.819120
445 1438 103.461398
1680 2275 58.569984
2323 2348 16.280045
60 933 67.687501
1451 1285 17.877652
381 1216 54.868989
1429 28 104.508754
2174 751 93.023784
672 350 69.899286
2037 2335 49.845368
1904 559 70.091668
108 285 62.794567
1354 1186 8.815645
462 575 8.487578
2320 1861 52.888198
672 1464 63.571323
54 162 30.578399
1714 1873 49.000971
1954 1800 67.368661
1486 265 65.776048
1120 128 60.433352
358 363 24.094913
2234 494 151.826459
1344 978 170.098655
1545 1091 42.804128
2026 652 145.481947
77 134 7.769597
2116 759 137.753748
2230 279 152.874450
275 2229 160.708013
1703 1370 25.138763
1714 1137 111.026468
1508 1507 6.160725
1888 2050 10.848834
746 580 12.572083
382 1636 142.444846
2095 2047 4.795909
2235 2251 49.839463
1557 1276 14.351518
1862 1972 12.232677
1665 1748 126.097321
2228 2230 10.155964
2253 1400 55.847673
1590 366 79.371872
2323 2295 29.877607
191 1963 128.194414
2016 1908 9.530486
1074 913 41.962770
1834 1723 8.426328
608 1923 167.322375
635 750 18.411129
2078 486 146.719716
2276 148 141.876140
13 35 22.433509
1251 1082 8.800836
1427 811 30.616486
1664 2050 23.690246
384 583 105.123594
29 2323 169.826310
853 1809 52.804986
6 40 19.416463
1274 1800 125.619243
1271 630 150.642363
2198 434 158.439358
239 950 42.506595
1404 1339 60.185397
1057 931 88.960279
436 660 12.869700
908 1186 16.760429
1072 1238 18.024096
2007 1782 20.388132
1965 70 119.289368
1767 1712 8.920425
806 634 22.380752
1782 1502 15.268095
1138 1193 4.215634
261 700 35.203168
1653 2183 77.068126
48 558 42.282578
1155 1132 150.953906
1230 2149 53.922742
2298 2314 15.401779
237 616 38.064394
1009 902 32.009485
532 868 17.813998
2094 2097 14.842487
623 1524 54.727744
441 170 73.854011
1158 544 32.880989
1095 422 36.000821
379 1529 152.480900
1195 762 93.030407
2110 1959 11.845178
1208 1323 19.957636
1326 1329 19.086039
259 177 9.582254
1936 862 83.139899
1037 1095 9.998709
2144 1897 23.286523
868 865 15.759962
36 1872 116.759452
1088 1486 44.059160
1787 1569 36.630457
36 54 6.206620
1496 483 59.825877
1018 737 14.512548
1347 1127 27.881606
2166 1816 29.591585
870 759 8.388025
460 852 21.828242
883 301 117.046557
1225 1281 4.214094
1644 1045 109.892851
205 379 73.333071
150 117 3.760676
845 734 8.379661
964 515 24.576578
1127 1129 12.842340
1293 1109 106.247804
55 2161 129.654531
1634 1745 8.377946
977 1706 36.492225
368 2067 172.536967
1143 1030 8.425156
2175 2334 39.995703
597 485 6.412995
1391 1392 6.311165
2335 1670 68.284497
1463 793 35.573078
934 1859 155.423114
1611 603 50.829905
112 971 67.006125
2242 1947 43.522585
1596 2321 79.276140
845 955 13.686417
1596 191 114.096078
242 2301 126.135945
138 237 62.739574
2114 2323 28.677016
1121 1731 46.079513
2188 2298 22.577730
743 685 14.985161
219 813 40.928475
2342 2242 23.331447
2268 594 101.345248
1008 1319 160.913967
302 1807 81.368502
153 627 90.286831
2143 186 117.951915
605 709 46.502359
2153 1438 98.334300
1092 2275 100.160098
2344 2348 9.857538
160 933 87.446586
292 1285 69.564898
690 1216 136.552206
2222 28 144.820977
640 751 8.378090
727 350 74.081563
2237 2335 31.288855
361 559 102.335586
129 285 23.837893
1024 1186 36.176984
573 575 10.946535
160 1861 125.282792
2221 1464 73.017994
10 162 33.002748
764 1873 83.937289
1758 1800 78.027825
1874 265 85.919364
97 128 6.165208
258 363 27.742932
432 494 33.456331
1680 978 162.953362
930 1091 44.834222
2286 652 128.191298
172 134 15.520223
179 759 43.723700
2159 279 150.207776
1700 2229 57.037346
1984 1370 34.661264
936 1137 148.119542
1507 1507 0.000000
1946 2050 12.426443
2157 580 110.159327
826 1636 166.576300
1940 2047 7.311064
2298 2251 12.400585
1724 1276 22.971994
2074 1972 7.311052
1833 1748 116.422329
300 2230 113.236878
125 1400 77.839036
2305 366 141.736260
1480 2295 76.452124
496 1963 100.306961
282 1908 105.424623
857 913 4.196712
1386 1723 18.464558
1465 1923 61.422997
2039 750 73.782966
293 486 92.926405
2277 148 146.328687
173 35 21.025808
1154 1082 102.797299
750 811 27.134962
2050 2050 0.000001
596 583 73.056405
120 2323 165.352485
795 1809 63.044612
58 40 10.229239
2022 1800 15.007512
1779 630 175.796037
2197 434 156.633847
1348 950 40.074491
1423 1339 160.541208
1423 931 79.737534
820 660 45.620810
663 1186 121.522434
1334 1238 102.308995
1977 1782 106.542308
139 70 45.673951
2042 1712 22.027387
934 634 116.584375
681 1502 122.770071
1532 1193 25.239445
1659 700 62.636938
1429 2183 87.212882
89 558 63.765868
1660 1132 146.461623
1284 2149 50.626996
2338 2314 18.191535
2127 616 141.935768
1843 902 80.272425
926 868 15.940374
135 2097 168.991344
1184 1524 30.298119
2283 170 131.474190
235 544 41.325455
650 422 25.229303
1132 1529 39.908375
173 762 79.900384
1902 1959 8.191981
1371 1323 50.863639
1724 1329 29.296102
260 177 7.274121
1602 862 84.932881
982 1095 8.425602
1565 1897 29.136806
2311 865 89.953978
1117 1872 147.740736
2273 1486 66.405618
563 1569 52.527331
1497 54 123.273029
1547 483 54.406712
457 737 16.091708
1337 1127 90.389769
1705 1816 8.392381
1038 759 14.351568
967 852 19.541895
55 301 24.218473
1053 1281 27.904511
1531 1045 116.175347
436 379 4.330165
2287 117 159.351096
567 734 9.629420
907 515 21.274775
1238 1129 20.036612
1216 1109 32.591286
2095 2161 69.524811
1746 1745 5.652610
29 1706 124.682336
2266 2067 59.426231
1253 1030 12.682721
2228 2334 19.644764
1779 485 74.287639
1338 1392 9.901444
290 1670 104.583855
25 793 82.826579
1858 1859 5.275058
1390 603 43.606722
1203 971 52.260759
1973 1947 95.577595
1597 2321 79.918462
566 955 25.400350
503 191 52.705552
1789 2301 41.983416
2205 237 170.417479
2009 2323 50.367744
1902 1731 16.587242
1009 2298 92.089121
799 685 13.261656
2040 813 65.844153
2339 2242 18.191615
2328 594 109.394897
2187 1319 103.631651
278 1807 160.243098
2145 627 136.566248
2177 186 115.695311
827 709 36.718110
2169 1438 76.821740
361 2275 145.457745
1 2348 175.275018
2155 933 129.375114
451 1285 54.645283
1998 1216 42.894770
199 28 32.601988
1880 751 79.376391
1399 350 97.628797
389 2335 126.414141
1932 559 167.201783
97 285 18.529994
684 1186 27.033354
629 575 8.920549
60 1861 126.086597
1353 1464 8.408482
77 162 32.089058
474 1873 73.157293
43 1800 137.926775
31 265 53.543020
71 128 8.573983
470 363 26.890984
829 494 19.132660
1904 978 151.401168
763 1091 48.918541
525 652 78.268883
76 134 7.181627
2349 759 110.892348
2196 279 149.196334
748 2229 101.268354
1117 1370 171.574095
1101 1137 128.301819
1563 1507 4.191414
418 2050 119.320552
211 580 30.098800
1667 1636 129.751482
1772 2047 17.819780
25 2251 158.364175
849 1276 134.568514
755 1972 109.337565
1606 1748 127.679191
209 2230 119.497169
2251 1400 60.358051
1825 366 78.673550
2114 2295 52.905739
1590 1963 96.760019
950 1908 59.278876
576 913 18.763953
1836 1723 8.426062
846 1923 92.912035
1190 750 54.797383
653 486 12.607809
1367 148 90.666376
459 35 38.521374
1302 1082 27.905408
1148 811 21.645000
1888 2050 10.848834
1884 583 104.439919
113 2323 156.413839
740 1809 60.673860
80 40 18.864167
1803 1800 16.406223
248 630 38.064394
1805 434 171.512342
1573 950 51.197805
1060 1339 16.720773
872 931 22.144853
2120 660 149.944441
1075 1186 8.430460
1166 1238 99.630963
372 1782 92.411607
285 70 20.890445
2176 1712 33.011313
1697 634 54.606817
567 1502 112.064215
1190 1193 19.286005
2131 700 75.244073
1545 2183 69.708899
454 558 42.151094
1640 1132 37.798540
453 2149 105.084494
2042 2314 31.233211
101 616 45.689276
1402 902 33.329133
2237 868 79.837706
1720 2097 24.222705
1167 1524 132.658660
251 170 8.070920
351 544 101.554515
1311 422 58.400999
1994 1529 93.077628
1143 762 70.918802
180 1959 164.868931
1263 1323 22.504029
1888 1329 30.588630
261 177 7.430065
139 862 47.619293
1261 1095 12.645973
734 1897 101.251675
1877 865 58.771438
2113 1872 81.897697
1261 1486 12.794676
165 1569 82.416971
1554 54 126.001086
1437 483 49.478186
458 737 16.091853
1687 1127 28.106402
2035 1816 14.487874
1037 759 16.861406
798 852 9.605540
409 301 10.681519
1339 1281 9.959914
1660 1045 32.233991
1839 379 80.203470
66 117 15.495121
846 734 5.791200
514 515 5.275064
1352 1129 12.682219
1701 1109 146.461920
2161 2161 0.000000
736 1745 51.206432
529 1706 60.303856
2127 2067 65.211351
2051 1030 118.580638
132 2334 144.413210
347 485 99.592103
4 1392 103.117167
1736 1670 59.461215
1976 793 75.756420
2027 1859 18.229148
1326 603 50.075794
2238 971 79.494266
2116 1947 77.438623
700 2321 123.717709
734 955 21.675183
392 191 51.131473
2037 2301 61.183195
2193 237 126.070573
2121 2323 24.718574
39 1731 131.097998
1843 2298 41.991163
798 685 8.375090
17 813 82.557854
2324 2242 30.828679
2129 594 97.430968
727 1319 154.141795
689 1807 58.274077
2250 627 127.337059
327 186 31.879555
661 709 43.952663
1765 1438 55.605604
644 2275 121.429923
9 2348 176.181204
1540 933 67.405018
450 1285 51.297055
56 1216 105.474030
897 28 75.491249
413 751 22.204274
1008 350 81.736283
1427 2335 85.782167
1652 559 171.606952
1568 285 70.511851
625 1186 29.095290
575 575 0.000000
2240 1861 62.038555
1577 1464 8.387533
35 162 29.352487
526 1873 71.992373
1900 1800 61.762534
1818 265 83.440521
1568 128 82.608922
359 363 19.331328
317 494 60.084173
2061 978 141.198691
1932 1091 47.637771
215 652 70.200971
297 134 14.022306
756 759 18.173101
2157 279 140.448989
1774 2229 85.373348
987 1370 59.949153
991 1137 140.007542
1732 1507 13.234065
1887 2050 12.238370
1660 580 113.313188
828 1636 155.114544
2213 2047 14.320624
1787 2251 34.856004
1499 1276 12.794467
1694 1972 18.261559
570 1748 61.943164
157 2230 151.249099
2320 1400 65.762412
591 366 14.358699
1206 2295 76.686725
1379 1963 122.158406
2193 1908 22.129840
1021 913 25.829835
1665 1723 14.642235
2121 1923 24.103816
587 750 27.267349
90 486 32.968770
1450 148 105.092385
2003 35 146.717305
1211 1082 106.247853
1587 811 63.697458
1833 2050 15.370719
1966 583 121.666129
2121 2323 24.718574
1977 1809 10.539550
2186 40 158.543475
1664 1800 117.965193
800 630 12.560262
2200 434 156.633848
1171 950 22.088995
1055 1339 26.279889
1142 931 86.327214
1411 660 149.085262
852 1186 20.886466
832 1238 87.703052
2146 1782 26.594626
56 70 34.585325
528 1712 79.757147
991 634 120.790817
1615 1502 8.378823
1362 1193 8.815645
761 700 27.135515
1903 2183 42.167110
293 558 43.701816
746 1132 45.027078
2276 2149 18.990676
176 2314 147.282070
561 616 4.204267
1524 902 51.246042
2310 868 88.757182
2297 2097 22.511664
713 1524 171.620896
443 170 69.371913
1645 544 125.487866
1537 422 61.194798
1363 1529 12.604572
1077 762 126.415198
1681 1959 18.261555
1039 1323 26.279889
459 1329 147.805523
140 177 7.695402
483 862 75.444343
1374 1095 14.078480
2147 1897 18.095816
2327 865 93.249580
182 1872 98.657446
1655 1486 9.272603
954 1569 31.898793
18 54 15.575198
577 483 92.225156
1186 737 23.251606
1741 1127 32.514286
367 1816 85.763395
1940 759 69.457648
573 852 15.268512
769 301 109.707686
1111 1281 18.023199
746 1045 116.961468
1465 379 134.307843
27 117 14.647776
454 734 16.091853
628 515 8.425996
1163 1129 138.141410
454 1109 103.273755
409 2161 100.533145
1023 1745 50.076365
2306 1706 64.666681
1964 2067 7.463402
1421 1030 19.458951
223 2334 152.249757
2099 485 92.046851
1902 1392 41.695246
1636 1670 121.200430
1894 793 126.890467
936 1859 155.423307
1444 603 42.325346
1318 971 69.841937
129 1947 129.544106
1847 2321 44.943282
1812 955 109.345793
1847 191 110.034389
389 2301 115.145771
2210 237 145.540717
205 2323 133.993244
2152 1731 36.427749
286 2298 127.293632
965 685 14.714557
615 813 133.275390
2291 2242 14.856020
416 594 52.998366
1714 1319 29.296377
795 1807 56.703003
0 627 64.499760
88 186 10.356173
604 709 40.859811
2040 1438 60.462542
1932 2275 57.246089
2295 2348 13.627636
218 933 72.315339
955 1285 41.764161
2 1216 95.557409
127 28 26.178853
867 751 24.886292
755 350 74.415866
242 2335 134.589077
1092 559 145.142430
1901 285 87.282586
848 1186 20.886466
686 575 8.393114
2280 1861 53.913403
1755 1464 69.523781
36 162 34.309265
1764 1873 13.817838
241 1800 97.064780
421 265 11.331866
1398 128 74.934760
214 363 30.334409
2084 494 150.829608
560 978 136.439836
1708 1091 34.463240
213 652 79.403859
254 134 18.460528
1913 759 141.743530
330 279 8.782726
92 2229 159.984433
949 1370 175.792978
934 1137 136.227041
1450 1507 9.723640
2133 2050 38.757462
803 580 13.425559
877 1636 156.977494
1604 2047 26.671449
1964 2251 40.957436
989 1276 49.990558
2187 1972 61.650350
1975 1748 20.592840
214 2230 127.095415
60 1400 121.070816
315 366 6.930027
1375 2295 66.562866
1268 1963 124.385192
1570 1908 21.840922
799 913 13.565455
1891 1723 10.168845
1839 1923 106.842321
422 750 43.971417
1615 486 79.280505
354 148 60.763485
159 35 35.816998
1210 1082 99.850821
2037 811 65.666967
403 2050 172.027167
1379 583 87.690604
2322 2323 5.181515
1746 1809 36.103144
226 40 27.605362
1104 1800 142.330910
911 630 14.964026
109 434 66.392393
1350 950 51.667053
1910 1339 69.808213
1085 931 88.960872
720 660 26.567865
1497 1186 154.760782
1227 1238 70.621795
320 1782 92.671247
2314 70 158.248956
469 1712 95.946797
520 634 12.670533
1669 1502 12.562005
1415 1193 16.847817
1823 700 60.099052
2222 2183 22.811493
90 558 58.783442
465 1132 46.076205
238 2149 108.790889
1482 2314 71.828263
2220 616 97.506607
784 902 37.317454
1587 868 65.932148
2285 2097 57.522723
1391 1524 127.647140
2230 170 122.923643
520 544 108.211013
478 422 4.266108
1255 1529 37.412417
326 762 56.635462
1232 1959 39.186901
985 1323 20.832598
348 1329 141.601291
110 177 7.339686
303 862 39.785694
1319 1095 10.942603
284 1897 88.847824
977 865 5.620902
2272 1872 57.558069
596 1486 58.481177
1618 1569 39.016075
14 54 26.770085
631 483 100.242866
568 737 12.572057
1525 1127 45.561870
1424 1816 20.820065
1151 759 19.724566
912 852 21.885119
1887 301 155.632992
1072 1281 96.893641
1377 1045 30.422953
846 379 100.926535
53 117 43.746611
902 734 9.143144
1776 515 175.773414
1071 1129 9.998856
941 1109 8.845704
1836 2161 87.384621
1022 1745 46.076616
836 1706 167.437631
2017 2067 3.840553
1378 1030 82.209714
2248 2334 24.790936
1891 485 80.102681
1112 1392 14.078637
84 1670 120.804922
679 793 13.260858
991 1859 153.200332
1387 603 39.417910
2173 971 89.500021
756 1947 109.872796
2322 2321 5.181515
1058 955 57.448322
66 191 14.006562
2158 2301 31.103478
83 237 55.732458
1839 2323 64.833351
559 1731 63.729967
1731 2298 48.234368
460 685 13.970953
2254 813 130.112358
2347 2242 20.386615
2159 594 146.843301
1399 1319 150.511119
300 1807 80.657745
2347 627 117.483027
2274 186 129.031922
717 709 47.302277
645 1438 68.602743
1904 2275 46.788266
2321 2348 16.687297
1877 933 70.838981
833 1285 33.667194
1810 1216 129.813979
339 28 45.921076
1656 751 71.328704
2109 350 124.793755
2239 2335 34.172741
644 559 122.704832
1736 285 79.916361
797 1186 25.046637
516 575 13.818569
2302 1861 53.328813
1743 1464 14.964219
242 162 7.006413
2258 1873 64.340886
2082 1800 65.062491
589 265 20.634302
129 128 5.097572
173 363 38.392713
321 494 41.200670
447 978 130.681119
1714 1091 54.997393
1328 652 41.887347
251 134 10.714942
2208 759 83.188952
234 279 3.853710
1379 2229 105.250401
1118 1370 174.516200
1771 1137 113.210988
1282 1507 12.794416
2158 2050 73.527903
523 580 4.226579
995 1636 159.029696
1716 2047 20.633907
6 2251 150.748229
1781 1276 26.296136
1260 1972 95.832174
1605 1748 125.873631
279 2230 152.874450
1624 1400 11.411995
748 366 56.428052
583 2295 121.571813
2018 1963 7.237023
1349 1908 30.588718
854 913 15.760893
1610 1723 8.377692
2002 1923 94.048591
1480 750 37.381079
399 486 101.326483
358 148 48.909188
155 35 41.914163
1086 1082 25.595168
23 811 60.612048
2052 2050 9.818112
1268 583 90.134285
194 2323 152.544547
855 1809 49.070123
2287 40 151.123060
932 1800 159.179546
462 630 10.168492
2263 434 146.430621
1907 950 56.161489
1368 1339 162.368345
482 931 24.576710
997 660 18.223848
963 1186 12.704246
1449 1238 83.109847
1897 1782 17.115912
268 70 54.311287
479 1712 63.577568
525 634 17.588787
1840 1502 21.566308
2091 1193 93.724220
2241 700 89.664214
acc0 17
acc1 76
acc2 173
acc3 278
acc4 392
acc5 489
acc6 559
acc7 630
acc8 689
acc9 745
acc10 789
acc11 833
acc12 873
acc13 914
acc14 945
