117 2183 129.087578
442 558 22.027301
1752 1132 41.748450
150 2149 136.713267
2126 2314 41.829343
2114 616 86.167994
1854 902 48.719813
1757 868 58.436958
379 2097 96.274797
1744 1524 26.453995
2123 170 114.011437
1809 544 152.720045
1700 422 87.560678
773 1529 175.808464
429 762 25.144824
1236 1959 46.892788
1914 1323 130.183517
429 1329 52.273970
144 177 15.065121
269 862 68.821763
1812 1095 75.162653
1746 1897 88.251602
1871 865 52.882130
271 1872 109.057971
772 1486 92.555016
1911 1569 38.256385
281 54 52.982696
381 483 49.733071
1074 737 18.031792
1745 1127 34.780667
2032 1816 24.570666
712 759 56.725549
1747 852 45.465881
825 301 113.117690
2031 1281 126.855301
1752 1045 131.629981
717 379 22.204304
1857 117 151.826649
1745 734 54.125897
881 515 130.521785
1857 1129 37.700363
551 1109 31.297660
825 2161 140.497383
1522 1745 13.234065
2022 1706 83.892582
2033 2067 67.031514
712 1030 112.844329
714 2334 114.081640
824 485 25.099111
1631 1392 91.664731
1724 1670 9.123621
1223 793 115.117377
1806 1859 13.817816
712 603 18.410933
916 971 4.201991
1948 1947 4.790135
2302 2321 7.193166
1848 955 49.339787
2285 191 163.446616
2335 2301 13.497274
237 237 0.000000
6 2323 171.341503
1674 1731 9.122792
65 2298 144.780097
2282 685 100.741230
703 813 13.423429
2173 2242 10.321135
540 594 8.920491
1655 1319 17.163799
1582 1807 13.426023
686 627 14.641824
429 186 17.850357
1319 709 51.102876
1714 1438 25.521921
2275 2275 0.000000
2319 2348 15.500193
1102 933 8.845813
1230 1285 4.214094
1216 1216 0.000000
118 28 16.339248
744 751 41.443145
209 350 10.666103
2335 2335 0.000000
726 559 9.629423
284 285 4.915046
961 1186 12.704246
464 575 8.487088
1917 1861 4.266669
1407 1464 4.202356
341 162 18.205718
585 1873 66.506851
1745 1800 8.919700
641 265 29.335495
132 128 19.996973
418 363 5.761779
382 494 6.960402
754 978 11.412102
1035 1091 4.211900
541 652 8.392832
296 134 14.897383
188 2183 119.635622
1913 558 95.929756
1749 1132 32.514280
2263 2149 54.623339
1924 2314 56.842128
1801 616 79.395801
1966 902 55.663194
1927 868 60.102043
1921 2097 85.122383
2029 1524 36.590429
2079 170 111.542853
1806 544 169.054190
1865 422 104.228157
488 1529 146.013359
657 762 41.824097
123 1959 111.423032
329 1323 86.308804
381 1329 56.603889
265 177 23.238475
427 862 72.365727
1868 1095 73.352289
1691 1897 92.439145
1981 865 63.058897
1977 1872 35.563244
1858 1486 109.090865
1856 1569 45.086236
381 54 62.936349
429 483 8.452838
1522 737 39.499315
280 1127 95.267185
1913 1816 75.560581
1812 759 84.799231
1692 852 42.095032
938 301 119.567947
657 1281 61.337787
821 1045 11.136505
605 379 16.971386
1977 117 143.962435
1689 734 50.248046
1525 515 52.882310
1801 1129 34.317400
1913 1109 121.236766
938 2161 134.489161
1409 1745 17.455988
319 1706 92.022869
2287 2067 43.644039
1858 1030 81.765964
546 2334 123.656953
882 485 33.524268
1686 1392 82.450688
1335 1670 18.223943
1220 793 132.983158
1809 1859 29.605604
660 603 4.192201
803 971 9.038019
1724 1947 14.358187
19 2321 156.677540
1793 955 45.268359
2306 191 160.619477
2098 2301 39.154577
330 237 12.170241
2073 2323 27.729451
1560 1731 22.380874
2231 2298 42.009998
2132 685 116.823669
985 813 23.493872
2291 2242 14.856020
708 594 13.079677
1711 1319 20.449521
1921 1807 12.450872
912 627 30.585528
227 186 3.886380
1484 709 68.742418
1833 1438 29.257458
2297 2275 5.432141
2133 2348 31.101714
1326 933 19.458438
1118 1285 8.800824
1160 1216 4.215792
117 28 18.528746
1081 751 40.897991
407 350 10.143846
1 2335 169.425693
782 559 13.425555
388 285 7.686024
792 1186 25.046624
745 575 16.987403
1974 1861 8.588808
1520 1464 4.197126
395 162 20.792249
1873 1873 0.000000
1801 1800 5.474808
527 265 32.589005
18 128 17.150029
364 363 6.043762
271 494 47.279143
1147 978 8.845719
1372 1091 17.646887
1868 652 111.659809
298 134 14.320235
118 2183 126.676448
551 558 38.050332
1582 1132 25.543643
1501 2149 52.036940
67 2314 150.328768
1742 616 67.803661
1688 902 41.107329
140 868 56.440286
1752 2097 95.282551
1977 1524 37.317955
1635 170 82.466582
606 544 36.103235
62 422 34.199948
2123 1529 36.015156
381 762 65.369683
1461 1959 41.484642
1969 1323 127.853682
1635 1329 147.968709
60 177 16.936660
1526 862 60.596870
1867 1095 78.479728
662 1897 66.143850
1755 865 58.481165
318 1872 100.769559
827 1486 88.785887
943 1569 67.405545
382 54 62.049196
1697 483 127.125012
1355 737 32.031177
886 1127 108.004026
442 1816 167.549334
1858 759 134.913638
1581 852 36.210566
599 301 98.778732
1978 1281 129.557056
1749 1045 146.512611
934 379 41.708400
1913 117 155.108607
1633 734 48.564428
1636 515 57.567301
1977 1129 66.479228
442 1109 46.076205
1917 2161 17.891366
1355 1745 22.172406
1858 1706 83.067655
89 2067 151.542629
1810 1030 46.782280
428 2334 136.030630
1636 485 159.047880
2288 1392 99.117108
1392 1670 20.943535
151 793 99.723551
1640 1859 30.665076
714 603 8.377849
857 971 13.686417
1498 1947 25.805595
2296 2321 27.618729
1012 955 4.207011
17 191 30.274011
1 2301 160.432244
384 237 13.231648
2022 2323 32.216197
1336 1731 29.296376
1448 2298 59.836098
741 685 4.188501
1369 813 37.878124
2130 2242 25.645823
1925 594 104.836720
984 1319 17.631512
1749 1807 8.920482
744 627 29.561266
272 186 7.740157
585 709 70.641909
1721 1438 25.521923
2223 2275 24.455771
1935 2348 45.116094
1547 933 34.321704
1117 1285 8.801184
375 1216 44.635303
188 28 22.372451
912 751 46.442023
571 350 18.513962
2156 2335 23.912413
725 559 12.572057
333 285 9.140325
569 1186 32.881019
579 575 21.852987
2076 1861 15.084183
1294 1464 12.619509
507 162 27.236279
1929 1873 4.266669
280 1800 124.411081
39 265 28.967861
35 128 26.178853
473 363 13.775458
1977 494 171.410651
1202 978 10.980599
644 1091 20.148550
371 652 16.646626
302 134 23.837888
833 2183 78.479405
189 558 59.748731
1414 1132 21.063187
1969 2149 53.141216
2081 2314 45.954011
1502 616 76.727735
2078 902 87.929536
84 868 52.845057
280 2097 108.850066
2164 1524 46.386296
488 170 85.502120
664 544 45.222359
372 422 31.878196
941 1529 174.378608
1752 762 118.424463
1177 1959 43.391854
330 1323 91.037057
1636 1329 149.232160
109 177 7.588987
2032 862 63.843019
1858 1095 124.989647
154 1897 100.911579
1644 865 50.104062
371 1872 100.307394
1812 1486 62.480367
1223 1569 64.882582
280 54 54.259841
713 483 35.814292
1466 737 36.303700
379 1127 113.520711
427 1816 95.929468
1867 759 88.641159
1524 852 33.203495
381 301 88.617318
1979 1281 131.290564
492 1045 50.796524
548 379 10.539766
2080 117 144.402607
1690 734 52.517228
1581 515 55.088188
2031 1129 73.681528
1526 1109 158.973991
1973 2161 14.306306
1466 1745 14.964219
156 1706 135.141110
92 2067 136.380916
1755 1030 39.800501
487 2334 129.531729
1581 485 154.863621
668 1392 42.454523
1948 1670 18.261551
999 793 110.931435
1805 1859 8.695993
771 603 9.433133
913 971 15.939972
514 1947 154.010544
2259 2321 15.047389
900 955 4.201960
7 191 30.405049
2068 2301 30.471256
441 237 15.418841
156 2323 156.916209
1113 1731 34.780667
326 2298 119.230967
1731 685 120.538770
1536 813 45.895625
1938 2242 25.206307
275 594 39.554852
760 1319 28.399505
1358 1807 24.129008
1386 627 154.891778
271 186 7.187793
1371 709 72.796251
353 1438 131.899971
78 2275 174.845071
313 2348 132.665194
875 933 15.940374
1005 1285 14.048996
1271 1216 4.214321
2202 28 161.119695
2197 751 102.459462
346 350 19.331343
79 2335 154.345889
617 559 14.254688
385 285 17.617944
1128 1186 16.295101
691 575 23.377155
2024 1861 15.068307
1405 1464 15.940864
389 162 22.012225
1817 1873 4.227235
1854 1800 8.696740
525 265 40.973895
284 128 22.255157
143 363 17.616290
91 494 34.226666
756 978 12.587954
646 1091 25.167584
485 652 12.607751
2100 134 161.539188
2202 2183 60.604020
2032 558 146.853426
1921 1132 50.599270
185 2149 141.716869
1812 2314 63.280936
69 616 47.415883
1690 902 46.482463
1030 868 38.225940
1582 2097 107.161229
664 1524 134.379428
494 170 81.498716
711 544 9.629502
1858 422 136.610131
935 1529 142.180403
1809 762 116.094420
1629 1959 37.554338
1968 1323 129.201822
1581 1329 152.315797
177 177 0.000001
826 862 119.403644
1925 1095 71.887414
2030 1897 94.246729
2129 865 69.286894
382 1872 149.225144
1867 1486 64.975049
1912 1569 43.120674
2227 54 139.062835
1752 483 130.999026
906 737 9.143144
880 1127 144.105992
189 1816 127.349854
1700 759 82.040080
1413 852 28.305867
661 301 105.243096
1857 1281 97.316963
603 1045 43.136828
1055 379 42.947106
2124 117 149.190989
1977 734 91.509911
1693 515 60.915949
1978 1129 70.829318
1748 1109 142.318364
1918 2161 18.095816
1353 1745 20.449481
195 1706 143.339522
1742 2067 23.792318
1867 1030 45.664825
1329 2334 85.546853
1635 485 163.222579
1113 1392 14.078414
1498 1670 22.722202
1219 793 138.777205
277 1859 155.435707
547 603 4.203862
1586 971 31.899083
253 1947 168.595623
2310 2321 26.003871
1402 955 22.872183
2323 191 157.627790
2156 2301 25.950926
440 237 17.554022
321 2323 148.385595
2217 1731 44.732953
191 2298 129.653940
852 685 9.272896
1872 813 59.825562
1995 2242 23.501498
89 594 41.919062
873 1319 25.422696
1414 1807 20.820195
2197 627 88.011370
381 186 37.089589
877 709 9.142921
1881 1438 37.510319
2338 2275 29.666048
562 2348 124.399876
1642 933 123.742720
1396 1285 8.418949
1217 1216 6.421204
28 28 -1.#IND00
686 751 55.433747
213 350 24.195330
2068 2335 31.171918
336 559 14.194136
124 285 17.955514
678 1186 37.742636
305 575 31.350651
1915 1861 13.331456
902 1464 30.348413
615 162 31.635382
1371 1873 28.067681
1857 1800 8.695976
212 265 45.730354
124 128 19.996973
643 363 17.009827
318 494 55.488107
697 978 17.046544
1264 1091 33.903688
318 652 20.723971
341 134 32.403341
498 2183 97.554186
490 558 60.472403
603 1132 142.074395
193 2149 115.913572
1867 2314 60.786144
2305 616 109.164409
1448 902 93.249759
40 868 59.687518
492 2097 90.857023
1524 1524 0.000000
1108 170 116.134825
604 544 25.173161
2073 422 137.501033
1635 1529 36.717533
1526 762 128.175833
1628 1959 33.123724
1980 1323 86.911576
1803 1329 138.342461
260 177 7.274121
189 862 92.124825
371 1095 46.893318
153 1897 103.241946
2167 865 75.544834
91 1872 133.036085
1868 1486 59.702006
999 1569 69.068487
2080 54 125.739867
1640 483 128.417269
1409 737 33.373708
492 1127 111.673006
551 1816 152.720131
1868 759 83.937340
1525 852 33.802971
662 301 104.474968
1968 1281 91.122422
1582 1045 148.557518
1105 379 41.655131
1912 117 154.432521
1688 734 48.676568
1413 515 47.423034
1913 1129 40.976391
490 1109 35.423139
1860 2161 21.531593
909 1745 47.494310
236 1706 143.632655
2125 2067 58.220851
1812 1030 41.657695
1582 2334 68.237518
711 485 16.777423
888 1392 24.959648
514 1670 137.644092
1163 793 134.667881
2029 1859 27.379830
772 603 9.433078
520 971 29.627166
54 1947 147.358752
33 2321 153.206300
1124 955 8.845704
167 191 58.103960
79 2301 161.951308
184 237 54.216232
322 2323 148.742230
1779 1731 46.929750
1551 2298 59.527512
2089 685 121.091795
1704 813 54.288610
422 2242 105.736424
87 594 38.058011
1098 1319 22.128735
1301 1807 27.641256
1670 627 142.796751
148 186 7.965615
843 709 125.725395
800 1438 142.682259
2212 2275 24.455771
358 2348 134.946235
1552 933 34.321750
1120 1285 18.023199
771 1216 29.188571
2034 28 144.734423
1697 751 62.636505
206 350 20.470612
2157 2335 23.912413
951 559 20.820701
132 285 38.950476
455 1186 43.483533
37 575 46.772015
2118 1861 21.551103
1237 1464 22.022634
1904 162 97.904138
1985 1873 6.960000
1911 1800 8.487969
2243 265 118.315475
388 128 26.831303
307 363 20.730709
1805 494 150.393600
1763 978 39.904927
308 1091 47.739682
491 652 42.356197
680 134 40.288081
2034 2183 72.686367
427 558 91.814531
492 1132 133.648486
2030 2149 72.156497
151 2314 136.690330
1334 616 74.631206
191 902 91.833171
2072 868 117.478480
1358 2097 118.307543
1806 1524 17.358863
941 170 106.069348
2164 544 145.314366
548 422 71.079024
600 1529 148.165927
769 762 42.298361
1626 1959 25.250171
1924 1323 89.919722
1691 1329 144.154052
261 177 7.430065
375 862 92.604226
1813 1095 69.864852
324 1897 94.344491
115 865 59.919435
121 1872 138.196455
1700 1486 63.012845
151 1569 117.508153
383 54 61.015233
1809 483 129.603036
1976 737 76.506234
823 1127 145.505722
269 1816 100.194695
1756 759 80.877979
1469 852 30.540980
716 301 108.443423
1913 1281 94.128724
1414 1045 147.734816
1051 379 36.345305
2032 117 139.770972
1801 734 56.132254
1470 515 50.960971
1745 1129 31.319013
189 1109 56.672811
1974 2161 15.131249
1976 1745 38.655563
6 1706 119.113262
1925 2067 72.425718
1866 1030 48.027535
996 2334 98.460131
1747 485 167.329782
2265 1392 101.676456
891 1670 50.135130
1918 793 65.128022
1246 1859 35.422946
716 603 8.377547
743 971 27.083460
2304 1947 59.077208
2221 2321 23.586084
899 955 4.201960
211 191 67.816402
1671 2301 54.419356
64 237 37.120868
195 2323 150.517410
208 1731 121.716445
1966 2298 54.307302
981 685 97.918783
2135 813 74.986119
365 2242 109.627874
2033 594 107.742336
591 1319 36.781326
1752 1807 8.919735
1330 627 154.734184
88 186 10.356173
598 709 8.377856
688 1438 142.009988
2051 2275 24.293346
1734 2348 63.530683
466 933 109.161388
783 1285 26.681074
1383 1216 8.846190
15 28 3.442705
1136 751 50.687842
257 350 26.978794
149 2335 159.388191
840 559 17.359373
18 285 33.012207
1186 1186 0.000000
217 575 48.348637
1976 1861 16.602924
959 1464 24.959144
296 162 34.578774
1760 1873 8.426541
1688 1800 6.210998
861 265 53.591759
56 128 36.335409
584 363 22.121580
371 494 54.340116
1480 978 29.442688
20 1091 86.655399
598 652 14.642169
395 134 36.037324
651 2183 102.299488
1748 558 106.943562
602 1132 145.219291
495 2149 94.968624
483 2314 111.567876
95 616 43.687107
2231 902 84.548531
481 868 38.177622
1749 2097 98.595639
606 1524 142.644870
600 170 91.909716
768 544 12.116901
1982 422 91.296957
2079 1529 32.575438
1414 762 126.804415
1796 1959 25.189255
2022 1323 124.918444
1692 1329 145.831899
259 177 9.582254
278 862 107.051647
1982 1095 66.479015
884 1897 60.102035
1643 865 54.275211
1868 1872 21.043641
1756 1486 59.888167
608 1569 71.275452
279 54 55.351471
1696 483 132.373823
1353 737 30.767504
486 1127 136.895828
1968 1816 75.945337
1645 759 72.861936
1636 852 38.994502
382 301 87.832638
769 1281 59.245921
1921 1045 125.442815
1161 379 43.392186
2125 117 145.540420
656 734 121.200811
1582 515 56.426414
1856 1129 37.700360
1636 1109 145.735205
2074 2161 8.155327
906 1745 42.325602
1982 1706 24.784788
87 2067 160.099565
1914 1030 85.151188
1272 2334 88.771872
768 485 20.940060
1465 1392 102.626328
325 1670 73.663108
943 793 106.899843
547 1859 160.938572
882 603 17.183148
1584 971 37.664306
1335 1947 39.031806
3 2321 166.847711
843 955 5.620902
2168 191 155.346709
2157 2301 28.509524
1968 237 122.753276
319 2323 146.956205
668 1731 53.902612
334 2298 121.632916
628 685 4.192162
2136 813 77.184691
421 2242 106.539817
29 594 60.546734
1258 1319 32.446459
379 1807 169.460172
1331 627 150.703953
713 186 39.612486
708 709 5.943302
406 1438 142.403159
2192 2275 36.693180
587 2348 119.469287
1719 933 41.332020
1733 1285 22.971994
278 1216 58.549287
651 28 57.777420
120 751 84.170789
633 350 26.619449
2098 2335 45.411314
1009 559 26.261042
553 285 26.310468
1014 1186 29.975057
22 575 50.811796
2199 1861 25.297902
1016 1464 21.987205
1512 162 76.185505
1816 1873 8.696724
1798 1800 10.946583
2290 265 121.403614
333 128 27.130190
811 363 26.090152
152 494 33.113382
808 978 17.660812
973 1091 38.540940
707 652 4.188064
679 134 41.974762
94 2183 126.883024
269 558 86.094360
379 1132 131.002558
1746 2149 66.721043
2080 2314 47.435468
1666 616 104.396205
2166 902 102.464871
370 868 45.691945
602 2097 82.141608
91 1524 129.045366
655 170 94.240044
271 544 23.468556
2022 422 145.482475
1108 1529 163.197378
1865 762 113.870358
673 1959 67.777079
1979 1323 91.623778
1523 1329 153.414350
80 177 15.368983
1913 862 97.739914
1869 1095 68.327575
2263 1897 74.842408
2117 865 110.707475
485 1872 104.544181
1865 1486 75.444151
67 1569 102.885336
1857 54 108.939040
1808 483 134.736473
513 737 12.457198
544 1127 134.067720
1967 1816 80.012874
1701 759 76.894775
1580 852 36.210561
773 301 111.121219
1856 1281 92.123331
828 1045 45.431112
493 379 12.232954
2078 117 151.192608
881 734 125.372581
1637 515 58.529791
2030 1129 69.259213
1692 1109 141.680074
2024 2161 13.332288
1408 1745 18.464375
496 1706 148.169209
2124 2067 54.329398
1643 1030 34.419670
544 2334 125.814921
1525 485 150.671597
1866 1392 132.576874
628 1670 148.434242
323 793 112.136111
274 1859 165.377259
661 603 9.123730
301 971 43.004426
2260 1947 71.042143
31 2321 155.279495
788 955 9.038027
248 191 63.723646
149 2301 152.827844
608 237 25.580083
236 2323 148.301209
1333 1731 44.194005
377 2298 116.904172
1037 685 102.015507
1434 813 41.703837
533 2242 99.987973
92 594 55.180470
1595 1319 27.333866
602 1807 175.796004
1388 627 145.249395
270 186 9.198433
1681 709 130.291792
969 1438 132.897292
204 2275 146.983499
868 2348 101.399785
1777 933 47.715465
1290 1285 31.991978
1384 1216 8.846152
27 28 5.181401
1419 751 41.822436
357 350 33.469638
2163 2335 29.768837
290 559 25.718777
35 285 44.379047
732 1186 43.707108
34 575 48.673590
856 1861 54.616418
903 1464 28.274204
1845 162 96.018660
1930 1873 4.266210
1912 1800 6.658992
2265 265 120.118338
45 128 30.574085
423 363 18.330413
1640 494 163.222356
647 978 30.915554
870 1091 17.876915
545 652 28.817091
2059 134 139.398627
2077 2183 70.819720
826 558 67.935762
1641 1132 42.687144
153 2149 125.812802
595 2314 105.158621
1975 616 113.007275
719 902 87.687169
175 868 56.417320
1414 2097 115.060261
1805 1524 15.267927
773 170 98.502400
1640 544 152.732694
1751 422 109.481655
939 1529 166.313294
1696 762 120.827597
1119 1959 44.635033
2021 1323 125.981516
1747 1329 142.185438
258 177 13.091155
490 862 109.091217
1923 1095 81.657974
150 1897 113.436276
424 865 42.433926
152 1872 128.148498
1755 1486 65.519885
2080 1569 91.833978
1913 54 112.606439
1751 483 136.223102
1408 737 33.963441
1749 1127 50.783580
2031 1816 29.105530
1813 759 79.987780
1637 852 39.499127
829 301 113.607134
1914 1281 99.060351
379 1045 49.940314
321 379 24.600871
2081 117 141.049310
1521 734 43.323978
1692 515 60.303855
1912 1129 41.405444
375 1109 50.287349
1805 2161 24.541171
1074 1745 34.463363
321 1706 100.392221
29 2067 135.620672
1865 1030 51.005154
1328 2334 86.556735
1693 485 158.423095
125 1392 75.608778
253 1670 148.293051
67 793 82.821665
232 1859 153.216091
437 603 12.677404
1193 971 16.847555
628 1947 159.407168
103 2321 144.858666
1123 955 8.845704
461 191 84.152362
1668 2301 59.509792
1856 237 117.810815
2305 2323 5.278008
1555 1731 50.321209
155 2298 132.808549
684 685 5.807200
1546 813 45.930056
220 2242 120.912314
539 594 4.203863
1649 1319 36.797871
1863 1807 4.226732
1274 627 150.642413
320 186 10.648418
1907 709 141.010881
2044 1438 43.261726
80 2275 174.845073
560 2348 123.919813
1890 933 56.161306
728 1285 33.647176
1526 1216 154.986791
498 28 46.048824
707 751 70.406403
511 350 30.808616
175 2335 148.108073
1343 559 39.801305
56 285 54.018880
1243 1186 4.215637
569 575 32.681281
631 1861 64.441603
901 1464 33.520750
895 162 46.570061
1759 1873 12.670527
1921 1800 47.141537
1656 265 75.525182
43 128 38.491501
413 363 27.710945
121 494 29.149747
474 978 27.417276
1094 1091 16.259979
271 652 23.954922
2299 134 156.200920
1158 2183 69.990470
375 558 71.723425
1585 1132 38.599981
324 2149 117.627835
184 2314 133.074271
89 616 72.420877
155 902 84.844139
222 868 42.093781
603 2097 83.251413
277 1524 143.390173
939 170 108.471406
233 544 31.942926
374 422 41.285293
1753 1529 11.835001
1751 762 124.038919
1173 1959 43.391849
1858 1323 131.972469
1977 1329 123.396366
215 177 8.928780
1748 862 76.728294
1981 1095 70.829126
1923 1897 102.596527
1759 865 46.724980
770 1872 119.115076
1701 1486 57.229376
831 1569 70.013431
2032 54 122.987439
1641 483 123.155116
1689 737 47.871297
487 1127 133.648154
1856 1816 79.500868
1755 759 85.941316
1693 852 42.095037
774 301 110.292977
1967 1281 86.359755
710 1045 18.031660
322 379 19.746566
1801 117 148.464885
1575 734 41.981286
1747 515 63.286893
1802 1129 34.857476
771 1109 20.932776
1862 2161 21.887824
1190 1745 41.878813
2073 1706 74.763887
1801 2067 29.406548
1756 1030 37.814699
379 2334 131.958397
1803 485 171.303604
2165 1392 112.380556
776 1670 46.557929
1911 793 58.967772
2164 1859 33.676561
884 603 14.963863
350 971 47.751308
1392 1947 41.708003
2292 2321 29.457358
844 955 8.398723
61 191 35.983429
1886 2301 58.158630
187 237 42.014375
1504 2323 81.695602
1776 1731 62.818936
194 2298 129.653941
798 685 8.375090
1479 813 51.245626
1820 2242 35.820081
30 594 65.647800
649 1319 35.845784
1273 1807 141.822213
1383 627 162.544106
87 186 12.160019
1006 709 101.473591
1080 1438 138.037905
297 2275 151.485194
729 2348 115.104060
1699 933 120.708647
955 1285 41.764161
1215 1216 6.421300
46 28 5.277873
88 751 68.289128
343 350 33.468965
228 2335 151.449969
780 559 21.147257
45 285 35.800177
1131 1186 4.215634
1996 575 147.872639
2196 1861 28.517035
677 1464 43.427847
1846 162 95.195854
1484 1873 25.098563
1853 1800 13.818633
351 265 61.592117
41 128 42.997563
1034 363 38.105692
277 494 19.247623
1877 978 51.470039
1204 1091 8.800823
601 652 31.565862
2321 134 141.780571
721 2183 84.151171
1441 558 91.838651
821 1132 154.986842
1980 2149 79.708522
1979 2314 54.060326
1665 616 109.703997
326 902 98.753956
1252 868 53.592145
1273 2097 47.703096
121 1524 130.065587
935 170 108.888470
1977 544 150.114556
156 422 67.428128
1585 1529 4.191407
1527 762 122.159695
390 1959 83.821678
235 1323 91.596998
1579 1329 149.556022
369 177 40.399252
771 862 120.451610
2035 1095 65.644916
1385 1897 50.827858
2159 865 107.276553
1744 1872 83.596248
1813 1486 57.007060
774 1569 79.486832
2081 54 127.017013
1803 483 160.938480
2076 737 77.140240
1921 1127 71.887637
490 1816 129.603041
1758 759 71.275413
1470 852 31.834103
549 301 99.059280
1922 1281 131.553037
602 1045 38.137899
1111 379 43.979891
1911 117 153.206941
543 734 119.326371
1469 515 49.478050
1911 1129 42.666388
826 1109 21.025466
2075 2161 7.072592
1974 1745 29.258527
1857 1706 87.728873
30 2067 131.193346
1811 1030 43.866457
437 2334 126.822706
1523 485 158.433490
48 1392 85.317622
54 1670 128.653500
774 793 111.211297
1440 1859 131.280357
436 603 10.168515
1192 971 22.088967
116 1947 111.858928
2145 2321 36.652034
1179 955 10.980599
299 191 73.895191
1613 2301 59.726258
190 237 27.999453
2322 2323 5.181515
32 1731 107.913054
434 2298 113.007310
1321 685 128.227108
1703 813 58.455558
2332 2242 27.484288
2287 594 123.168088
866 1319 37.878010
660 1807 171.607525
88 627 84.329249
89 186 11.853403
1960 709 128.361205
523 1438 121.439897
210 2275 164.136069
787 2348 112.475306
1031 933 91.562688
953 1285 30.422508
269 1216 60.359466
44 28 6.206623
1810 751 63.717733
848 350 39.247136
222 2335 151.449970
723 559 21.998080
285 285 0.000001
1012 1186 42.439439
361 575 52.133042
576 1861 68.135056
1572 1464 25.260998
2063 162 108.837398
1983 1873 12.233283
1910 1800 12.451539
1829 265 94.839764
63 128 43.135248
524 363 35.306506
545 494 29.606061
1431 978 37.894896
1091 1091 0.000000
121 652 52.090214
507 134 41.803631
acc0 10
acc1 42
acc2 77
acc3 124
acc4 172
acc5 219
acc6 245
acc7 294
acc8 331
acc9 375
acc10 412
acc11 459
acc12 506
acc13 545
acc14 576
