1291 1.2879
1239 1.2141
1294 1.1708
1413 1.1661
1235 1.1653
1238 1.1353
1133 1.1081
1077 1.1073
1236 1.1021
1293 1.0793
1234 1.0498
1189 1.0306
1470 1.0208
1290 1.0095
1237 0.9870
1461 0.9686
1233 0.9668
1179 0.9589
1289 0.9513
1292 0.9444
1401 0.9374
1358 0.9224
1349 0.9125
1517 0.9006
1301 0.9005
1346 0.8917
1178 0.8844
1182 0.8734
1405 0.8631
1350 0.8603
1345 0.8470
1526 0.8252
1348 0.8106
1630 0.8081
1414 0.8078
1357 0.8051
1021 0.8017
1295 0.7719
1573 0.7633
1177 0.7618
1022 0.7587
1575 0.7434
1134 0.7434
1347 0.7376
1181 0.7282
1246 0.7239
1258 0.7171
957 0.7127
1245 0.7117
1516 0.7099
1076 0.7010
1180 0.6961
1574 0.6859
1013 0.6774
1288 0.6760
1525 0.6718
1183 0.6713
1313 0.6542
956 0.6492
1260 0.6473
1351 0.6470
1176 0.6437
1471 0.6299
1404 0.6298
1124 0.6284
1201 0.6282
1123 0.6198
1469 0.6195
1232 0.6184
1462 0.6122
1482 0.6014
1632 0.5996
1188 0.5989
901 0.5914
1518 0.5800
1400 0.5756
1631 0.5710
965 0.5663
1687 0.5657
1302 0.5582
1122 0.5481
1583 0.5447
1146 0.5441
1067 0.5415
1240 0.5340
1370 0.5285
1582 0.5266
1576 0.5216
902 0.5198
1068 0.5132
1190 0.5126
1287 0.5072
1012 0.5062
1014 0.5052
1629 0.4993
1257 0.4986
1406 0.4985
1121 0.4948
1403 0.4896
1317 0.4866
1132 0.4859
1686 0.4858
1426 0.4854
1300 0.4846
1202 0.4775
1078 0.4768
1231 0.4743
1402 0.4630
1127 0.4518
1075 0.4517
1125 0.4401
1175 0.4399
1344 0.4392
958 0.4346
1688 0.4337
1314 0.4333
1538 0.4310
1460 0.4300
1519 0.4289
1069 0.4258
1577 0.4255
1126 0.4242
966 0.4157
1120 0.4126
1457 0.4125
1689 0.4122
1131 0.4119
1090 0.4064
1359 0.4063
1316 0.4056
1742 0.4026
1148 0.4012
1204 0.3991
1458 0.3949
1425 0.3944
1628 0.3925
964 0.3854
950 0.3827
1638 0.3826
1135 0.3723
1205 0.3712
1020 0.3668
1244 0.3661
1520 0.3649
1187 0.3642
1066 0.3630
1063 0.3625
1089 0.3610
1145 0.3588
1527 0.3575
1007 0.3540
1463 0.3508
1369 0.3438
1011 0.3425
1064 0.3424
900 0.3410
1412 0.3377
1093 0.3374
1572 0.3333
1147 0.3306
1034 0.3300
1744 0.3264
951 0.3263
955 0.3248
1008 0.3164
1702 0.3110
1296 0.3096
1352 0.3088
1646 0.3085
1006 0.3081
1065 0.3078
1743 0.3041
1259 0.3039
1035 0.2946
1409 0.2938
1312 0.2924
1315 0.2900
1070 0.2891
1247 0.2888
1483 0.2883
1685 0.2874
1353 0.2860
1456 0.2824
1010 0.2805
1128 0.2801
1372 0.2793
1741 0.2763
1092 0.2762
895 0.2758
1009 0.2749
1036 0.2733
845 0.2715
910 0.2711
1371 0.2705
1023 0.2681
1415 0.2680
954 0.2675
1407 0.2657
1091 0.2647
898 0.2593
953 0.2591
1513 0.2583
1537 0.2573
899 0.2567
1200 0.2565
844 0.2559
978 0.2545
1184 0.2535
894 0.2522
1019 0.2520
1633 0.2497
1637 0.2482
1464 0.2462
979 0.2458
1584 0.2447
1581 0.2443
1354 0.2423
1639 0.2417
1062 0.2399
1015 0.2388
909 0.2383
1465 0.2361
1203 0.2360
1399 0.2340
1703 0.2331
920 0.2324
1074 0.2322
1459 0.2316
1356 0.2297
1515 0.2292
1297 0.2264
1033 0.2237
1799 0.2237
1119 0.2235
1408 0.2222
1634 0.2217
1640 0.2211
980 0.2200
1800 0.2199
977 0.2183
1798 0.2175
1512 0.2154
1299 0.2149
1243 0.2144
1587 0.2142
842 0.2134
949 0.2134
952 0.2132
1071 0.2118
1647 0.2113
1241 0.2112
1591 0.2103
903 0.2096
976 0.2091
868 0.2085
1590 0.2073
841 0.2046
897 0.2040
1645 0.2031
1521 0.2030
1256 0.2030
1642 0.2028
843 0.2026
1694 0.2023
1697 0.2022
1758 0.2014
1593 0.2007
1594 0.2000
1528 0.2000
1191 0.1995
1648 0.1975
846 0.1970
923 0.1967
1186 0.1963
1691 0.1954
1088 0.1952
1586 0.1933
416 0.1916
1310 0.1909
838 0.1902
1255 0.1901
975 0.1898
1585 0.1884
1368 0.1881
1643 0.1880
924 0.1877
1752 0.1873
1343 0.1872
864 0.1870
1801 0.1866
1641 0.1848
1311 0.1843
1695 0.1842
896 0.1832
1472 0.1828
1530 0.1820
1261 0.1815
1649 0.1814
963 0.1797
1466 0.1796
1514 0.1790
472 0.1786
921 0.1779
1481 0.1768
1524 0.1767
1367 0.1762
1032 0.1754
1684 0.1741
922 0.1732
1149 0.1727
1696 0.1721
1079 0.1708
1745 0.1705
178 0.1681
1592 0.1681
1424 0.1680
1303 0.1672
1254 0.1669
867 0.1660
1298 0.1656
1757 0.1655
1579 0.1644
1198 0.1640
1427 0.1640
218 0.1639
360 0.1638
911 0.1633
415 0.1632
1740 0.1622
1797 0.1617
1174 0.1604
1570 0.1603
1410 0.1586
1699 0.1584
1635 0.1584
786 0.1579
1627 0.1570
959 0.1567
1704 0.1563
981 0.1550
1571 0.1549
1536 0.1549
1705 0.1548
1698 0.1545
962 0.1542
1037 0.1542
1701 0.1533
1061 0.1516
1286 0.1508
1423 0.1508
1199 0.1493
839 0.1490
1535 0.1473
1534 0.1473
840 0.1472
1578 0.1466
1700 0.1464
787 0.1459
1529 0.1457
1753 0.1447
179 0.1441
1690 0.1439
1385 0.1438
1130 0.1437
1355 0.1422
1480 0.1417
466 0.1415
1144 0.1412
854 0.1411
1242 0.1411
1854 0.1410
1569 0.1409
743 0.1409
1422 0.1402
44 0.1400
908 0.1396
1588 0.1387
788 0.1386
1644 0.1379
785 0.1378
1479 0.1374
1018 0.1370
454 0.1366
262 0.1365
863 0.1364
522 0.1363
1531 0.1356
1366 0.1336
1031 0.1333
687 0.1333
631 0.1332
1756 0.1324
1072 0.1320
866 0.1317
1468 0.1316
688 0.1309
970 0.1302
837 0.1302
578 0.1301
799 0.1296
1016 0.1292
1759 0.1291
853 0.1285
1474 0.1283
1087 0.1282
521 0.1280
1129 0.1273
1083 0.1273
1814 0.1272
1755 0.1268
219 0.1267
967 0.1259
1809 0.1256
1185 0.1250
143 0.1250
1027 0.1242
1441 0.1239
27 0.1239
1750 0.1237
1309 0.1234
919 0.1229
1626 0.1228
1589 0.1224
1118 0.1220
1411 0.1212
1473 0.1211
1140 0.1210
397 0.1209
865 0.1207
812 0.1206
261 0.1206
808 0.1205
217 0.1205
456 0.1203
65 0.1202
1143 0.1201
142 0.1198
512 0.1192
1853 0.1192
789 0.1190
83 0.1189
893 0.1183
410 0.1177
914 0.1176
1172 0.1172
1329 0.1171
111 0.1170
1856 0.1167
473 0.1161
511 0.1161
1751 0.1153
1754 0.1147
742 0.1145
568 0.1143
1746 0.1141
1195 0.1141
309 0.1140
855 0.1140
729 0.1135
1533 0.1134
632 0.1130
800 0.1130
1360 0.1126
59 0.1126
1197 0.1125
1595 0.1122
576 0.1121
361 0.1121
1855 0.1119
14 0.1117
1139 0.1116
24 0.1111
1028 0.1111
1511 0.1110
1084 0.1106
40 0.1105
1136 0.1104
467 0.1104
1813 0.1101
1760 0.1101
730 0.1097
1005 0.1095
409 0.1095
1815 0.1093
633 0.1093
1017 0.1092
1915 0.1087
1749 0.1085
1475 0.1085
798 0.1085
398 0.1080
1478 0.1079
577 0.1079
1073 0.1077
1812 0.1077
915 0.1076
971 0.1071
1253 0.1071
1803 0.1066
1859 0.1065
39 0.1064
1808 0.1063
510 0.1061
110 0.1060
1196 0.1060
907 0.1056
782 0.1056
1141 0.1054
1858 0.1053
1693 0.1051
45 0.1051
869 0.1050
1248 0.1050
60 0.1050
1252 0.1047
1142 0.1043
790 0.1042
1747 0.1042
1082 0.1041
471 0.1038
453 0.1037
509 0.1034
689 0.1032
1026 0.1031
852 0.1030
90 0.1028
960 0.1024
1621 0.1021
1208 0.1020
465 0.1017
783 0.1014
455 0.1013
84 0.1012
1522 0.1011
744 0.1010
528 0.1007
579 0.1005
89 0.1003
12 0.1000
630 0.0998
961 0.0998
904 0.0993
5 0.0992
575 0.0991
1739 0.0990
1692 0.0990
969 0.0987
373 0.0986
527 0.0983
1117 0.0982
28 0.0981
1802 0.0980
1229 0.0979
1636 0.0977
756 0.0974
372 0.0971
811 0.0969
354 0.0967
784 0.0965
15 0.0961
1418 0.0956
64 0.0953
1086 0.0952
320 0.0952
1807 0.0950
118 0.0947
1417 0.0945
429 0.0943
1683 0.0941
810 0.0941
974 0.0941
1307 0.0937
1796 0.0936
399 0.0935
809 0.0935
1308 0.0933
343 0.0930
1373 0.0930
1455 0.0928
731 0.0928
308 0.0928
1857 0.0927
359 0.0925
1811 0.0924
1085 0.0924
1580 0.0921
82 0.0921
112 0.0920
1365 0.0917
1566 0.0915
1532 0.0914
1625 0.0914
858 0.0914
177 0.0913
0 0.0910
912 0.0909
1421 0.0908
1384 0.0908
66 0.0907
1251 0.0902
634 0.0902
569 0.0901
1094 0.0901
523 0.0899
13 0.0894
686 0.0892
1416 0.0891
520 0.0886
1029 0.0885
652 0.0885
1816 0.0885
1568 0.0880
972 0.0880
847 0.0878
856 0.0873
1970 0.0871
708 0.0871
566 0.0870
1870 0.0869
1230 0.0867
905 0.0866
1467 0.0863
906 0.0863
355 0.0861
144 0.0858
913 0.0857
1852 0.0856
319 0.0856
1810 0.0855
1263 0.0852
1916 0.0849
457 0.0846
1523 0.0845
1228 0.0845
1284 0.0844
857 0.0843
411 0.0839
1650 0.0839
1869 0.0838
1151 0.0837
741 0.0836
596 0.0835
1364 0.0834
1806 0.0832
1971 0.0831
1173 0.0831
1030 0.0831
4 0.0830
1304 0.0830
25 0.0829
1539 0.0829
23 0.0826
6 0.0826
1476 0.0825
26 0.0823
567 0.0820
1363 0.0819
41 0.0819
61 0.0818
1914 0.0817
797 0.0815
1706 0.0814
1804 0.0813
1024 0.0813
400 0.0811
485 0.0809
519 0.0809
484 0.0808
43 0.0808
925 0.0807
1419 0.0802
119 0.0801
674 0.0800
1868 0.0800
916 0.0799
1116 0.0799
1194 0.0797
1428 0.0795
272 0.0793
1152 0.0793
1910 0.0793
1761 0.0792
624 0.0792
690 0.0791
801 0.0791
1442 0.0791
151 0.0788
344 0.0785
342 0.0785
1678 0.0784
635 0.0783
1362 0.0780
745 0.0780
310 0.0779
728 0.0778
430 0.0776
1867 0.0776
428 0.0774
653 0.0773
271 0.0770
732 0.0767
802 0.0766
1 0.0765
371 0.0763
968 0.0762
1342 0.0762
1420 0.0760
1864 0.0760
1060 0.0759
1748 0.0756
1192 0.0755
1285 0.0755
1477 0.0755
859 0.0754
791 0.0754
85 0.0753
113 0.0747
1398 0.0746
1622 0.0746
1306 0.0745
58 0.0745
574 0.0745
180 0.0744
417 0.0742
848 0.0742
321 0.0742
1805 0.0741
141 0.0738
1497 0.0734
1911 0.0729
982 0.0725
1817 0.0722
580 0.0719
1871 0.0719
414 0.0718
691 0.0715
675 0.0714
1361 0.0713
541 0.0713
1860 0.0713
1207 0.0711
145 0.0707
1138 0.0706
518 0.0704
1025 0.0704
1510 0.0703
91 0.0702
513 0.0697
3 0.0696
746 0.0696
1863 0.0695
1677 0.0693
318 0.0693
263 0.0693
1081 0.0692
270 0.0692
1909 0.0691
468 0.0690
1080 0.0690
973 0.0689
851 0.0688
1862 0.0688
1429 0.0687
803 0.0686
1206 0.0685
948 0.0684
1509 0.0682
260 0.0682
623 0.0682
1273 0.0682
150 0.0680
629 0.0679
464 0.0677
1330 0.0672
1926 0.0672
781 0.0671
726 0.0670
1096 0.0669
1454 0.0668
187 0.0666
917 0.0666
752 0.0666
109 0.0666
1565 0.0665
396 0.0665
11 0.0663
727 0.0660
1264 0.0659
188 0.0659
1682 0.0658
152 0.0657
463 0.0657
1865 0.0655
1861 0.0654
227 0.0654
754 0.0653
1866 0.0652
584 0.0646
228 0.0645
673 0.0644
292 0.0643
408 0.0642
181 0.0641
117 0.0635
1872 0.0634
1150 0.0633
293 0.0632
350 0.0631
707 0.0627
860 0.0627
685 0.0626
755 0.0625
1305 0.0622
226 0.0616
676 0.0615
747 0.0615
370 0.0613
1249 0.0613
356 0.0612
622 0.0611
345 0.0608
804 0.0607
692 0.0607
1624 0.0606
1137 0.0606
2024 0.0606
850 0.0604
517 0.0604
1912 0.0603
1320 0.0602
1738 0.0602
849 0.0602
303 0.0601
540 0.0600
1927 0.0600
1250 0.0599
625 0.0597
792 0.0597
2 0.0596
427 0.0595
1567 0.0594
374 0.0594
273 0.0591
353 0.0590
29 0.0589
462 0.0587
216 0.0587
836 0.0586
918 0.0585
42 0.0583
1397 0.0580
733 0.0579
753 0.0577
1795 0.0573
524 0.0573
1038 0.0573
1171 0.0573
1193 0.0573
38 0.0573
565 0.0572
1318 0.0571
269 0.0569
740 0.0568
1913 0.0566
412 0.0565
405 0.0565
681 0.0564
757 0.0564
1925 0.0564
307 0.0564
186 0.0564
304 0.0563
1733 0.0561
16 0.0561
406 0.0561
120 0.0559
46 0.0557
486 0.0557
7 0.0557
680 0.0557
252 0.0557
189 0.0556
483 0.0555
278 0.0554
508 0.0554
1095 0.0553
327 0.0552
526 0.0550
1917 0.0550
328 0.0549
1924 0.0549
597 0.0548
764 0.0546
229 0.0545
349 0.0545
621 0.0542
618 0.0540
407 0.0540
1341 0.0540
67 0.0539
291 0.0539
351 0.0539
381 0.0536
793 0.0536
1851 0.0536
542 0.0534
573 0.0534
182 0.0534
277 0.0533
595 0.0532
246 0.0532
404 0.0531
10 0.0531
813 0.0531
1319 0.0530
88 0.0530
461 0.0530
225 0.0529
294 0.0529
1928 0.0529
807 0.0527
230 0.0527
736 0.0523
220 0.0523
299 0.0520
862 0.0518
81 0.0517
358 0.0517
146 0.0517
341 0.0515
221 0.0514
1262 0.0514
636 0.0514
231 0.0513
725 0.0512
1272 0.0511
1496 0.0510
9 0.0510
317 0.0510
8 0.0509
1972 0.0509
245 0.0508
431 0.0506
300 0.0505
619 0.0504
276 0.0503
1919 0.0503
1923 0.0503
63 0.0502
1918 0.0502
734 0.0501
326 0.0499
570 0.0497
1004 0.0497
617 0.0496
796 0.0496
362 0.0495
153 0.0495
302 0.0494
751 0.0493
222 0.0492
735 0.0492
469 0.0492
209 0.0492
679 0.0491
22 0.0489
232 0.0488
861 0.0488
274 0.0488
18 0.0487
259 0.0486
2025 0.0486
275 0.0483
380 0.0482
748 0.0482
32 0.0482
322 0.0479
677 0.0479
73 0.0477
279 0.0477
470 0.0476
185 0.0476
437 0.0474
176 0.0474
190 0.0473
233 0.0472
62 0.0471
369 0.0469
1969 0.0468
805 0.0467
678 0.0466
1209 0.0466
672 0.0462
203 0.0459
628 0.0459
1873 0.0458
426 0.0458
149 0.0458
17 0.0458
401 0.0457
202 0.0457
452 0.0456
306 0.0456
1620 0.0456
305 0.0456
1908 0.0454
413 0.0454
737 0.0452
1679 0.0451
247 0.0451
357 0.0450
253 0.0450
581 0.0448
352 0.0448
268 0.0447
50 0.0446
700 0.0445
1920 0.0445
2023 0.0445
382 0.0445
671 0.0444
51 0.0444
164 0.0443
1982 0.0442
794 0.0442
516 0.0442
86 0.0441
244 0.0440
316 0.0439
114 0.0439
1734 0.0439
583 0.0438
620 0.0438
92 0.0437
1965 0.0437
19 0.0436
346 0.0435
191 0.0434
99 0.0434
870 0.0434
1059 0.0434
1623 0.0433
1440 0.0431
298 0.0431
329 0.0430
1328 0.0430
1375 0.0429
1929 0.0429
525 0.0427
1818 0.0426
1922 0.0426
438 0.0426
129 0.0423
493 0.0423
33 0.0422
20 0.0421
130 0.0420
163 0.0418
170 0.0417
140 0.0417
709 0.0417
765 0.0416
1097 0.0416
224 0.0415
323 0.0415
1966 0.0414
1039 0.0412
1040 0.0412
210 0.0412
696 0.0411
100 0.0411
697 0.0410
266 0.0409
651 0.0409
1681 0.0408
1386 0.0407
458 0.0407
926 0.0407
529 0.0406
267 0.0406
256 0.0405
1974 0.0405
223 0.0404
257 0.0403
795 0.0403
684 0.0403
1973 0.0401
720 0.0401
30 0.0400
215 0.0399
165 0.0399
563 0.0399
564 0.0399
1453 0.0396
1981 0.0396
31 0.0396
258 0.0396
324 0.0395
682 0.0395
204 0.0394
379 0.0394
439 0.0394
325 0.0393
664 0.0393
670 0.0393
375 0.0392
640 0.0392
585 0.0391
1983 0.0391
1217 0.0389
265 0.0389
301 0.0389
777 0.0388
72 0.0387
698 0.0386
699 0.0386
383 0.0385
74 0.0384
21 0.0383
495 0.0382
440 0.0382
482 0.0381
494 0.0381
251 0.0380
35 0.0380
1921 0.0379
201 0.0378
311 0.0377
460 0.0376
154 0.0376
572 0.0374
290 0.0374
693 0.0373
1975 0.0373
1980 0.0372
183 0.0371
34 0.0371
295 0.0371
474 0.0371
608 0.0370
315 0.0370
654 0.0370
582 0.0370
1979 0.0369
892 0.0369
562 0.0368
1794 0.0368
1340 0.0368
983 0.0367
639 0.0367
507 0.0366
98 0.0366
1553 0.0366
721 0.0366
395 0.0365
49 0.0364
1737 0.0364
1984 0.0364
776 0.0364
719 0.0362
1396 0.0362
616 0.0362
644 0.0361
1967 0.0359
738 0.0359
1762 0.0359
47 0.0359
552 0.0355
52 0.0355
2074 0.0354
539 0.0353
436 0.0353
255 0.0352
121 0.0351
1850 0.0351
57 0.0351
264 0.0351
487 0.0351
665 0.0350
403 0.0348
128 0.0347
551 0.0346
778 0.0345
806 0.0345
496 0.0345
543 0.0344
1964 0.0344
2026 0.0344
598 0.0343
739 0.0343
514 0.0341
553 0.0340
627 0.0339
722 0.0339
184 0.0339
131 0.0338
1283 0.0337
376 0.0337
833 0.0336
749 0.0336
666 0.0336
832 0.0335
108 0.0335
550 0.0334
1978 0.0334
368 0.0333
626 0.0333
234 0.0332
36 0.0332
48 0.0332
254 0.0332
607 0.0331
171 0.0329
1896 0.0328
214 0.0327
243 0.0327
162 0.0327
248 0.0326
116 0.0325
432 0.0325
377 0.0325
192 0.0324
637 0.0324
71 0.0323
175 0.0323
1484 0.0322
348 0.0322
1651 0.0322
441 0.0321
37 0.0321
2027 0.0321
780 0.0321
1907 0.0320
280 0.0316
147 0.0315
135 0.0315
384 0.0314
609 0.0314
54 0.0314
515 0.0313
1732 0.0313
984 0.0313
53 0.0313
497 0.0311
683 0.0310
750 0.0310
208 0.0309
834 0.0309
724 0.0309
615 0.0309
2073 0.0309
97 0.0309
1376 0.0308
314 0.0308
330 0.0307
433 0.0307
425 0.0306
1321 0.0306
638 0.0306
205 0.0306
779 0.0305
378 0.0304
571 0.0304
451 0.0304
492 0.0303
1840 0.0302
614 0.0302
1874 0.0302
506 0.0302
166 0.0301
561 0.0300
641 0.0299
2075 0.0299
1930 0.0299
87 0.0299
340 0.0298
148 0.0298
68 0.0298
1968 0.0298
1707 0.0296
763 0.0295
313 0.0295
695 0.0295
669 0.0293
663 0.0293
758 0.0293
1985 0.0292
101 0.0292
127 0.0292
200 0.0291
70 0.0290
814 0.0289
871 0.0289
1508 0.0289
610 0.0288
1790 0.0288
1115 0.0288
890 0.0287
442 0.0287
549 0.0287
213 0.0286
554 0.0286
75 0.0286
1374 0.0285
606 0.0285
115 0.0285
331 0.0284
1680 0.0283
418 0.0283
55 0.0283
947 0.0283
667 0.0282
2035 0.0282
1540 0.0281
694 0.0280
498 0.0280
555 0.0279
389 0.0278
701 0.0277
402 0.0277
1784 0.0276
1153 0.0276
347 0.0275
488 0.0275
1952 0.0274
333 0.0274
1897 0.0274
1789 0.0273
334 0.0273
1218 0.0273
889 0.0273
161 0.0272
336 0.0272
386 0.0271
385 0.0271
2034 0.0271
927 0.0270
819 0.0270
459 0.0269
1976 0.0268
445 0.0268
723 0.0267
297 0.0266
69 0.0266
435 0.0266
1227 0.0266
335 0.0266
96 0.0265
296 0.0264
387 0.0264
835 0.0263
388 0.0263
367 0.0263
1839 0.0262
434 0.0261
289 0.0261
1963 0.0261
489 0.0260
211 0.0260
212 0.0259
285 0.0259
446 0.0258
499 0.0257
985 0.0257
199 0.0257
80 0.0257
544 0.0257
642 0.0256
545 0.0256
56 0.0256
645 0.0256
559 0.0256
831 0.0256
286 0.0256
611 0.0256
443 0.0255
126 0.0255
759 0.0255
820 0.0255
1498 0.0255
505 0.0255
1265 0.0255
1785 0.0255
235 0.0255
169 0.0254
160 0.0254
1676 0.0254
2076 0.0254
93 0.0253
284 0.0253
283 0.0253
332 0.0253
2019 0.0252
560 0.0252
891 0.0252
77 0.0252
281 0.0251
1849 0.0251
556 0.0251
198 0.0250
240 0.0250
242 0.0249
155 0.0248
500 0.0248
390 0.0248
444 0.0248
481 0.0247
613 0.0247
394 0.0247
366 0.0247
237 0.0247
239 0.0247
1554 0.0246
2033 0.0246
2020 0.0246
447 0.0246
586 0.0246
174 0.0245
136 0.0245
76 0.0245
2120 0.0245
1977 0.0244
2028 0.0244
193 0.0244
1728 0.0244
238 0.0243
1564 0.0243
1906 0.0243
249 0.0243
122 0.0243
1003 0.0242
363 0.0242
501 0.0242
1041 0.0242
668 0.0241
104 0.0241
1953 0.0241
282 0.0240
557 0.0240
706 0.0240
132 0.0240
241 0.0240
502 0.0239
643 0.0239
503 0.0238
1432 0.0238
1841 0.0237
1727 0.0237
139 0.0237
558 0.0237
197 0.0237
2036 0.0236
815 0.0236
287 0.0235
612 0.0233
599 0.0233
2037 0.0233
2018 0.0232
2007 0.0232
928 0.0232
588 0.0231
601 0.0231
2032 0.0231
1793 0.0231
600 0.0231
250 0.0231
1898 0.0230
605 0.0230
1431 0.0230
312 0.0229
236 0.0227
702 0.0227
2022 0.0227
1735 0.0227
1274 0.0226
1819 0.0226
594 0.0226
775 0.0226
207 0.0226
657 0.0226
194 0.0226
945 0.0226
1736 0.0226
78 0.0225
339 0.0225
450 0.0224
196 0.0223
95 0.0223
491 0.0222
337 0.0222
662 0.0222
1986 0.0222
655 0.0222
718 0.0221
1951 0.0221
872 0.0221
1962 0.0221
2031 0.0221
159 0.0220
2119 0.0220
888 0.0220
504 0.0219
538 0.0219
102 0.0219
1783 0.0219
103 0.0218
288 0.0218
206 0.0217
424 0.0216
1383 0.0216
167 0.0215
125 0.0215
156 0.0213
1954 0.0212
2072 0.0211
1161 0.0211
946 0.0210
134 0.0210
1452 0.0209
94 0.0209
79 0.0209
490 0.0209
448 0.0209
713 0.0208
105 0.0208
710 0.0208
2038 0.0207
770 0.0207
423 0.0206
1430 0.0206
365 0.0205
173 0.0205
158 0.0204
646 0.0203
391 0.0202
1931 0.0201
546 0.0201
1216 0.0201
656 0.0201
1672 0.0200
548 0.0200
769 0.0200
766 0.0198
1210 0.0198
760 0.0198
2008 0.0197
658 0.0197
944 0.0197
1098 0.0197
449 0.0197
107 0.0195
712 0.0194
195 0.0194
478 0.0194
338 0.0194
2021 0.0194
168 0.0194
530 0.0193
929 0.0193
133 0.0193
816 0.0193
2030 0.0193
172 0.0192
2017 0.0192
873 0.0191
703 0.0191
157 0.0190
711 0.0189
826 0.0189
1763 0.0189
714 0.0188
2006 0.0188
422 0.0187
124 0.0187
392 0.0187
123 0.0186
393 0.0186
589 0.0185
717 0.0184
604 0.0184
2161 0.0184
876 0.0183
1609 0.0183
138 0.0183
774 0.0182
2121 0.0182
1845 0.0182
590 0.0181
882 0.0181
1058 0.0181
1791 0.0180
1961 0.0180
2069 0.0180
647 0.0180
587 0.0180
1895 0.0179
480 0.0179
768 0.0179
1395 0.0178
986 0.0178
1729 0.0178
547 0.0177
1160 0.0177
1596 0.0177
661 0.0177
825 0.0176
2083 0.0176
1485 0.0176
532 0.0175
821 0.0175
830 0.0175
1170 0.0174
475 0.0174
534 0.0173
938 0.0173
1875 0.0172
2118 0.0172
937 0.0172
479 0.0172
533 0.0172
771 0.0172
1905 0.0172
650 0.0171
818 0.0171
994 0.0171
535 0.0170
887 0.0170
881 0.0170
1792 0.0169
2082 0.0169
477 0.0169
421 0.0168
2016 0.0167
593 0.0167
761 0.0167
1652 0.0166
2068 0.0166
817 0.0166
1541 0.0166
106 0.0166
762 0.0165
1848 0.0165
137 0.0165
824 0.0165
602 0.0165
2070 0.0165
705 0.0165
883 0.0164
1049 0.0164
875 0.0164
1271 0.0164
1106 0.0164
2086 0.0164
1899 0.0163
419 0.0163
1001 0.0162
364 0.0162
2085 0.0162
659 0.0162
1842 0.0162
591 0.0162
2029 0.0161
874 0.0161
2081 0.0161
704 0.0161
1671 0.0160
648 0.0160
827 0.0160
1619 0.0160
2084 0.0160
2077 0.0159
943 0.0159
2058 0.0159
2071 0.0158
1552 0.0157
603 0.0157
1786 0.0157
1002 0.0157
2015 0.0156
2039 0.0156
1673 0.0156
1339 0.0155
1050 0.0155
767 0.0154
1154 0.0154
936 0.0154
1433 0.0154
1987 0.0153
1105 0.0153
2009 0.0153
537 0.0153
773 0.0152
930 0.0152
2127 0.0152
993 0.0152
1487 0.0151
649 0.0151
660 0.0150
476 0.0150
2080 0.0150
772 0.0150
2115 0.0150
995 0.0149
1788 0.0149
828 0.0149
1162 0.0148
829 0.0148
1377 0.0148
2057 0.0148
2162 0.0147
531 0.0147
715 0.0147
1507 0.0147
1844 0.0147
1838 0.0146
884 0.0146
877 0.0146
1331 0.0146
931 0.0145
1846 0.0145
1726 0.0145
2059 0.0145
823 0.0145
420 0.0145
939 0.0143
1443 0.0143
1731 0.0143
1615 0.0143
716 0.0142
1322 0.0142
2067 0.0141
2160 0.0141
880 0.0140
2116 0.0140
2114 0.0140
1114 0.0139
536 0.0139
1876 0.0139
1000 0.0138
885 0.0138
1042 0.0138
1616 0.0137
2079 0.0137
1847 0.0137
932 0.0137
2198 0.0136
2117 0.0136
592 0.0135
1608 0.0135
987 0.0135
1764 0.0134
1486 0.0133
1675 0.0133
2087 0.0133
1048 0.0132
886 0.0132
2126 0.0132
1488 0.0132
1495 0.0132
1057 0.0131
2167 0.0130
822 0.0130
1955 0.0130
2078 0.0130
2156 0.0129
992 0.0128
1904 0.0128
2066 0.0128
2014 0.0128
940 0.0127
1266 0.0127
2128 0.0127
1960 0.0127
942 0.0127
2157 0.0127
1932 0.0126
2122 0.0126
2125 0.0125
1104 0.0125
988 0.0125
2199 0.0125
2168 0.0124
1730 0.0124
1843 0.0123
1056 0.0123
1282 0.0122
1708 0.0122
2065 0.0122
2130 0.0121
1107 0.0121
1653 0.0121
878 0.0121
1211 0.0120
996 0.0120
2159 0.0119
1820 0.0119
2005 0.0118
1051 0.0118
941 0.0118
1560 0.0118
1099 0.0117
1219 0.0117
933 0.0116
999 0.0115
1113 0.0115
2204 0.0115
2129 0.0115
935 0.0114
1674 0.0114
1451 0.0114
1901 0.0114
879 0.0114
1043 0.0114
2203 0.0113
1597 0.0113
2131 0.0113
1902 0.0113
989 0.0112
2158 0.0112
2124 0.0111
2105 0.0111
2113 0.0111
1787 0.0111
1563 0.0110
2166 0.0110
1542 0.0109
1782 0.0109
1900 0.0109
998 0.0109
1544 0.0109
2060 0.0109
1044 0.0108
1959 0.0108
1614 0.0107
2064 0.0107
1765 0.0107
1155 0.0107
1665 0.0107
1055 0.0107
2010 0.0107
1327 0.0107
1617 0.0107
1950 0.0106
2112 0.0106
1988 0.0105
1100 0.0105
1884 0.0105
1169 0.0105
1903 0.0104
1112 0.0104
1047 0.0104
1226 0.0104
997 0.0104
934 0.0103
1940 0.0103
1670 0.0103
1378 0.0103
2123 0.0102
1559 0.0102
2197 0.0102
1543 0.0102
2163 0.0102
1885 0.0101
2106 0.0101
1939 0.0101
2155 0.0101
1168 0.0101
2194 0.0100
1267 0.0100
1828 0.0100
1159 0.0099
2056 0.0099
1618 0.0099
2104 0.0099
1877 0.0099
2165 0.0099
991 0.0098
1958 0.0098
2013 0.0098
1956 0.0098
1434 0.0098
2231 0.0098
2111 0.0097
1163 0.0097
1054 0.0097
2202 0.0096
1894 0.0096
1725 0.0096
1212 0.0096
1052 0.0096
1709 0.0095
1323 0.0095
1156 0.0095
990 0.0095
1045 0.0095
2195 0.0095
1394 0.0094
2110 0.0094
1108 0.0094
1489 0.0093
1111 0.0093
1598 0.0093
1561 0.0093
2196 0.0093
1281 0.0093
1053 0.0093
2154 0.0093
2164 0.0092
1225 0.0092
2236 0.0092
1957 0.0092
1167 0.0091
2232 0.0091
2040 0.0091
2169 0.0091
1506 0.0091
1610 0.0091
1654 0.0091
2063 0.0091
2200 0.0091
1941 0.0091
1224 0.0090
1599 0.0090
1666 0.0090
1101 0.0090
2193 0.0090
2170 0.0090
1503 0.0089
1562 0.0089
1338 0.0089
1337 0.0089
1995 0.0089
2061 0.0089
2230 0.0089
2235 0.0088
1439 0.0088
2201 0.0088
1046 0.0088
1827 0.0088
1215 0.0088
2171 0.0088
2107 0.0087
1837 0.0087
2149 0.0087
1103 0.0087
2012 0.0087
1450 0.0087
1994 0.0087
1933 0.0086
2148 0.0086
2046 0.0086
1821 0.0085
1504 0.0085
1996 0.0085
1490 0.0084
1546 0.0084
2109 0.0084
2088 0.0084
1324 0.0084
1829 0.0084
2011 0.0084
1545 0.0084
1110 0.0083
2205 0.0083
1600 0.0083
1883 0.0083
2062 0.0083
2153 0.0082
1387 0.0082
1435 0.0082
1886 0.0082
1275 0.0082
2192 0.0082
1393 0.0082
1109 0.0082
1766 0.0082
2103 0.0081
1166 0.0081
1379 0.0081
2234 0.0081
1102 0.0080
1213 0.0080
1772 0.0080
1773 0.0080
2189 0.0080
1280 0.0080
1555 0.0080
1505 0.0080
1655 0.0080
1448 0.0080
2187 0.0079
1268 0.0079
2047 0.0079
2228 0.0079
1449 0.0079
2152 0.0079
2150 0.0079
2191 0.0078
2260 0.0078
1878 0.0078
1436 0.0078
1710 0.0078
2147 0.0077
2233 0.0077
2108 0.0077
2151 0.0077
1158 0.0077
2227 0.0076
2222 0.0076
1601 0.0076
2188 0.0076
2045 0.0076
1547 0.0076
2229 0.0075
2190 0.0075
1380 0.0075
1270 0.0075
1938 0.0075
1157 0.0075
2223 0.0074
1223 0.0074
2261 0.0074
1491 0.0074
1822 0.0074
1164 0.0074
1989 0.0074
2093 0.0073
1997 0.0073
2263 0.0073
2259 0.0073
1392 0.0073
1934 0.0073
2237 0.0073
1721 0.0073
2224 0.0073
1656 0.0073
2226 0.0073
2206 0.0073
1602 0.0072
1279 0.0072
1165 0.0072
1558 0.0071
1336 0.0071
1711 0.0071
1657 0.0071
1716 0.0071
2264 0.0071
1781 0.0071
2041 0.0071
1447 0.0071
1774 0.0071
1882 0.0071
2089 0.0071
1502 0.0070
2253 0.0070
1391 0.0070
2132 0.0070
1826 0.0070
1949 0.0070
1220 0.0070
2055 0.0070
1214 0.0070
2225 0.0070
1942 0.0069
1715 0.0069
1771 0.0069
2254 0.0069
1613 0.0069
1222 0.0069
2252 0.0069
2094 0.0069
2048 0.0069
2257 0.0068
2186 0.0068
2207 0.0068
2004 0.0068
1767 0.0068
1993 0.0068
2262 0.0068
1325 0.0068
1830 0.0068
2279 0.0068
1713 0.0068
1669 0.0067
1603 0.0067
2146 0.0067
1990 0.0067
2185 0.0066
1659 0.0066
2095 0.0066
1770 0.0066
2221 0.0065
2256 0.0065
1712 0.0065
2284 0.0065
1269 0.0065
1382 0.0065
1717 0.0065
1664 0.0065
2133 0.0065
1660 0.0065
2265 0.0065
1879 0.0065
1492 0.0065
2044 0.0064
1825 0.0064
1548 0.0064
2172 0.0064
2280 0.0064
1823 0.0064
2286 0.0064
2042 0.0064
1658 0.0064
2258 0.0064
1714 0.0063
1935 0.0063
1335 0.0063
2285 0.0063
1551 0.0063
1499 0.0063
2349 0.0063
1607 0.0063
1437 0.0063
1893 0.0063
2173 0.0063
1887 0.0063
1221 0.0063
2134 0.0063
2282 0.0063
2255 0.0063
1604 0.0063
2002 0.0063
1880 0.0063
2238 0.0063
1998 0.0062
1769 0.0062
1881 0.0062
2090 0.0062
2174 0.0062
2092 0.0062
2239 0.0062
1326 0.0062
1937 0.0062
2241 0.0062
1824 0.0061
1720 0.0061
2102 0.0061
1768 0.0061
2302 0.0061
2278 0.0061
2091 0.0061
2287 0.0061
2319 0.0061
2301 0.0061
2320 0.0061
1992 0.0061
1661 0.0060
2351 0.0060
1381 0.0060
1991 0.0060
1332 0.0060
2001 0.0060
1722 0.0060
2052 0.0060
1278 0.0060
2210 0.0060
2306 0.0060
2137 0.0060
1667 0.0060
2136 0.0060
2220 0.0060
2054 0.0060
2099 0.0060
2053 0.0059
2208 0.0059
2348 0.0059
2344 0.0059
1277 0.0059
2101 0.0059
2350 0.0059
2342 0.0059
1724 0.0059
2333 0.0059
2341 0.0059
2050 0.0059
2049 0.0059
2142 0.0059
2251 0.0059
1777 0.0059
2209 0.0059
2269 0.0059
2135 0.0059
1276 0.0058
2330 0.0058
2281 0.0058
2043 0.0058
1390 0.0058
2343 0.0058
1947 0.0058
2000 0.0058
1718 0.0058
2266 0.0058
2292 0.0058
1776 0.0058
1719 0.0058
2267 0.0058
1775 0.0058
2051 0.0058
1334 0.0058
2098 0.0057
2288 0.0057
2268 0.0057
1888 0.0057
2334 0.0057
1493 0.0057
1936 0.0057
2324 0.0057
2242 0.0057
2308 0.0057
1549 0.0057
2331 0.0057
2305 0.0057
1663 0.0057
2329 0.0057
2283 0.0057
1831 0.0057
2240 0.0057
2346 0.0057
2312 0.0057
1446 0.0057
2323 0.0056
1946 0.0056
2307 0.0056
2291 0.0056
2097 0.0056
2003 0.0056
2176 0.0056
2143 0.0056
2347 0.0056
2138 0.0056
1778 0.0056
1832 0.0056
1948 0.0056
1501 0.0056
2328 0.0056
1494 0.0056
1438 0.0056
2335 0.0056
2313 0.0056
2100 0.0056
2338 0.0056
1444 0.0056
1389 0.0056
2289 0.0056
2336 0.0056
1668 0.0056
2181 0.0056
2322 0.0056
1892 0.0055
2345 0.0055
2096 0.0055
2337 0.0055
1836 0.0055
1605 0.0055
2175 0.0055
2316 0.0055
1891 0.0055
2293 0.0055
2340 0.0055
1944 0.0055
1943 0.0055
2314 0.0055
2303 0.0055
2145 0.0055
1557 0.0055
2311 0.0055
1333 0.0054
2300 0.0054
2332 0.0054
2304 0.0054
1945 0.0054
2321 0.0054
1611 0.0054
2339 0.0054
1662 0.0054
2141 0.0054
1606 0.0054
2309 0.0054
2216 0.0054
2211 0.0054
2317 0.0054
1999 0.0054
1889 0.0054
2270 0.0054
2290 0.0053
2277 0.0053
1890 0.0053
1834 0.0053
2219 0.0053
2315 0.0053
2318 0.0053
1550 0.0053
2139 0.0053
2297 0.0053
2327 0.0053
2325 0.0053
1388 0.0053
1612 0.0053
1833 0.0053
2144 0.0052
2177 0.0052
2178 0.0052
2299 0.0052
2295 0.0052
2250 0.0052
2182 0.0052
2271 0.0052
2294 0.0052
1779 0.0052
1723 0.0052
2296 0.0052
2184 0.0051
2180 0.0051
1445 0.0051
2275 0.0051
2274 0.0051
1835 0.0050
2213 0.0050
2326 0.0050
2243 0.0050
2310 0.0050
1500 0.0050
2215 0.0050
2218 0.0050
1780 0.0050
2246 0.0050
2245 0.0049
1556 0.0049
2249 0.0049
2179 0.0049
2212 0.0049
2247 0.0049
2244 0.0049
2272 0.0048
2248 0.0048
2276 0.0048
2140 0.0048
2273 0.0048
2214 0.0048
2298 0.0047
2183 0.0047
2217 0.0046