95.464996 202.500000 1.287900
92.729401 225.000000 1.214100
95.464996 221.785995 1.170800
100.981003 266.786011 1.166100
92.729401 199.285995 1.165300
92.729401 218.570999 1.135300
87.270599 263.571014 1.108100
84.535004 266.786011 1.107300
92.729401 205.714005 1.102100
95.464996 215.356995 1.079300
92.729401 192.856995 1.049800
90.000000 266.786011 1.030600
103.774002 270.000000 1.020800
95.464996 196.070999 1.009500
92.729401 212.143005 0.987000
103.774002 212.143005 0.968600
92.729401 186.429001 0.966800
90.000000 202.500000 0.958900
95.464996 189.643005 0.951300
95.464996 208.929001 0.944400
100.981003 189.643005 0.937400
98.213203 270.000000 0.922400
98.213203 212.143005 0.912500
106.601997 215.356995 0.900600
95.464996 266.786011 0.900500
98.213203 192.856995 0.891700
90.000000 196.070999 0.884400
90.000000 221.785995 0.873400
100.981003 215.356995 0.863100
98.213203 218.570999 0.860300
98.213203 186.429001 0.847000
106.601997 273.213989 0.825200
98.213203 205.714005 0.810600
112.392998 221.785995 0.808100
100.981003 273.213989 0.807800
98.213203 263.571014 0.805100
81.786797 263.571014 0.801700
95.464996 228.214005 0.771900
109.471001 212.143005 0.763300
90.000000 189.643005 0.761800
81.786797 270.000000 0.758700
109.471001 225.000000 0.743400
87.270599 270.000000 0.743400
98.213203 199.285995 0.737600
90.000000 215.356995 0.728200
92.729401 270.000000 0.723900
92.729401 347.143005 0.717100
79.019402 215.356995 0.712700
92.729401 263.571014 0.711700
106.601997 208.929001 0.709900
84.535004 260.356995 0.701000
90.000000 208.929001 0.696100
109.471001 218.570999 0.685900
81.786797 212.143005 0.677400
95.464996 183.214005 0.676000
106.601997 266.786011 0.671800
90.000000 228.214005 0.671300
95.464996 343.928986 0.654200
79.019402 208.929001 0.649200
95.464996 3.214290 0.647300
98.213203 225.000000 0.647000
90.000000 183.214005 0.643700
103.774002 276.428986 0.629900
100.981003 208.929001 0.629800
87.270599 205.714005 0.628400
90.000000 343.928986 0.628200
87.270599 199.285995 0.619800
103.774002 263.571014 0.619500
92.729401 180.000000 0.618400
103.774002 218.570999 0.612200
103.774002 347.143005 0.601400
112.392998 234.643005 0.599600
90.000000 260.356995 0.598900
76.225899 212.143005 0.591400
106.601997 221.785995 0.580000
100.981003 183.214005 0.575600
112.392998 228.214005 0.571000
79.019402 266.786011 0.566300
115.376999 225.000000 0.565700
95.464996 273.213989 0.558200
87.270599 192.856995 0.548100
109.471001 276.428986 0.544700
87.270599 347.143005 0.544100
84.535004 202.500000 0.541500
92.729401 231.429001 0.534000
98.213203 347.143005 0.528500
109.471001 270.000000 0.526600
109.471001 231.429001 0.521600
76.225899 218.570999 0.519800
84.535004 208.929001 0.513200
90.000000 273.213989 0.512600
95.464996 176.785995 0.507200
81.786797 205.714005 0.506200
81.786797 218.570999 0.505200
112.392998 215.356995 0.499300
92.729401 340.713989 0.498600
100.981003 221.785995 0.498500
87.270599 186.429001 0.494800
100.981003 202.500000 0.489600
98.213203 6.428570 0.486600
87.270599 257.143005 0.485900
115.376999 218.570999 0.485800
100.981003 350.356995 0.485400
95.464996 260.356995 0.484600
90.000000 350.356995 0.477500
84.535004 273.213989 0.476800
92.729401 173.570999 0.474300
100.981003 196.070999 0.463000
87.270599 225.000000 0.451800
84.535004 253.929001 0.451700
87.270599 212.143005 0.440100
90.000000 176.785995 0.439900
98.213203 180.000000 0.439200
79.019402 221.785995 0.434600
115.376999 231.429001 0.433700
95.464996 350.356995 0.433300
106.601997 350.356995 0.431000
103.774002 205.714005 0.430000
106.601997 228.214005 0.428900
84.535004 215.356995 0.425800
109.471001 237.856995 0.425500
87.270599 218.570999 0.424200
79.019402 273.213989 0.415700
87.270599 180.000000 0.412600
103.774002 186.429001 0.412500
115.376999 237.856995 0.412200
87.270599 250.714005 0.411900
84.535004 350.356995 0.406400
98.213203 276.428986 0.406300
98.213203 0.000000 0.405600
118.436996 221.785995 0.402600
90.000000 3.214290 0.401200
92.729401 0.000000 0.399100
103.774002 192.856995 0.394900
100.981003 343.928986 0.394400
112.392998 208.929001 0.392500
79.019402 260.356995 0.385400
79.019402 170.356995 0.382700
112.392998 273.213989 0.382600
87.270599 276.428986 0.372300
92.729401 6.428570 0.371200
81.786797 257.143005 0.366800
92.729401 257.143005 0.366100
106.601997 234.643005 0.364900
90.000000 253.929001 0.364200
84.535004 196.070999 0.363000
84.535004 176.785995 0.362500
84.535004 343.928986 0.361000
87.270599 340.713989 0.358800
106.601997 279.643005 0.357500
81.786797 173.570999 0.354000
103.774002 225.000000 0.350800
98.213203 340.713989 0.343800
81.786797 199.285995 0.342500
84.535004 183.214005 0.342400
76.225899 205.714005 0.341000
100.981003 260.356995 0.337700
87.270599 6.428570 0.337400
109.471001 205.714005 0.333300
87.270599 353.571014 0.330600
81.786797 347.143005 0.330000
118.436996 234.643005 0.326400
79.019402 176.785995 0.326300
79.019402 202.500000 0.324800
81.786797 180.000000 0.316400
115.376999 321.428986 0.311000
95.464996 234.643005 0.309600
98.213203 231.429001 0.308800
112.392998 324.643005 0.308500
81.786797 167.143005 0.308100
84.535004 189.643005 0.307800
118.436996 228.214005 0.304100
92.729401 353.571014 0.303900
81.786797 353.571014 0.294600
100.981003 241.070999 0.293800
95.464996 337.500000 0.292400
95.464996 356.786011 0.290000
84.535004 221.785995 0.289100
92.729401 276.428986 0.288800
103.774002 353.571014 0.288300
115.376999 212.143005 0.287400
98.213203 237.856995 0.286000
103.774002 180.000000 0.282400
81.786797 192.856995 0.280500
87.270599 231.429001 0.280100
100.981003 3.214290 0.279300
118.436996 215.356995 0.276300
87.270599 0.000000 0.276200
76.225899 173.570999 0.275800
81.786797 186.429001 0.274900
84.535004 3.214290 0.273300
73.398499 215.356995 0.271500
76.225899 270.000000 0.271100
98.213203 353.571014 0.270500
81.786797 276.428986 0.268100
100.981003 279.643005 0.268000
79.019402 196.070999 0.267500
100.981003 228.214005 0.265700
84.535004 356.786011 0.264700
76.225899 192.856995 0.259300
79.019402 189.643005 0.259100
106.601997 189.643005 0.258300
106.601997 343.928986 0.257300
76.225899 199.285995 0.256700
90.000000 337.500000 0.256500
73.398499 208.929001 0.255900
79.019402 350.356995 0.254500
90.000000 234.643005 0.253500
76.225899 167.143005 0.252200
81.786797 250.714005 0.252000
112.392998 241.070999 0.249700
112.392998 266.786011 0.248200
103.774002 231.429001 0.246200
79.019402 356.786011 0.245800
109.471001 282.856995 0.244700
109.471001 263.571014 0.244300
98.213203 244.285995 0.242300
112.392998 279.643005 0.241700
84.535004 170.356995 0.239900
81.786797 225.000000 0.238800
76.225899 263.571014 0.238300
103.774002 237.856995 0.236100
90.000000 356.786011 0.236000
100.981003 176.785995 0.234000
115.376999 327.856995 0.233100
76.225899 334.286011 0.232400
84.535004 247.500000 0.232200
103.774002 199.285995 0.231600
98.213203 257.143005 0.229700
106.601997 202.500000 0.229200
95.464996 241.070999 0.226400
81.786797 340.713989 0.223700
121.587997 225.000000 0.223700
87.270599 173.570999 0.223500
100.981003 234.643005 0.222200
112.392998 247.500000 0.221700
112.392998 286.071014 0.221100
81.786797 0.000000 0.220000
121.587997 231.429001 0.219900
79.019402 343.928986 0.218300
121.587997 218.570999 0.217500
106.601997 183.214005 0.215400
95.464996 253.929001 0.214900
92.729401 250.714005 0.214400
109.471001 302.143005 0.214200
73.398499 196.070999 0.213400
79.019402 163.929001 0.213400
79.019402 183.214005 0.213200
84.535004 228.214005 0.211800
112.392998 331.071014 0.211300
92.729401 237.856995 0.211200
109.471001 327.856995 0.210300
76.225899 225.000000 0.209600
79.019402 337.500000 0.209100
76.225899 0.000000 0.208500
109.471001 321.428986 0.207300
73.398499 189.643005 0.204600
76.225899 186.429001 0.204000
112.392998 318.213989 0.203100
106.601997 241.070999 0.203000
92.729401 334.286011 0.203000
112.392998 298.928986 0.202800
73.398499 202.500000 0.202600
115.376999 270.000000 0.202300
115.376999 289.286011 0.202200
118.436996 324.643005 0.201400
109.471001 340.713989 0.200700
109.471001 347.143005 0.200000
106.601997 286.071014 0.200000
90.000000 279.643005 0.199500
112.392998 337.500000 0.197500
73.398499 221.785995 0.197000
76.225899 353.571014 0.196700
90.000000 247.500000 0.196300
115.376999 250.714005 0.195400
84.535004 337.500000 0.195200
109.471001 295.713989 0.193300
48.189701 337.500000 0.191600
95.464996 324.643005 0.190900
73.398499 170.356995 0.190200
92.729401 327.856995 0.190100
79.019402 331.071014 0.189800
109.471001 289.286011 0.188400
98.213203 334.286011 0.188100
112.392998 305.356995 0.188000
79.019402 3.214290 0.187700
118.436996 286.071014 0.187300
98.213203 173.570999 0.187200
73.398499 337.500000 0.187000
121.587997 237.856995 0.186600
112.392998 292.500000 0.184800
95.464996 331.071014 0.184300
115.376999 276.428986 0.184200
76.225899 180.000000 0.183200
103.774002 282.856995 0.182800
106.601997 298.928986 0.182000
95.464996 9.642860 0.181500
112.392998 343.928986 0.181400
79.019402 253.929001 0.179700
103.774002 244.285995 0.179600
106.601997 196.070999 0.179000
51.753399 334.286011 0.178600
76.225899 340.713989 0.177900
103.774002 340.713989 0.176800
106.601997 260.356995 0.176700
98.213203 327.856995 0.176200
81.786797 334.286011 0.175400
115.376999 205.714005 0.174100
76.225899 347.143005 0.173200
90.000000 9.642860 0.172700
115.376999 282.856995 0.172100
84.535004 279.643005 0.170800
118.436996 241.070999 0.170500
30.430401 345.000000 0.168100
109.471001 334.286011 0.168100
100.981003 337.500000 0.168000
95.464996 279.643005 0.167200
92.729401 321.428986 0.166900
73.398499 356.786011 0.166000
95.464996 247.500000 0.165600
118.436996 318.213989 0.165500
109.471001 250.714005 0.164400
90.000000 324.643005 0.164000
100.981003 356.786011 0.164000
33.908199 346.500000 0.163900
44.554401 335.769012 0.163800
76.225899 276.428986 0.163300
48.189701 331.071014 0.163200
118.436996 208.929001 0.162200
121.587997 212.143005 0.161700
90.000000 170.356995 0.160400
109.471001 192.856995 0.160300
100.981003 247.500000 0.158600
115.376999 302.143005 0.158400
112.392998 253.929001 0.158400
70.528801 192.856995 0.157900
112.392998 202.500000 0.157000
79.019402 228.214005 0.156700
115.376999 334.286011 0.156300
81.786797 6.428570 0.155000
109.471001 199.285995 0.154900
106.601997 337.500000 0.154900
115.376999 340.713989 0.154800
115.376999 295.713989 0.154500
79.019402 247.500000 0.154200
84.535004 9.642860 0.154200
115.376999 315.000000 0.153300
84.535004 163.929001 0.151600
95.464996 170.356995 0.150800
100.981003 331.071014 0.150800
90.000000 331.071014 0.149300
73.398499 176.785995 0.149000
106.601997 331.071014 0.147300
106.601997 324.643005 0.147300
73.398499 183.214005 0.147200
109.471001 244.285995 0.146600
115.376999 308.571014 0.146400
70.528801 199.285995 0.145900
106.601997 292.500000 0.145700
118.436996 292.500000 0.144700
30.430401 355.000000 0.144100
115.376999 244.285995 0.143900
100.981003 86.785698 0.143800
87.270599 244.285995 0.143700
98.213203 250.714005 0.142200
103.774002 334.286011 0.141700
51.753399 295.713989 0.141500
87.270599 334.286011 0.141200
73.398499 273.213989 0.141100
92.729401 244.285995 0.141100
124.849998 221.785995 0.141000
109.471001 186.429001 0.140900
67.607300 279.643005 0.140900
100.981003 324.643005 0.140200
16.767599 81.000000 0.140000
76.225899 257.143005 0.139600
109.471001 308.571014 0.138700
70.528801 205.714005 0.138600
112.392998 311.786011 0.137900
70.528801 186.429001 0.137800
103.774002 327.856995 0.137400
81.786797 244.285995 0.137000
51.753399 218.570999 0.136600
37.418598 347.726990 0.136500
73.398499 331.071014 0.136400
55.150101 298.928986 0.136300
106.601997 305.356995 0.135600
98.213203 321.428986 0.133600
81.786797 327.856995 0.133300
64.623100 276.428986 0.133300
61.563099 279.643005 0.133200
118.436996 311.786011 0.132400
84.535004 234.643005 0.132000
73.398499 350.356995 0.131700
103.774002 257.143005 0.131600
64.623100 282.856995 0.130900
79.019402 298.928986 0.130200
73.398499 163.929001 0.130200
58.411900 295.713989 0.130100
70.528801 276.428986 0.129600
81.786797 231.429001 0.129200
118.436996 331.071014 0.129100
73.398499 266.786011 0.128500
103.774002 295.713989 0.128300
84.535004 331.071014 0.128200
55.150101 292.500000 0.128000
87.270599 237.856995 0.127300
84.535004 305.356995 0.127300
121.587997 321.428986 0.127200
118.436996 305.356995 0.126800
33.908199 355.500000 0.126700
79.019402 279.643005 0.125900
121.587997 289.286011 0.125600
90.000000 241.070999 0.125000
26.981100 354.375000 0.125000
81.786797 302.143005 0.124200
103.774002 83.571404 0.123900
13.396700 78.750000 0.123900
118.436996 273.213989 0.123700
95.464996 318.213989 0.123400
76.225899 327.856995 0.122900
112.392998 196.070999 0.122800
109.471001 315.000000 0.122400
87.270599 167.143005 0.122000
100.981003 253.929001 0.121200
103.774002 289.286011 0.121100
87.270599 308.571014 0.121000
48.189701 215.356995 0.120900
73.398499 343.928986 0.120700
73.398499 3.214290 0.120600
37.418598 339.545013 0.120600
70.528801 334.286011 0.120500
33.908199 337.500000 0.120500
51.753399 231.429001 0.120300
20.153099 82.500000 0.120200
87.270599 327.856995 0.120100
26.981100 343.125000 0.119800
55.150101 234.643005 0.119200
124.849998 215.356995 0.119200
70.528801 212.143005 0.119000
20.153099 352.500000 0.118900
76.225899 160.714005 0.118300
48.189701 298.928986 0.117700
76.225899 295.713989 0.117600
90.000000 157.500000 0.117200
98.213203 83.571404 0.117100
23.556499 353.571014 0.117000
124.849998 234.643005 0.116700
51.753399 340.713989 0.116100
55.150101 228.214005 0.116100
118.436996 279.643005 0.115300
118.436996 298.928986 0.114700
67.607300 273.213989 0.114500
58.411900 231.429001 0.114300
118.436996 247.500000 0.114100
90.000000 305.356995 0.114100
40.965698 341.250000 0.114000
73.398499 279.643005 0.114000
67.607300 189.643005 0.113500
106.601997 318.213989 0.113400
61.563099 286.071014 0.113000
70.528801 282.856995 0.113000
98.213203 282.856995 0.112600
16.767599 351.000000 0.112600
90.000000 318.213989 0.112500
109.471001 353.571014 0.112200
58.411900 282.856995 0.112100
44.554401 342.691986 0.112100
124.849998 228.214005 0.111900
10.037500 75.000000 0.111700
87.270599 302.143005 0.111600
13.396700 11.250000 0.111100
81.786797 308.571014 0.111100
106.601997 176.785995 0.111000
84.535004 311.786011 0.110600
16.767599 9.000000 0.110500
87.270599 282.856995 0.110400
51.753399 302.143005 0.110400
121.587997 315.000000 0.110100
118.436996 337.500000 0.110100
67.607300 196.070999 0.109700
81.786797 160.714005 0.109500
48.189701 292.500000 0.109500
121.587997 327.856995 0.109300
61.563099 292.500000 0.109300
81.786797 237.856995 0.109200
128.246994 250.714005 0.108700
118.436996 266.786011 0.108500
103.774002 302.143005 0.108500
70.528801 270.000000 0.108500
48.189701 221.785995 0.108000
103.774002 321.428986 0.107900
58.411900 289.286011 0.107900
84.535004 241.070999 0.107700
121.587997 308.571014 0.107700
76.225899 302.143005 0.107600
79.019402 305.356995 0.107100
92.729401 315.000000 0.107100
121.587997 250.714005 0.106600
124.849998 253.929001 0.106500
13.396700 348.750000 0.106400
121.587997 282.856995 0.106300
55.150101 221.785995 0.106100
23.556499 340.713989 0.106000
90.000000 311.786011 0.106000
76.225899 250.714005 0.105600
70.528801 167.143005 0.105600
87.270599 315.000000 0.105400
124.849998 247.500000 0.105300
115.376999 263.571014 0.105100
16.767599 99.000000 0.105100
76.225899 6.428570 0.105000
92.729401 282.856995 0.105000
20.153099 7.500000 0.105000
92.729401 308.571014 0.104700
87.270599 321.428986 0.104300
70.528801 218.570999 0.104200
118.436996 253.929001 0.104200
84.535004 298.928986 0.104100
51.753399 327.856995 0.103800
51.753399 212.143005 0.103700
55.150101 215.356995 0.103400
64.623100 289.286011 0.103200
81.786797 295.713989 0.103100
73.398499 260.356995 0.103000
23.556499 83.571404 0.102800
79.019402 234.643005 0.102400
112.392998 163.929001 0.102100
92.729401 25.714300 0.102000
51.753399 289.286011 0.101700
70.528801 173.570999 0.101400
51.753399 225.000000 0.101300
23.556499 6.428570 0.101200
106.601997 247.500000 0.101100
67.607300 286.071014 0.101000
55.150101 337.500000 0.100700
58.411900 302.143005 0.100500
23.556499 70.714302 0.100300
10.037500 15.000000 0.100000
61.563099 273.213989 0.099800
79.019402 241.070999 0.099800
76.225899 231.429001 0.099300
6.686910 67.500000 0.099200
58.411900 276.428986 0.099100
118.436996 202.500000 0.099000
115.376999 257.143005 0.099000
79.019402 292.500000 0.098700
48.189701 61.071400 0.098600
55.150101 331.071014 0.098300
87.270599 160.714005 0.098200
13.396700 101.250000 0.098100
121.587997 244.285995 0.098000
92.729401 160.714005 0.097900
112.392998 260.356995 0.097700
70.528801 0.000000 0.097400
48.189701 54.642899 0.097100
70.528801 353.571014 0.096900
44.554401 294.230988 0.096700
70.528801 180.000000 0.096500
10.037500 105.000000 0.096100
100.981003 298.928986 0.095600
20.153099 67.500000 0.095300
84.535004 324.643005 0.095200
44.554401 58.846199 0.095200
121.587997 276.428986 0.095000
26.981100 73.125000 0.094700
100.981003 292.500000 0.094500
51.753399 57.857101 0.094300
115.376999 199.285995 0.094100
70.528801 347.143005 0.094100
79.019402 324.643005 0.094100
95.464996 305.356995 0.093700
121.587997 205.714005 0.093600
48.189701 228.214005 0.093500
70.528801 340.713989 0.093500
95.464996 311.786011 0.093300
44.554401 218.076996 0.093000
100.981003 9.642860 0.093000
103.774002 173.570999 0.092800
67.607300 202.500000 0.092800
40.965698 333.750000 0.092800
124.849998 241.070999 0.092700
44.554401 328.846008 0.092500
121.587997 302.143005 0.092400
84.535004 318.213989 0.092400
109.471001 257.143005 0.092100
20.153099 337.500000 0.092100
26.981100 5.625000 0.092000
98.213203 315.000000 0.091700
109.471001 167.143005 0.091500
106.601997 311.786011 0.091400
112.392998 189.643005 0.091400
73.398499 298.928986 0.091400
30.430401 335.000000 0.091300
3.342030 45.000000 0.091000
76.225899 282.856995 0.090900
100.981003 318.213989 0.090800
100.981003 80.357101 0.090800
20.153099 97.500000 0.090700
92.729401 302.143005 0.090200
61.563099 298.928986 0.090200
58.411900 237.856995 0.090100
87.270599 12.857100 0.090100
55.150101 305.356995 0.089900
10.037500 45.000000 0.089400
64.623100 270.000000 0.089200
100.981003 286.071014 0.089100
55.150101 286.071014 0.088600
81.786797 315.000000 0.088500
64.623100 51.428600 0.088500
121.587997 334.286011 0.088500
109.471001 180.000000 0.088000
79.019402 311.786011 0.088000
73.398499 228.214005 0.087800
73.398499 286.071014 0.087300
131.809998 247.500000 0.087100
67.607300 54.642899 0.087100
58.411900 218.570999 0.087000
124.849998 324.643005 0.086900
92.729401 167.143005 0.086700
76.225899 237.856995 0.086600
103.774002 250.714005 0.086300
76.225899 244.285995 0.086300
44.554401 301.153992 0.086100
30.430401 5.000000 0.085800
76.225899 289.286011 0.085700
124.849998 208.929001 0.085600
44.554401 51.923100 0.085600
121.587997 295.713989 0.085500
95.464996 22.500000 0.085200
128.246994 257.143005 0.084900
51.753399 237.856995 0.084600
106.601997 253.929001 0.084500
92.729401 154.285995 0.084500
95.464996 157.500000 0.084400
73.398499 292.500000 0.084300
48.189701 305.356995 0.083900
112.392998 350.356995 0.083900
124.849998 318.213989 0.083800
90.000000 22.500000 0.083700
67.607300 266.786011 0.083600
61.563099 54.642899 0.083500
98.213203 308.571014 0.083400
121.587997 270.000000 0.083200
131.809998 253.929001 0.083100
90.000000 163.929001 0.083100
81.786797 321.428986 0.083100
6.686910 22.500000 0.083000
95.464996 286.071014 0.083000
13.396700 33.750000 0.082900
106.601997 356.786011 0.082900
10.037500 345.000000 0.082600
6.686910 112.500000 0.082600
103.774002 308.571014 0.082500
13.396700 56.250000 0.082300
58.411900 225.000000 0.082000
98.213203 302.143005 0.081900
16.767599 27.000000 0.081900
20.153099 22.500000 0.081800
128.246994 244.285995 0.081700
70.528801 263.571014 0.081500
115.376999 347.143005 0.081400
121.587997 257.143005 0.081300
81.786797 282.856995 0.081300
48.189701 234.643005 0.081100
55.150101 61.071400 0.080900
55.150101 279.643005 0.080900
55.150101 54.642899 0.080800
16.767599 63.000000 0.080800
79.019402 9.642860 0.080700
100.981003 305.356995 0.080200
26.981100 84.375000 0.080100
64.623100 192.856995 0.080000
124.849998 311.786011 0.080000
76.225899 308.571014 0.079900
87.270599 154.285995 0.079900
90.000000 298.928986 0.079700
103.774002 0.000000 0.079500
40.965698 63.750000 0.079300
90.000000 28.928600 0.079300
128.246994 218.570999 0.079300
118.436996 343.928986 0.079200
61.563099 234.643005 0.079200
64.623100 295.713989 0.079100
70.528801 289.286011 0.079100
103.774002 90.000000 0.079100
30.430401 75.000000 0.078800
44.554401 225.000000 0.078500
44.554401 211.154007 0.078500
115.376999 167.143005 0.078400
61.563099 305.356995 0.078300
98.213203 295.713989 0.078000
67.607300 292.500000 0.078000
40.965698 348.750000 0.077900
67.607300 183.214005 0.077800
51.753399 64.285698 0.077600
124.849998 305.356995 0.077600
51.753399 51.428600 0.077400
64.623100 57.857101 0.077300
40.965698 56.250000 0.077000
67.607300 208.929001 0.076700
70.528801 295.713989 0.076600
3.342030 135.000000 0.076500
48.189701 48.214298 0.076300
79.019402 286.071014 0.076200
98.213203 167.143005 0.076200
100.981003 311.786011 0.076000
124.849998 286.071014 0.076000
84.535004 157.500000 0.075900
118.436996 260.356995 0.075600
90.000000 286.071014 0.075500
95.464996 163.929001 0.075500
103.774002 315.000000 0.075500
73.398499 305.356995 0.075400
70.528801 225.000000 0.075400
23.556499 19.285700 0.075300
26.981100 16.875000 0.074700
100.981003 170.356995 0.074600
112.392998 170.356995 0.074600
95.464996 298.928986 0.074500
16.767599 333.000000 0.074500
58.411900 270.000000 0.074500
33.908199 4.500000 0.074400
48.189701 343.928986 0.074200
73.398499 234.643005 0.074200
44.554401 65.769203 0.074200
121.587997 263.571014 0.074100
26.981100 331.875000 0.073800
106.601997 86.785698 0.073400
128.246994 225.000000 0.072900
81.786797 12.857100 0.072500
121.587997 340.713989 0.072200
58.411900 308.571014 0.071900
124.849998 331.071014 0.071900
48.189701 324.643005 0.071800
64.623100 302.143005 0.071500
64.623100 199.285995 0.071400
98.213203 289.286011 0.071300
58.411900 57.857101 0.071300
124.849998 260.356995 0.071300
92.729401 19.285700 0.071100
30.430401 15.000000 0.070700
87.270599 295.713989 0.070600
55.150101 273.213989 0.070400
81.786797 289.286011 0.070400
106.601997 170.356995 0.070300
23.556499 96.428596 0.070200
55.150101 241.070999 0.069700
3.342030 315.000000 0.069600
67.607300 298.928986 0.069600
124.849998 279.643005 0.069500
115.376999 160.714005 0.069300
44.554401 45.000000 0.069300
37.418598 355.908997 0.069300
84.535004 292.500000 0.069200
40.965698 48.750000 0.069200
128.246994 212.143005 0.069100
51.753399 308.571014 0.069000
84.535004 286.071014 0.069000
79.019402 318.213989 0.068900
73.398499 253.929001 0.068800
124.849998 273.213989 0.068800
103.774002 6.428570 0.068700
70.528801 302.143005 0.068600
92.729401 12.857100 0.068500
79.019402 157.500000 0.068400
106.601997 163.929001 0.068200
37.418598 331.364014 0.068200
61.563099 228.214005 0.068200
95.464996 86.785698 0.068200
30.430401 65.000000 0.068000
61.563099 266.786011 0.067900
51.753399 282.856995 0.067700
98.213203 90.000000 0.067200
128.246994 321.428986 0.067200
70.528801 160.714005 0.067100
67.607300 170.356995 0.067000
87.270599 25.714300 0.066900
103.774002 167.143005 0.066800
33.908199 67.500000 0.066600
76.225899 315.000000 0.066600
67.607300 337.500000 0.066600
23.556499 327.856995 0.066600
109.471001 160.714005 0.066500
48.189701 208.929001 0.066500
6.686910 337.500000 0.066300
67.607300 176.785995 0.066000
95.464996 28.928600 0.065900
33.908199 76.500000 0.065900
115.376999 192.856995 0.065800
30.430401 85.000000 0.065700
51.753399 276.428986 0.065700
124.849998 292.500000 0.065500
124.849998 266.786011 0.065400
37.418598 61.363602 0.065400
67.607300 350.356995 0.065300
124.849998 298.928986 0.065200
58.411900 334.286011 0.064600
37.418598 69.545502 0.064500
64.623100 186.429001 0.064400
40.965698 213.750000 0.064300
48.189701 286.071014 0.064200
33.908199 13.500000 0.064100
26.981100 61.875000 0.063500
124.849998 337.500000 0.063400
90.000000 16.071400 0.063300
40.965698 221.250000 0.063200
44.554401 266.537994 0.063100
67.607300 48.214298 0.062700
73.398499 311.786011 0.062700
64.623100 263.571014 0.062600
67.607300 356.786011 0.062500
95.464996 292.500000 0.062200
37.418598 53.181801 0.061600
64.623100 205.714005 0.061500
67.607300 305.356995 0.061500
48.189701 41.785702 0.061300
92.729401 289.286011 0.061300
44.554401 308.076996 0.061200
61.563099 221.785995 0.061100
44.554401 231.923004 0.060800
70.528801 308.571014 0.060700
64.623100 308.571014 0.060700
112.392998 183.214005 0.060600
87.270599 289.286011 0.060600
135.445999 252.692001 0.060600
73.398499 247.500000 0.060400
55.150101 266.786011 0.060400
128.246994 231.429001 0.060300
98.213203 25.714300 0.060200
118.436996 196.070999 0.060200
73.398499 241.070999 0.060200
40.965698 296.250000 0.060100
58.411900 51.428600 0.060000
128.246994 327.856995 0.060000
92.729401 295.713989 0.059900
61.563099 241.070999 0.059700
70.528801 231.429001 0.059700
3.342030 225.000000 0.059600
51.753399 45.000000 0.059500
109.471001 173.570999 0.059400
48.189701 67.500000 0.059400
40.965698 71.250000 0.059100
44.554401 287.308014 0.059000
13.396700 123.750000 0.058900
51.753399 270.000000 0.058700
33.908199 328.500000 0.058700
73.398499 157.500000 0.058600
76.225899 321.428986 0.058500
16.767599 45.000000 0.058300
100.981003 163.929001 0.058000
67.607300 215.356995 0.057900
67.607300 343.928986 0.057700
121.587997 199.285995 0.057300
55.150101 311.786011 0.057300
84.535004 16.071400 0.057300
90.000000 151.070999 0.057300
90.000000 292.500000 0.057300
13.396700 326.250000 0.057300
58.411900 212.143005 0.057200
98.213203 12.857100 0.057100
40.965698 41.250000 0.056900
67.607300 260.356995 0.056800
128.246994 237.856995 0.056600
48.189701 311.786011 0.056500
48.189701 266.786011 0.056500
64.623100 237.856995 0.056400
70.528801 6.428570 0.056400
128.246994 315.000000 0.056400
40.965698 326.250000 0.056400
33.908199 58.500000 0.056400
40.965698 303.750000 0.056300
118.436996 163.929001 0.056100
10.037500 135.000000 0.056100
48.189701 273.213989 0.056100
26.981100 95.625000 0.055900
16.767599 117.000000 0.055700
55.150101 67.500000 0.055700
6.686910 157.500000 0.055700
64.623100 231.429001 0.055700
37.418598 265.908997 0.055700
33.908199 85.500000 0.055600
55.150101 48.214298 0.055500
40.965698 108.750000 0.055400
55.150101 208.929001 0.055400
87.270599 19.285700 0.055300
44.554401 107.307999 0.055200
55.150101 324.643005 0.055000
128.246994 263.571014 0.055000
44.554401 114.231003 0.054900
128.246994 308.571014 0.054900
61.563099 61.071400 0.054800
70.528801 51.428600 0.054600
37.418598 77.727303 0.054500
44.554401 259.614990 0.054500
61.563099 215.356995 0.054200
61.563099 196.070999 0.054000
48.189701 279.643005 0.054000
98.213203 160.714005 0.054000
20.153099 112.500000 0.053900
40.965698 206.250000 0.053900
44.554401 273.462006 0.053900
48.189701 112.500000 0.053600
70.528801 237.856995 0.053600
124.849998 202.500000 0.053600
58.411900 64.285698 0.053400
58.411900 263.571014 0.053400
33.908199 22.500000 0.053400
40.965698 101.250000 0.053300
61.563099 48.214298 0.053200
37.418598 216.817993 0.053200
48.189701 260.356995 0.053100
6.686910 292.500000 0.053100
73.398499 9.642860 0.053100
98.213203 19.285700 0.053000
23.556499 57.857101 0.053000
51.753399 263.571014 0.053000
37.418598 45.000000 0.052900
40.965698 228.750000 0.052900
128.246994 334.286011 0.052900
70.528801 327.856995 0.052700
37.418598 85.909103 0.052700
67.607300 234.643005 0.052300
37.418598 4.090910 0.052300
40.965698 266.250000 0.052000
73.398499 324.643005 0.051800
20.153099 322.500000 0.051700
44.554401 321.923004 0.051700
30.430401 25.000000 0.051700
44.554401 204.231003 0.051500
37.418598 12.272700 0.051400
95.464996 16.071400 0.051400
61.563099 311.786011 0.051400
37.418598 94.090897 0.051300
67.607300 163.929001 0.051200
95.464996 80.357101 0.051100
106.601997 80.357101 0.051000
6.686910 247.500000 0.051000
44.554401 38.076900 0.051000
6.686910 202.500000 0.050900
131.809998 260.356995 0.050900
37.418598 208.636002 0.050800
51.753399 70.714302 0.050600
40.965698 273.750000 0.050500
61.563099 202.500000 0.050400
40.965698 93.750000 0.050300
128.246994 276.428986 0.050300
128.246994 302.143005 0.050300
20.153099 52.500000 0.050200
128.246994 270.000000 0.050200
67.607300 221.785995 0.050100
44.554401 100.385002 0.049900
58.411900 244.285995 0.049700
81.786797 154.285995 0.049700
61.563099 189.643005 0.049600
70.528801 257.143005 0.049600
44.554401 349.614990 0.049500
30.430401 95.000000 0.049500
40.965698 288.750000 0.049400
67.607300 331.071014 0.049300
37.418598 20.454500 0.049200
67.607300 228.214005 0.049200
51.753399 315.000000 0.049200
33.908199 265.500000 0.049200
64.623100 225.000000 0.049100
10.037500 315.000000 0.048900
37.418598 102.273003 0.048800
73.398499 318.213989 0.048800
40.965698 78.750000 0.048800
10.037500 195.000000 0.048700
37.418598 323.182007 0.048600
135.445999 259.614990 0.048600
40.965698 86.250000 0.048300
48.189701 106.070999 0.048200
67.607300 311.786011 0.048200
13.396700 191.250000 0.048200
44.554401 72.692299 0.047900
64.623100 212.143005 0.047900
20.153099 202.500000 0.047700
40.965698 116.250000 0.047700
51.753399 321.428986 0.047600
33.908199 49.500000 0.047600
51.753399 109.286003 0.047400
30.430401 325.000000 0.047400
33.908199 94.500000 0.047300
37.418598 110.455002 0.047200
20.153099 37.500000 0.047100
48.189701 35.357101 0.046900
131.809998 241.070999 0.046800
70.528801 315.000000 0.046700
64.623100 218.570999 0.046600
92.729401 32.142899 0.046600
64.623100 180.000000 0.046200
33.908199 211.500000 0.045900
61.563099 260.356995 0.045900
124.849998 343.928986 0.045800
51.753399 38.571400 0.045800
30.430401 55.000000 0.045800
10.037500 165.000000 0.045800
48.189701 241.070999 0.045700
33.908199 202.500000 0.045700
51.753399 205.714005 0.045600
40.965698 318.750000 0.045600
112.392998 157.500000 0.045600
40.965698 311.250000 0.045600
128.246994 205.714005 0.045400
48.189701 318.213989 0.045400
67.607300 241.070999 0.045200
115.376999 173.570999 0.045100
37.418598 225.000000 0.045100
44.554401 315.000000 0.045000
37.418598 274.091003 0.045000
58.411900 315.000000 0.044800
44.554401 280.385010 0.044800
40.965698 33.750000 0.044700
16.767599 189.000000 0.044600
67.607300 3.214290 0.044500
128.246994 282.856995 0.044500
135.445999 245.768997 0.044500
48.189701 118.929001 0.044500
64.623100 173.570999 0.044400
16.767599 207.000000 0.044400
30.430401 205.000000 0.044300
131.809998 324.643005 0.044200
70.528801 244.285995 0.044200
55.150101 260.356995 0.044200
23.556499 32.142899 0.044100
37.418598 200.455002 0.044000
44.554401 31.153799 0.043900
26.981100 28.125000 0.043900
118.436996 170.356995 0.043900
58.411900 327.856995 0.043800
61.563099 208.929001 0.043800
23.556499 109.286003 0.043700
131.809998 215.356995 0.043700
10.037500 225.000000 0.043600
44.554401 238.845993 0.043500
33.908199 103.500000 0.043400
23.556499 199.285995 0.043400
76.225899 12.857100 0.043400
84.535004 151.070999 0.043400
112.392998 176.785995 0.043300
103.774002 77.142899 0.043100
40.965698 258.750000 0.043100
44.554401 121.153999 0.043000
98.213203 77.142899 0.043000
100.981003 22.500000 0.042900
128.246994 340.713989 0.042900
55.150101 318.213989 0.042700
121.587997 347.143005 0.042600
128.246994 295.713989 0.042600
51.753399 115.713997 0.042600
26.981100 196.875000 0.042300
55.150101 112.500000 0.042300
13.396700 213.750000 0.042200
10.037500 255.000000 0.042100
26.981100 208.125000 0.042000
30.430401 195.000000 0.041800
30.430401 265.000000 0.041700
26.981100 320.625000 0.041700
67.607300 61.071400 0.041700
70.528801 57.857101 0.041600
87.270599 32.142899 0.041600
37.418598 36.818199 0.041500
44.554401 79.615402 0.041500
131.809998 221.785995 0.041400
84.535004 22.500000 0.041200
84.535004 28.928600 0.041200
33.908199 274.500000 0.041200
64.623100 334.286011 0.041100
23.556499 212.143005 0.041100
64.623100 340.713989 0.041000
40.965698 18.750000 0.040900
64.623100 45.000000 0.040900
115.376999 186.429001 0.040800
100.981003 93.214302 0.040700
51.753399 244.285995 0.040700
79.019402 16.071400 0.040700
55.150101 343.928986 0.040600
40.965698 26.250000 0.040600
37.418598 298.635986 0.040500
131.809998 273.213989 0.040500
37.418598 28.636400 0.040400
37.418598 306.817993 0.040300
70.528801 250.714005 0.040300
64.623100 257.143005 0.040300
131.809998 266.786011 0.040100
67.607300 131.785995 0.040100
13.396700 146.250000 0.040000
33.908199 319.500000 0.039900
30.430401 215.000000 0.039900
58.411900 199.285995 0.039900
58.411900 205.714005 0.039900
103.774002 160.714005 0.039600
131.809998 318.213989 0.039600
13.396700 168.750000 0.039600
37.418598 315.000000 0.039600
44.554401 86.538498 0.039500
64.623100 244.285995 0.039500
33.908199 220.500000 0.039400
48.189701 99.642899 0.039400
51.753399 122.142998 0.039400
44.554401 93.461502 0.039300
64.623100 128.570999 0.039300
64.623100 167.143005 0.039300
48.189701 73.928596 0.039200
61.563099 337.500000 0.039200
58.411900 340.713989 0.039100
131.809998 331.071014 0.039100
92.729401 83.571404 0.038900
40.965698 11.250000 0.038900
40.965698 281.250000 0.038900
70.528801 135.000000 0.038800
20.153099 187.500000 0.038700
64.623100 347.143005 0.038600
64.623100 353.571014 0.038600
48.189701 125.357002 0.038500
20.153099 217.500000 0.038400
10.037500 285.000000 0.038300
55.150101 125.357002 0.038200
51.753399 128.570999 0.038200
55.150101 41.785702 0.038100
55.150101 118.929001 0.038100
37.418598 257.726990 0.038000
13.396700 258.750000 0.038000
128.246994 289.286011 0.037900
33.908199 193.500000 0.037800
40.965698 356.250000 0.037700
51.753399 257.143005 0.037600
30.430401 105.000000 0.037600
58.411900 257.143005 0.037400
40.965698 198.750000 0.037400
64.623100 315.000000 0.037300
131.809998 279.643005 0.037300
131.809998 311.786011 0.037200
33.908199 31.500000 0.037100
13.396700 236.250000 0.037100
40.965698 236.250000 0.037100
51.753399 347.143005 0.037100
61.563099 131.785995 0.037000
44.554401 24.230801 0.037000
64.623100 64.285698 0.037000
58.411900 321.428986 0.037000
131.809998 305.356995 0.036900
76.225899 154.285995 0.036900
58.411900 192.856995 0.036800
121.587997 192.856995 0.036800
98.213203 154.285995 0.036800
81.786797 19.285700 0.036700
61.563099 331.071014 0.036700
55.150101 202.500000 0.036600
23.556499 186.429001 0.036600
109.471001 83.571404 0.036600
67.607300 138.214005 0.036600
48.189701 202.500000 0.036500
16.767599 171.000000 0.036400
118.436996 189.643005 0.036400
131.809998 337.500000 0.036400
70.528801 128.570999 0.036400
67.607300 125.357002 0.036200
100.981003 157.500000 0.036200
61.563099 183.214005 0.036200
64.623100 0.000000 0.036100
131.809998 228.214005 0.035900
67.607300 247.500000 0.035900
118.436996 350.356995 0.035900
16.767599 135.000000 0.035900
58.411900 128.570999 0.035500
16.767599 225.000000 0.035500
139.033997 258.750000 0.035400
58.411900 45.000000 0.035300
51.753399 102.857002 0.035300
37.418598 290.454987 0.035200
26.981100 106.875000 0.035100
124.849998 196.070999 0.035100
16.767599 315.000000 0.035100
40.965698 3.750000 0.035100
55.150101 73.928596 0.035100
64.623100 135.000000 0.035000
48.189701 253.929001 0.034800
26.981100 185.625000 0.034700
58.411900 122.142998 0.034600
70.528801 141.429001 0.034500
70.528801 321.428986 0.034500
55.150101 131.785995 0.034500
58.411900 70.714302 0.034400
131.809998 208.929001 0.034400
135.445999 266.537994 0.034400
61.563099 67.500000 0.034300
67.607300 253.929001 0.034300
55.150101 247.500000 0.034100
58.411900 135.000000 0.034000
61.563099 253.929001 0.033900
67.607300 144.643005 0.033900
33.908199 40.500000 0.033900
26.981100 219.375000 0.033800
95.464996 151.070999 0.033700
48.189701 80.357101 0.033700
73.398499 138.214005 0.033600
67.607300 318.213989 0.033600
64.623100 141.429001 0.033600
73.398499 131.785995 0.033500
23.556499 315.000000 0.033500
58.411900 115.713997 0.033400
131.809998 298.928986 0.033400
48.189701 28.928600 0.033300
61.563099 247.500000 0.033300
37.418598 118.636002 0.033200
13.396700 281.250000 0.033200
16.767599 153.000000 0.033200
37.418598 282.273010 0.033200
61.563099 125.357002 0.033100
30.430401 275.000000 0.032900
128.246994 128.570999 0.032800
33.908199 310.500000 0.032700
37.418598 192.272995 0.032700
30.430401 185.000000 0.032700
37.418598 233.182007 0.032600
26.981100 50.625000 0.032500
51.753399 77.142899 0.032500
48.189701 86.785698 0.032500
33.908199 112.500000 0.032400
61.563099 318.213989 0.032400
20.153099 172.500000 0.032300
30.430401 315.000000 0.032300
106.601997 3.214290 0.032200
44.554401 252.692001 0.032200
112.392998 356.786011 0.032200
51.753399 135.000000 0.032100
13.396700 303.750000 0.032100
135.445999 273.462006 0.032100
70.528801 154.285995 0.032100
128.246994 199.285995 0.032000
40.965698 123.750000 0.031600
30.430401 35.000000 0.031500
26.981100 264.375000 0.031500
48.189701 131.785995 0.031400
61.563099 138.214005 0.031400
16.767599 261.000000 0.031400
55.150101 253.929001 0.031300
118.436996 157.500000 0.031300
81.786797 25.714300 0.031300
16.767599 243.000000 0.031300
55.150101 138.214005 0.031100
64.623100 250.714005 0.031000
67.607300 324.643005 0.031000
33.908199 256.500000 0.030900
73.398499 144.643005 0.030900
67.607300 157.500000 0.030900
61.563099 176.785995 0.030900
139.033997 251.250000 0.030900
23.556499 173.570999 0.030900
100.981003 28.928600 0.030800
44.554401 17.307699 0.030800
44.554401 128.076996 0.030700
51.753399 83.571404 0.030700
51.753399 32.142899 0.030600
98.213203 32.142899 0.030600
61.563099 324.643005 0.030600
33.908199 229.500000 0.030600
70.528801 147.856995 0.030500
48.189701 93.214302 0.030400
58.411900 250.714005 0.030400
51.753399 199.285995 0.030400
55.150101 106.070999 0.030300
124.849998 131.785995 0.030200
61.563099 170.356995 0.030200
124.849998 350.356995 0.030200
55.150101 196.070999 0.030200
30.430401 225.000000 0.030100
58.411900 186.429001 0.030000
61.563099 343.928986 0.029900
139.033997 266.250000 0.029900
128.246994 347.143005 0.029900
23.556499 45.000000 0.029900
44.554401 197.307999 0.029800
30.430401 45.000000 0.029800
20.153099 127.500000 0.029800
131.809998 234.643005 0.029800
115.376999 353.571014 0.029600
70.528801 45.000000 0.029500
44.554401 10.384600 0.029500
64.623100 327.856995 0.029500
64.623100 160.714005 0.029300
64.623100 122.142998 0.029300
70.528801 12.857100 0.029300
131.809998 343.928986 0.029200
23.556499 225.000000 0.029200
26.981100 174.375000 0.029200
33.908199 184.500000 0.029100
20.153099 157.500000 0.029000
73.398499 16.071400 0.028900
76.225899 19.285700 0.028900
106.601997 157.500000 0.028900
61.563099 144.643005 0.028800
121.587997 167.143005 0.028800
87.270599 147.856995 0.028800
76.225899 141.429001 0.028700
51.753399 141.429001 0.028700
58.411900 109.286003 0.028700
33.908199 301.500000 0.028600
58.411900 141.429001 0.028600
20.153099 232.500000 0.028600
100.981003 16.071400 0.028500
61.563099 118.929001 0.028500
26.981100 39.375000 0.028500
44.554401 135.000000 0.028400
115.376999 180.000000 0.028300
48.189701 350.356995 0.028300
16.767599 279.000000 0.028300
79.019402 151.070999 0.028300
64.623100 147.856995 0.028200
135.445999 328.846008 0.028200
109.471001 0.000000 0.028100
64.623100 321.428986 0.028000
55.150101 144.643005 0.028000
58.411900 147.856995 0.027900
48.189701 163.929001 0.027800
67.607300 9.642860 0.027700
48.189701 247.500000 0.027700
121.587997 128.570999 0.027600
90.000000 35.357101 0.027600
44.554401 245.768997 0.027500
55.150101 80.357101 0.027500
131.809998 131.785995 0.027400
44.554401 148.845993 0.027400
128.246994 135.000000 0.027400
121.587997 160.714005 0.027300
44.554401 155.768997 0.027300
92.729401 90.000000 0.027300
76.225899 135.000000 0.027300
30.430401 175.000000 0.027200
44.554401 169.615005 0.027200
48.189701 144.643005 0.027100
48.189701 138.214005 0.027100
135.445999 321.923004 0.027100
79.019402 22.500000 0.027000
73.398499 48.214298 0.027000
51.753399 250.714005 0.026900
131.809998 286.071014 0.026800
51.753399 160.714005 0.026800
67.607300 151.070999 0.026700
40.965698 251.250000 0.026600
20.153099 142.500000 0.026600
51.753399 96.428596 0.026600
92.729401 147.856995 0.026600
44.554401 162.692001 0.026600
23.556499 160.714005 0.026500
40.965698 243.750000 0.026400
48.189701 151.070999 0.026400
73.398499 151.070999 0.026300
48.189701 157.500000 0.026300
48.189701 22.500000 0.026300
124.849998 125.357002 0.026200
51.753399 90.000000 0.026100
40.965698 191.250000 0.026100
131.809998 202.500000 0.026100
55.150101 86.785698 0.026000
33.908199 283.500000 0.026000
33.908199 292.500000 0.025900
40.965698 161.250000 0.025900
51.753399 167.143005 0.025800
55.150101 151.070999 0.025700
81.786797 32.142899 0.025700
33.908199 175.500000 0.025700
20.153099 307.500000 0.025700
58.411900 77.142899 0.025700
61.563099 350.356995 0.025600
58.411900 83.571404 0.025600
16.767599 297.000000 0.025600
64.623100 6.428570 0.025600
58.411900 173.570999 0.025600
73.398499 125.357002 0.025600
40.965698 168.750000 0.025600
61.563099 151.070999 0.025600
51.753399 147.856995 0.025500
26.981100 163.125000 0.025500
70.528801 19.285700 0.025500
73.398499 54.642899 0.025500
106.601997 93.214302 0.025500
55.150101 189.643005 0.025500
95.464996 35.357101 0.025500
121.587997 135.000000 0.025500
37.418598 126.818001 0.025500
30.430401 255.000000 0.025400
30.430401 165.000000 0.025400
115.376999 154.285995 0.025400
139.033997 273.750000 0.025400
23.556499 122.142998 0.025300
40.965698 153.750000 0.025300
40.965698 146.250000 0.025300
44.554401 141.923004 0.025300
135.445999 218.076996 0.025200
58.411900 180.000000 0.025200
76.225899 147.856995 0.025200
20.153099 262.500000 0.025200
40.965698 131.250000 0.025100
124.849998 189.643005 0.025100
58.411900 154.285995 0.025100
33.908199 166.500000 0.025000
37.418598 167.727005 0.025000
37.418598 184.091003 0.024900
30.430401 115.000000 0.024800
55.150101 157.500000 0.024800
48.189701 170.356995 0.024800
51.753399 154.285995 0.024800
55.150101 35.357101 0.024700
61.563099 163.929001 0.024700
48.189701 196.070999 0.024700
48.189701 16.071400 0.024700
37.418598 143.182007 0.024700
37.418598 159.544998 0.024700
109.471001 90.000000 0.024600
135.445999 315.000000 0.024600
135.445999 225.000000 0.024600
51.753399 173.570999 0.024600
58.411900 347.143005 0.024600
30.430401 305.000000 0.024500
26.981100 275.625000 0.024500
20.153099 247.500000 0.024500
142.580994 265.908997 0.024500
131.809998 292.500000 0.024400
135.445999 280.385010 0.024400
33.908199 121.500000 0.024400
118.436996 131.785995 0.024400
37.418598 151.363998 0.024300
109.471001 154.285995 0.024300
128.246994 192.856995 0.024300
37.418598 241.363998 0.024300
26.981100 118.125000 0.024300
81.786797 147.856995 0.024200
44.554401 356.537994 0.024200
55.150101 163.929001 0.024200
84.535004 35.357101 0.024200
64.623100 154.285995 0.024100
23.556499 263.571014 0.024100
131.809998 138.214005 0.024100
40.965698 138.750000 0.024000
58.411900 160.714005 0.024000
67.607300 41.785702 0.024000
26.981100 230.625000 0.024000
37.418598 175.908997 0.024000
55.150101 170.356995 0.023900
61.563099 356.786011 0.023900
55.150101 176.785995 0.023800
103.774002 25.714300 0.023800
124.849998 138.214005 0.023700
118.436996 125.357002 0.023700
26.981100 309.375000 0.023700
58.411900 167.143005 0.023700
33.908199 157.500000 0.023700
135.445999 335.769012 0.023600
73.398499 22.500000 0.023600
40.965698 176.250000 0.023500
61.563099 157.500000 0.023300
61.563099 73.928596 0.023300
135.445999 342.691986 0.023300
135.445999 211.154007 0.023200
135.445999 135.000000 0.023200
79.019402 28.928600 0.023200
61.563099 3.214290 0.023100
61.563099 86.785698 0.023100
135.445999 308.076996 0.023100
121.587997 186.429001 0.023100
61.563099 80.357101 0.023100
37.418598 249.544998 0.023100
128.246994 141.429001 0.023000
61.563099 112.500000 0.023000
103.774002 19.285700 0.023000
44.554401 3.461540 0.022900
37.418598 135.000000 0.022700
67.607300 16.071400 0.022700
135.445999 238.845993 0.022700
118.436996 176.785995 0.022700
95.464996 93.214302 0.022600
121.587997 353.571014 0.022600
61.563099 41.785702 0.022600
70.528801 122.142998 0.022600
33.908199 247.500000 0.022600
64.623100 83.571404 0.022600
33.908199 130.500000 0.022600
79.019402 138.214005 0.022600
118.436996 183.214005 0.022600
20.153099 277.500000 0.022500
44.554401 190.384995 0.022500
51.753399 192.856995 0.022400
33.908199 148.500000 0.022300
23.556499 147.856995 0.022300
55.150101 99.642899 0.022200
44.554401 176.537994 0.022200
64.623100 115.713997 0.022200
131.809998 350.356995 0.022200
64.623100 70.714302 0.022200
67.607300 118.929001 0.022100
131.809998 125.357002 0.022100
76.225899 25.714300 0.022100
131.809998 196.070999 0.022100
135.445999 301.153992 0.022100
30.430401 155.000000 0.022000
142.580994 257.726990 0.022000
76.225899 128.570999 0.022000
55.150101 183.214005 0.021900
58.411900 38.571400 0.021900
23.556499 237.856995 0.021900
121.587997 122.142998 0.021900
23.556499 250.714005 0.021800
40.965698 183.750000 0.021800
33.908199 238.500000 0.021700
51.753399 25.714300 0.021600
100.981003 73.928596 0.021600
30.430401 235.000000 0.021500
26.981100 151.875000 0.021500
30.430401 125.000000 0.021300
131.809998 144.643005 0.021200
139.033997 243.750000 0.021100
90.000000 86.785698 0.021100
79.019402 144.643005 0.021000
26.981100 253.125000 0.021000
103.774002 154.285995 0.020900
23.556499 135.000000 0.020900
20.153099 292.500000 0.020900
55.150101 93.214302 0.020900
51.753399 180.000000 0.020900
67.607300 86.785698 0.020800
23.556499 276.428986 0.020800
67.607300 67.500000 0.020800
135.445999 349.614990 0.020700
70.528801 90.000000 0.020700
51.753399 19.285700 0.020600
103.774002 12.857100 0.020600
48.189701 9.642860 0.020500
30.430401 295.000000 0.020500
30.430401 145.000000 0.020400
64.623100 12.857100 0.020300
48.189701 176.785995 0.020200
128.246994 353.571014 0.020100
58.411900 90.000000 0.020100
92.729401 77.142899 0.020100
64.623100 77.142899 0.020100
115.376999 128.570999 0.020000
58.411900 102.857002 0.020000
70.528801 83.571404 0.020000
70.528801 64.285698 0.019800
92.729401 38.571400 0.019800
70.528801 25.714300 0.019800
135.445999 141.923004 0.019700
64.623100 90.000000 0.019700
79.019402 131.785995 0.019700
87.270599 38.571400 0.019700
51.753399 186.429001 0.019700
23.556499 302.143005 0.019500
67.607300 80.357101 0.019400
33.908199 139.500000 0.019400
55.150101 16.071400 0.019400
44.554401 183.462006 0.019400
135.445999 231.923004 0.019400
30.430401 245.000000 0.019400
55.150101 350.356995 0.019300
79.019402 35.357101 0.019300
26.981100 241.875000 0.019300
73.398499 28.928600 0.019300
135.445999 294.230988 0.019300
30.430401 285.000000 0.019200
135.445999 204.231003 0.019200
76.225899 32.142899 0.019100
67.607300 22.500000 0.019100
30.430401 135.000000 0.019000
67.607300 73.928596 0.018900
73.398499 93.214302 0.018900
118.436996 356.786011 0.018900
67.607300 93.214302 0.018800
135.445999 128.076996 0.018800
51.753399 12.857100 0.018700
26.981100 140.625000 0.018700
48.189701 183.214005 0.018700
26.981100 129.375000 0.018600
48.189701 189.643005 0.018600
61.563099 9.642860 0.018500
67.607300 112.500000 0.018400
61.563099 106.070999 0.018400
146.091995 265.500000 0.018400
76.225899 51.428600 0.018300
112.392998 86.785698 0.018300
26.981100 298.125000 0.018300
70.528801 115.713997 0.018200
142.580994 274.091003 0.018200
124.849998 163.929001 0.018200
61.563099 16.071400 0.018100
76.225899 90.000000 0.018100
84.535004 144.643005 0.018100
121.587997 173.570999 0.018000
131.809998 189.643005 0.018000
139.033997 221.250000 0.018000
64.623100 19.285700 0.018000
58.411900 353.571014 0.018000
128.246994 122.142998 0.017900
55.150101 28.928600 0.017900
70.528801 77.142899 0.017900
100.981003 151.070999 0.017800
81.786797 38.571400 0.017800
118.436996 138.214005 0.017800
58.411900 96.428596 0.017700
90.000000 80.357101 0.017700
112.392998 3.214290 0.017700
64.623100 109.286003 0.017700
73.398499 86.785698 0.017600
139.033997 326.250000 0.017600
106.601997 9.642860 0.017600
58.411900 0.000000 0.017500
73.398499 61.071400 0.017500
73.398499 118.929001 0.017500
90.000000 144.643005 0.017400
51.753399 353.571014 0.017400
58.411900 12.857100 0.017300
79.019402 93.214302 0.017300
124.849998 356.786011 0.017200
142.580994 249.544998 0.017200
79.019402 86.785698 0.017200
55.150101 22.500000 0.017200
58.411900 6.428570 0.017200
70.528801 96.428596 0.017200
128.246994 186.429001 0.017200
64.623100 38.571400 0.017100
73.398499 41.785702 0.017100
81.786797 90.000000 0.017100
58.411900 19.285700 0.017000
76.225899 122.142998 0.017000
76.225899 83.571404 0.017000
121.587997 180.000000 0.016900
139.033997 318.750000 0.016900
55.150101 9.642860 0.016900
51.753399 6.428570 0.016800
135.445999 197.307999 0.016700
61.563099 35.357101 0.016700
70.528801 32.142899 0.016700
115.376999 0.000000 0.016600
139.033997 213.750000 0.016600
73.398499 35.357101 0.016600
109.471001 6.428570 0.016600
23.556499 289.286011 0.016600
70.528801 38.571400 0.016500
124.849998 183.214005 0.016500
26.981100 286.875000 0.016500
73.398499 80.357101 0.016500
61.563099 93.214302 0.016500
139.033997 228.750000 0.016500
67.607300 35.357101 0.016500
76.225899 96.428596 0.016400
84.535004 86.785698 0.016400
76.225899 45.000000 0.016400
95.464996 73.928596 0.016400
87.270599 90.000000 0.016400
139.033997 348.750000 0.016400
128.246994 147.856995 0.016300
48.189701 356.786011 0.016300
81.786797 135.000000 0.016200
48.189701 3.214290 0.016200
139.033997 341.250000 0.016200
64.623100 96.428596 0.016200
124.849998 144.643005 0.016200
61.563099 22.500000 0.016200
135.445999 287.308014 0.016100
76.225899 38.571400 0.016100
139.033997 311.250000 0.016100
67.607300 28.928600 0.016100
115.376999 122.142998 0.016000
64.623100 25.714300 0.016000
73.398499 99.642899 0.016000
112.392998 151.070999 0.016000
139.033997 333.750000 0.016000
139.033997 281.250000 0.015900
79.019402 125.357002 0.015900
139.033997 138.750000 0.015900
139.033997 236.250000 0.015800
109.471001 77.142899 0.015700
61.563099 99.642899 0.015700
121.587997 141.429001 0.015700
81.786797 141.429001 0.015700
135.445999 190.384995 0.015600
135.445999 356.537994 0.015600
115.376999 135.000000 0.015600
98.213203 147.856995 0.015500
84.535004 93.214302 0.015500
70.528801 70.714302 0.015400
90.000000 41.785702 0.015400
79.019402 80.357101 0.015400
103.774002 32.142899 0.015400
131.809998 356.786011 0.015300
87.270599 83.571404 0.015300
135.445999 148.845993 0.015300
58.411900 32.142899 0.015300
70.528801 109.286003 0.015200
79.019402 41.785702 0.015200
142.580994 323.182007 0.015200
81.786797 83.571404 0.015200
106.601997 22.500000 0.015100
64.623100 32.142899 0.015100
64.623100 102.857002 0.015000
55.150101 3.214290 0.015000
139.033997 303.750000 0.015000
70.528801 102.857002 0.015000
142.580994 225.000000 0.015000
81.786797 96.428596 0.014900
121.587997 154.285995 0.014900
73.398499 106.070999 0.014900
90.000000 93.214302 0.014800
73.398499 112.500000 0.014800
100.981003 35.357101 0.014800
139.033997 131.250000 0.014800
146.091995 274.500000 0.014700
55.150101 356.786011 0.014700
67.607300 99.642899 0.014700
106.601997 151.070999 0.014700
124.849998 157.500000 0.014700
124.849998 118.929001 0.014600
76.225899 102.857002 0.014600
76.225899 57.857101 0.014600
98.213203 96.428596 0.014600
79.019402 48.214298 0.014500
124.849998 170.356995 0.014500
118.436996 118.929001 0.014500
139.033997 146.250000 0.014500
73.398499 73.928596 0.014500
51.753399 0.000000 0.014500
79.019402 99.642899 0.014300
103.774002 96.428596 0.014300
118.436996 151.070999 0.014300
112.392998 125.357002 0.014300
67.607300 106.070999 0.014200
98.213203 38.571400 0.014200
139.033997 206.250000 0.014100
146.091995 256.500000 0.014100
76.225899 77.142899 0.014000
142.580994 233.182007 0.014000
142.580994 216.817993 0.014000
87.270599 141.429001 0.013900
58.411900 25.714300 0.013900
128.246994 0.000000 0.013900
81.786797 128.570999 0.013800
76.225899 109.286003 0.013800
84.535004 41.785702 0.013800
112.392998 131.785995 0.013700
139.033997 296.250000 0.013700
124.849998 176.785995 0.013700
79.019402 54.642899 0.013700
149.570007 265.000000 0.013600
142.580994 241.363998 0.013600
61.563099 28.928600 0.013500
112.392998 80.357101 0.013500
81.786797 45.000000 0.013500
121.587997 0.000000 0.013400
106.601997 16.071400 0.013300
115.376999 147.856995 0.013300
139.033997 356.250000 0.013300
84.535004 80.357101 0.013200
76.225899 115.713997 0.013200
142.580994 315.000000 0.013200
106.601997 28.928600 0.013200
106.601997 73.928596 0.013200
84.535004 138.214005 0.013100
146.091995 319.500000 0.013000
73.398499 67.500000 0.013000
131.809998 151.070999 0.013000
139.033997 288.750000 0.013000
146.091995 220.500000 0.012900
81.786797 77.142899 0.012800
128.246994 180.000000 0.012800
139.033997 198.750000 0.012800
135.445999 183.462006 0.012800
79.019402 106.070999 0.012700
95.464996 41.785702 0.012700
142.580994 331.364014 0.012700
131.809998 183.214005 0.012700
79.019402 118.929001 0.012700
146.091995 229.500000 0.012700
131.809998 3.214290 0.012600
142.580994 282.273010 0.012600
142.580994 306.817993 0.012500
87.270599 77.142899 0.012500
81.786797 51.428600 0.012500
149.570007 275.000000 0.012500
146.091995 328.500000 0.012400
118.436996 144.643005 0.012400
124.849998 151.070999 0.012300
84.535004 131.785995 0.012300
95.464996 144.643005 0.012200
118.436996 3.214290 0.012200
139.033997 191.250000 0.012200
142.580994 347.726990 0.012100
87.270599 96.428596 0.012100
115.376999 6.428570 0.012100
76.225899 64.285698 0.012100
92.729401 45.000000 0.012000
81.786797 102.857002 0.012000
146.091995 247.500000 0.011900
124.849998 3.214290 0.011900
135.445999 121.153999 0.011800
84.535004 99.642899 0.011800
79.019402 112.500000 0.011800
109.471001 128.570999 0.011800
87.270599 45.000000 0.011700
92.729401 96.428596 0.011700
79.019402 61.071400 0.011600
81.786797 122.142998 0.011500
87.270599 135.000000 0.011500
149.570007 325.000000 0.011500
142.580994 339.545013 0.011500
79.019402 73.928596 0.011400
115.376999 141.429001 0.011400
103.774002 147.856995 0.011400
128.246994 160.714005 0.011400
76.225899 70.714302 0.011400
84.535004 48.214298 0.011400
149.570007 315.000000 0.011300
112.392998 9.642860 0.011300
142.580994 355.908997 0.011300
128.246994 167.143005 0.011300
81.786797 57.857101 0.011200
146.091995 238.500000 0.011200
142.580994 298.635986 0.011100
142.580994 143.182007 0.011100
142.580994 208.636002 0.011100
121.587997 147.856995 0.011100
109.471001 147.856995 0.011000
146.091995 310.500000 0.011000
109.471001 12.857100 0.010900
121.587997 115.713997 0.010900
128.246994 154.285995 0.010900
81.786797 115.713997 0.010900
109.471001 25.714300 0.010900
139.033997 153.750000 0.010900
84.535004 54.642899 0.010800
131.809998 176.785995 0.010800
112.392998 118.929001 0.010700
139.033997 183.750000 0.010700
121.587997 6.428570 0.010700
90.000000 48.214298 0.010700
115.376999 83.571404 0.010700
84.535004 125.357002 0.010700
135.445999 155.768997 0.010700
98.213203 70.714302 0.010700
112.392998 138.214005 0.010700
131.809998 118.929001 0.010600
142.580994 200.455002 0.010600
135.445999 3.461540 0.010500
87.270599 51.428600 0.010500
128.246994 51.428600 0.010500
90.000000 138.214005 0.010500
128.246994 173.570999 0.010400
87.270599 128.570999 0.010400
84.535004 73.928596 0.010400
92.729401 141.429001 0.010400
81.786797 109.286003 0.010400
79.019402 67.500000 0.010300
131.809998 54.642899 0.010300
115.376999 115.713997 0.010300
100.981003 41.785702 0.010300
142.580994 290.454987 0.010200
109.471001 122.142998 0.010200
149.570007 255.000000 0.010200
109.471001 19.285700 0.010200
146.091995 283.500000 0.010200
128.246994 57.857101 0.010100
142.580994 151.363998 0.010100
131.809998 48.214298 0.010100
146.091995 211.500000 0.010100
90.000000 131.785995 0.010100
149.570007 225.000000 0.010000
95.464996 48.214298 0.010000
124.849998 54.642899 0.010000
90.000000 73.928596 0.009900
139.033997 123.750000 0.009900
112.392998 144.643005 0.009900
142.580994 135.000000 0.009900
128.246994 6.428570 0.009900
146.091995 301.500000 0.009900
81.786797 70.714302 0.009800
131.809998 170.356995 0.009800
135.445999 176.537994 0.009800
131.809998 157.500000 0.009800
103.774002 38.571400 0.009800
153.018997 264.375000 0.009800
142.580994 192.272995 0.009700
90.000000 99.642899 0.009700
84.535004 118.929001 0.009700
149.570007 305.000000 0.009600
128.246994 115.713997 0.009600
118.436996 112.500000 0.009600
92.729401 51.428600 0.009600
84.535004 106.070999 0.009600
118.436996 9.642860 0.009500
98.213203 45.000000 0.009500
90.000000 54.642899 0.009500
81.786797 64.285698 0.009500
84.535004 61.071400 0.009500
149.570007 235.000000 0.009500
100.981003 144.643005 0.009400
142.580994 184.091003 0.009400
87.270599 102.857002 0.009400
106.601997 35.357101 0.009300
87.270599 122.142998 0.009300
112.392998 16.071400 0.009300
109.471001 135.000000 0.009300
149.570007 245.000000 0.009300
95.464996 138.214005 0.009300
84.535004 112.500000 0.009300
146.091995 202.500000 0.009300
146.091995 292.500000 0.009200
92.729401 135.000000 0.009200
153.018997 320.625000 0.009200
131.809998 163.929001 0.009200
90.000000 125.357002 0.009100
153.018997 275.625000 0.009100
139.033997 3.750000 0.009100
146.091995 337.500000 0.009100
106.601997 144.643005 0.009100
112.392998 93.214302 0.009100
115.376999 12.857100 0.009100
139.033997 176.250000 0.009100
149.570007 285.000000 0.009100
131.809998 61.071400 0.009100
92.729401 128.570999 0.009000
112.392998 22.500000 0.009000
115.376999 90.000000 0.009000
87.270599 57.857101 0.009000
149.570007 215.000000 0.009000
146.091995 346.500000 0.009000
106.601997 125.357002 0.008900
109.471001 141.429001 0.008900
98.213203 141.429001 0.008900
98.213203 135.000000 0.008900
135.445999 51.923100 0.008900
139.033997 161.250000 0.008900
153.018997 253.125000 0.008900
153.018997 309.375000 0.008800
103.774002 70.714302 0.008800
149.570007 295.000000 0.008800
84.535004 67.500000 0.008800
124.849998 48.214298 0.008800
92.729401 70.714302 0.008800
146.091995 355.500000 0.008800
142.580994 159.544998 0.008700
124.849998 112.500000 0.008700
146.091995 157.500000 0.008700
87.270599 70.714302 0.008700
135.445999 169.615005 0.008700
103.774002 141.429001 0.008700
135.445999 45.000000 0.008700
131.809998 9.642860 0.008600
146.091995 148.500000 0.008600
139.033997 48.750000 0.008600
124.849998 9.642860 0.008500
106.601997 131.785995 0.008500
135.445999 58.846199 0.008500
106.601997 41.785702 0.008400
109.471001 38.571400 0.008400
142.580994 175.908997 0.008400
142.580994 4.090910 0.008400
98.213203 51.428600 0.008400
124.849998 61.071400 0.008400
135.445999 162.692001 0.008400
109.471001 32.142899 0.008400
87.270599 115.713997 0.008300
149.570007 335.000000 0.008300
112.392998 28.928600 0.008300
128.246994 45.000000 0.008300
139.033997 168.750000 0.008300
146.091995 193.500000 0.008200
100.981003 99.642899 0.008200
103.774002 45.000000 0.008200
128.246994 64.285698 0.008200
95.464996 99.642899 0.008200
149.570007 205.000000 0.008200
100.981003 138.214005 0.008200
87.270599 109.286003 0.008200
121.587997 12.857100 0.008200
142.580994 126.818001 0.008100
90.000000 118.929001 0.008100
100.981003 48.214298 0.008100
153.018997 298.125000 0.008100
87.270599 64.285698 0.008000
92.729401 57.857101 0.008000
121.587997 51.428600 0.008000
121.587997 57.857101 0.008000
149.570007 175.000000 0.008000
95.464996 131.785995 0.008000
109.471001 96.428596 0.008000
106.601997 138.214005 0.008000
115.376999 19.285700 0.008000
103.774002 128.570999 0.008000
149.570007 155.000000 0.007900
95.464996 54.642899 0.007900
139.033997 56.250000 0.007900
153.018997 230.625000 0.007900
103.774002 135.000000 0.007900
146.091995 184.500000 0.007900
146.091995 166.500000 0.007900
149.570007 195.000000 0.007800
156.444000 263.571014 0.007800
128.246994 12.857100 0.007800
103.774002 51.428600 0.007800
118.436996 16.071400 0.007800
146.091995 139.500000 0.007700
153.018997 286.875000 0.007700
142.580994 167.727005 0.007700
146.091995 175.500000 0.007700
90.000000 67.500000 0.007700
153.018997 219.375000 0.007600
153.018997 163.125000 0.007600
112.392998 35.357101 0.007600
149.570007 165.000000 0.007600
139.033997 41.250000 0.007600
109.471001 45.000000 0.007600
153.018997 241.875000 0.007500
149.570007 185.000000 0.007500
100.981003 54.642899 0.007500
95.464996 67.500000 0.007500
131.809998 41.785702 0.007500
90.000000 61.071400 0.007500
153.018997 174.375000 0.007400
92.729401 122.142998 0.007400
156.444000 276.428986 0.007400
106.601997 48.214298 0.007400
124.849998 16.071400 0.007400
90.000000 106.070999 0.007400
135.445999 10.384600 0.007400
142.580994 45.000000 0.007300
135.445999 65.769203 0.007300
156.444000 302.143005 0.007300
156.444000 250.714005 0.007300
100.981003 131.785995 0.007300
131.809998 16.071400 0.007300
153.018997 331.875000 0.007300
118.436996 86.785698 0.007300
153.018997 185.625000 0.007300
115.376999 25.714300 0.007300
153.018997 208.125000 0.007300
149.570007 345.000000 0.007300
112.392998 41.785702 0.007200
95.464996 125.357002 0.007200
90.000000 112.500000 0.007200
109.471001 115.713997 0.007100
98.213203 128.570999 0.007100
118.436996 22.500000 0.007100
115.376999 32.142899 0.007100
118.436996 54.642899 0.007100
156.444000 315.000000 0.007100
121.587997 109.286003 0.007100
139.033997 11.250000 0.007100
103.774002 122.142998 0.007100
121.587997 64.285698 0.007100
128.246994 38.571400 0.007100
142.580994 12.272700 0.007100
106.601997 118.929001 0.007000
156.444000 173.570999 0.007000
100.981003 125.357002 0.007000
146.091995 4.500000 0.007000
124.849998 41.785702 0.007000
131.809998 112.500000 0.007000
92.729401 102.857002 0.007000
139.033997 116.250000 0.007000
92.729401 64.285698 0.007000
153.018997 196.875000 0.007000
131.809998 67.500000 0.006900
118.436996 48.214298 0.006900
121.587997 45.000000 0.006900
156.444000 186.429001 0.006900
112.392998 112.500000 0.006900
92.729401 115.713997 0.006900
156.444000 160.714005 0.006900
142.580994 53.181801 0.006900
139.033997 63.750000 0.006900
156.444000 225.000000 0.006800
149.570007 145.000000 0.006800
149.570007 355.000000 0.006800
135.445999 114.231003 0.006800
121.587997 19.285700 0.006800
135.445999 38.076900 0.006800
156.444000 289.286011 0.006800
98.213203 57.857101 0.006800
124.849998 67.500000 0.006800
159.847000 172.500000 0.006800
118.436996 35.357101 0.006800
115.376999 109.286003 0.006700
112.392998 48.214298 0.006700
146.091995 130.500000 0.006700
135.445999 17.307699 0.006700
149.570007 135.000000 0.006600
115.376999 45.000000 0.006600
142.580994 61.363602 0.006600
121.587997 38.571400 0.006600
153.018997 151.875000 0.006500
156.444000 212.143005 0.006500
118.436996 28.928600 0.006500
159.847000 247.500000 0.006500
95.464996 61.071400 0.006500
100.981003 67.500000 0.006500
118.436996 61.071400 0.006500
115.376999 77.142899 0.006500
146.091995 13.500000 0.006500
115.376999 51.428600 0.006500
156.444000 327.856995 0.006500
128.246994 19.285700 0.006500
106.601997 54.642899 0.006500
139.033997 33.750000 0.006400
124.849998 35.357101 0.006400
109.471001 51.428600 0.006400
149.570007 5.000000 0.006400
159.847000 187.500000 0.006400
124.849998 22.500000 0.006400
159.847000 277.500000 0.006400
139.033997 18.750000 0.006400
115.376999 38.571400 0.006400
156.444000 237.856995 0.006400
118.436996 41.785702 0.006300
131.809998 22.500000 0.006300
98.213203 122.142998 0.006300
159.847000 262.500000 0.006300
109.471001 70.714302 0.006300
106.601997 99.642899 0.006300
176.658005 135.000000 0.006300
112.392998 73.928596 0.006300
103.774002 57.857101 0.006300
128.246994 109.286003 0.006300
149.570007 15.000000 0.006300
128.246994 70.714302 0.006300
92.729401 109.286003 0.006300
146.091995 22.500000 0.006300
159.847000 217.500000 0.006300
156.444000 199.285995 0.006300
112.392998 54.642899 0.006300
135.445999 100.385002 0.006300
128.246994 25.714300 0.006300
153.018997 343.125000 0.006300
135.445999 72.692299 0.006200
121.587997 32.142899 0.006200
128.246994 32.142899 0.006200
142.580994 20.454500 0.006200
149.570007 25.000000 0.006200
142.580994 36.818199 0.006200
153.018997 354.375000 0.006200
98.213203 64.285698 0.006200
131.809998 35.357101 0.006200
156.444000 19.285700 0.006200
124.849998 28.928600 0.006100
118.436996 80.357101 0.006100
142.580994 118.636002 0.006100
121.587997 25.714300 0.006100
163.231995 189.000000 0.006100
159.847000 157.500000 0.006100
142.580994 28.636400 0.006100
159.847000 292.500000 0.006100
166.602997 168.750000 0.006100
163.231995 171.000000 0.006100
166.602997 191.250000 0.006100
135.445999 31.153799 0.006100
115.376999 57.857101 0.006000
176.658005 315.000000 0.006000
100.981003 61.071400 0.006000
135.445999 24.230801 0.006000
98.213203 102.857002 0.006000
135.445999 93.461502 0.006000
118.436996 93.214302 0.006000
139.033997 93.750000 0.006000
95.464996 118.929001 0.006000
153.018997 28.125000 0.006000
163.231995 261.000000 0.006000
146.091995 49.500000 0.006000
115.376999 96.428596 0.006000
146.091995 40.500000 0.006000
153.018997 140.625000 0.006000
139.033997 108.750000 0.006000
142.580994 94.090897 0.006000
139.033997 101.250000 0.005900
153.018997 5.625000 0.005900
176.658005 45.000000 0.005900
173.313004 202.500000 0.005900
95.464996 112.500000 0.005900
142.580994 110.455002 0.005900
176.658005 225.000000 0.005900
173.313004 112.500000 0.005900
118.436996 106.070999 0.005900
169.962006 165.000000 0.005900
173.313004 67.500000 0.005900
139.033997 78.750000 0.005900
139.033997 71.250000 0.005900
146.091995 94.500000 0.005900
156.444000 147.856995 0.005900
121.587997 83.571404 0.005900
153.018997 16.875000 0.005900
159.847000 22.500000 0.005900
146.091995 31.500000 0.005900
95.464996 106.070999 0.005800
169.962006 75.000000 0.005800
159.847000 202.500000 0.005800
139.033997 26.250000 0.005800
100.981003 118.929001 0.005800
173.313004 157.500000 0.005800
131.809998 99.642899 0.005800
135.445999 86.538498 0.005800
118.436996 67.500000 0.005800
156.444000 340.713989 0.005800
163.231995 9.000000 0.005800
121.587997 77.142899 0.005800
118.436996 73.928596 0.005800
156.444000 353.571014 0.005800
121.587997 70.714302 0.005800
139.033997 86.250000 0.005800
98.213203 115.713997 0.005800
142.580994 85.909103 0.005700
159.847000 307.500000 0.005700
159.847000 7.500000 0.005700
128.246994 77.142899 0.005700
169.962006 195.000000 0.005700
106.601997 61.071400 0.005700
131.809998 28.928600 0.005700
166.602997 281.250000 0.005700
156.444000 32.142899 0.005700
163.231995 297.000000 0.005700
109.471001 57.857101 0.005700
169.962006 105.000000 0.005700
163.231995 243.000000 0.005700
115.376999 70.714302 0.005700
169.962006 45.000000 0.005700
159.847000 232.500000 0.005700
124.849998 73.928596 0.005700
156.444000 6.428570 0.005700
173.313004 292.500000 0.005700
166.602997 11.250000 0.005700
103.774002 115.713997 0.005700
166.602997 258.750000 0.005600
131.809998 93.214302 0.005600
163.231995 279.000000 0.005600
159.847000 352.500000 0.005600
142.580994 77.727303 0.005600
135.445999 107.307999 0.005600
149.570007 45.000000 0.005600
146.091995 103.500000 0.005600
173.313004 337.500000 0.005600
146.091995 58.500000 0.005600
121.587997 90.000000 0.005600
124.849998 80.357101 0.005600
131.809998 106.070999 0.005600
106.601997 112.500000 0.005600
169.962006 15.000000 0.005600
106.601997 67.500000 0.005600
103.774002 64.285698 0.005600
169.962006 225.000000 0.005600
166.602997 33.750000 0.005600
142.580994 102.273003 0.005600
169.962006 315.000000 0.005600
103.774002 102.857002 0.005600
100.981003 112.500000 0.005600
159.847000 322.500000 0.005600
169.962006 255.000000 0.005600
115.376999 102.857002 0.005600
149.570007 95.000000 0.005600
166.602997 236.250000 0.005600
128.246994 102.857002 0.005500
173.313004 247.500000 0.005500
142.580994 69.545502 0.005500
169.962006 285.000000 0.005500
124.849998 106.070999 0.005500
112.392998 61.071400 0.005500
149.570007 35.000000 0.005500
166.602997 101.250000 0.005500
128.246994 96.428596 0.005500
163.231995 27.000000 0.005500
173.313004 22.500000 0.005500
131.809998 80.357101 0.005500
131.809998 73.928596 0.005500
166.602997 56.250000 0.005500
163.231995 207.000000 0.005500
146.091995 121.500000 0.005500
109.471001 109.286003 0.005500
163.231995 351.000000 0.005500
98.213203 109.286003 0.005400
163.231995 153.000000 0.005400
169.962006 135.000000 0.005400
163.231995 225.000000 0.005400
131.809998 86.785698 0.005400
166.602997 213.750000 0.005400
112.392998 99.642899 0.005400
169.962006 345.000000 0.005400
115.376999 64.285698 0.005400
146.091995 85.500000 0.005400
112.392998 67.500000 0.005400
163.231995 315.000000 0.005400
153.018997 95.625000 0.005400
153.018997 39.375000 0.005400
166.602997 123.750000 0.005400
135.445999 79.615402 0.005400
128.246994 83.571404 0.005400
159.847000 37.500000 0.005400
159.847000 337.500000 0.005300
159.847000 142.500000 0.005300
128.246994 90.000000 0.005300
124.849998 93.214302 0.005300
153.018997 129.375000 0.005300
166.602997 78.750000 0.005300
166.602997 146.250000 0.005300
109.471001 64.285698 0.005300
146.091995 67.500000 0.005300
163.231995 99.000000 0.005300
166.602997 348.750000 0.005300
166.602997 303.750000 0.005300
100.981003 106.070999 0.005300
112.392998 106.070999 0.005300
124.849998 86.785698 0.005300
146.091995 112.500000 0.005200
149.570007 55.000000 0.005200
149.570007 65.000000 0.005200
163.231995 135.000000 0.005200
163.231995 63.000000 0.005200
156.444000 135.000000 0.005200
149.570007 105.000000 0.005200
159.847000 52.500000 0.005200
163.231995 45.000000 0.005200
121.587997 96.428596 0.005200
118.436996 99.642899 0.005200
163.231995 81.000000 0.005200
149.570007 125.000000 0.005100
149.570007 85.000000 0.005100
103.774002 109.286003 0.005100
159.847000 112.500000 0.005100
159.847000 97.500000 0.005100
124.849998 99.642899 0.005000
153.018997 61.875000 0.005000
166.602997 326.250000 0.005000
156.444000 45.000000 0.005000
163.231995 333.000000 0.005000
106.601997 106.070999 0.005000
153.018997 84.375000 0.005000
153.018997 118.125000 0.005000
121.587997 102.857002 0.005000
156.444000 83.571404 0.005000
156.444000 70.714302 0.004900
109.471001 102.857002 0.004900
156.444000 122.142998 0.004900
149.570007 75.000000 0.004900
153.018997 50.625000 0.004900
156.444000 96.428596 0.004900
156.444000 57.857101 0.004900
159.847000 67.500000 0.004800
156.444000 109.286003 0.004800
159.847000 127.500000 0.004800
146.091995 76.500000 0.004800
159.847000 82.500000 0.004800
153.018997 73.125000 0.004800
163.231995 117.000000 0.004700
149.570007 115.000000 0.004700
153.018997 106.875000 0.004600
