84.535004 266.786011 1.873500
87.270599 263.571014 1.799800
90.000000 266.786011 1.522500
95.464996 202.500000 1.405600
81.786797 263.571014 1.297300
92.729401 199.285995 1.266200
92.729401 225.000000 1.203400
81.786797 270.000000 1.199500
100.981003 189.643005 1.181400
95.464996 221.785995 1.172800
87.270599 270.000000 1.155600
92.729401 205.714005 1.147800
92.729401 218.570999 1.147200
100.981003 266.786011 1.146900
95.464996 196.070999 1.116800
92.729401 192.856995 1.111800
95.464996 215.356995 1.089800
103.774002 212.143005 1.088400
84.535004 260.356995 1.082700
103.774002 270.000000 1.073200
98.213203 192.856995 1.056900
95.464996 189.643005 1.049800
92.729401 186.429001 1.044400
106.601997 215.356995 1.008000
90.000000 202.500000 0.996000
98.213203 270.000000 0.981400
98.213203 186.429001 0.975300
92.729401 212.143005 0.969900
95.464996 266.786011 0.959700
95.464996 208.929001 0.957500
98.213203 212.143005 0.942900
106.601997 273.213989 0.919000
100.981003 215.356995 0.915500
90.000000 196.070999 0.910500
92.729401 270.000000 0.908500
100.981003 273.213989 0.895400
92.729401 263.571014 0.888200
90.000000 221.785995 0.882500
109.471001 212.143005 0.879300
98.213203 218.570999 0.870200
90.000000 260.356995 0.858700
79.019402 266.786011 0.855900
98.213203 205.714005 0.852600
106.601997 208.929001 0.817700
98.213203 199.285995 0.810000
112.392998 221.785995 0.799600
98.213203 263.571014 0.786600
90.000000 189.643005 0.783600
95.464996 183.214005 0.752800
103.774002 276.428986 0.729100
90.000000 273.213989 0.718900
90.000000 215.356995 0.715900
87.270599 257.143005 0.715600
95.464996 228.214005 0.713500
109.471001 218.570999 0.709600
84.535004 273.213989 0.709000
92.729401 180.000000 0.703200
109.471001 225.000000 0.696500
106.601997 266.786011 0.688300
90.000000 183.214005 0.677700
100.981003 208.929001 0.674500
90.000000 208.929001 0.663800
103.774002 347.143005 0.653900
84.535004 253.929001 0.650200
103.774002 218.570999 0.642100
90.000000 228.214005 0.641600
100.981003 183.214005 0.640100
95.464996 273.213989 0.638300
109.471001 276.428986 0.626900
98.213203 225.000000 0.618500
87.270599 250.714005 0.603500
79.019402 273.213989 0.603200
112.392998 234.643005 0.602700
87.270599 199.285995 0.597700
103.774002 263.571014 0.596800
95.464996 176.785995 0.595100
115.376999 225.000000 0.586300
87.270599 205.714005 0.583800
92.729401 347.143005 0.583000
109.471001 270.000000 0.577900
95.464996 260.356995 0.569100
112.392998 228.214005 0.561800
92.729401 173.570999 0.561500
106.601997 221.785995 0.561000
79.019402 215.356995 0.553300
79.019402 260.356995 0.547700
100.981003 196.070999 0.540000
112.392998 215.356995 0.539300
87.270599 192.856995 0.533400
90.000000 253.929001 0.532500
100.981003 202.500000 0.525300
81.786797 212.143005 0.522300
95.464996 343.928986 0.521000
90.000000 343.928986 0.517700
87.270599 276.428986 0.516800
115.376999 218.570999 0.506900
81.786797 257.143005 0.504400
92.729401 257.143005 0.501200
79.019402 208.929001 0.497300
109.471001 231.429001 0.495900
106.601997 350.356995 0.493900
100.981003 221.785995 0.491700
90.000000 176.785995 0.488600
103.774002 192.856995 0.488200
98.213203 180.000000 0.488100
103.774002 186.429001 0.484600
87.270599 186.429001 0.482800
84.535004 202.500000 0.481200
115.376999 231.429001 0.479400
100.981003 350.356995 0.476900
92.729401 231.429001 0.474500
103.774002 205.714005 0.473900
95.464996 3.214290 0.469300
98.213203 276.428986 0.468300
115.376999 237.856995 0.460000
76.225899 212.143005 0.455400
112.392998 208.929001 0.445200
87.270599 347.143005 0.444600
87.270599 225.000000 0.443000
106.601997 279.643005 0.440500
98.213203 347.143005 0.434100
84.535004 208.929001 0.432000
112.392998 273.213989 0.431100
118.436996 221.785995 0.430500
81.786797 205.714005 0.419500
87.270599 180.000000 0.415700
76.225899 218.570999 0.411800
87.270599 218.570999 0.406000
81.786797 218.570999 0.404000
106.601997 228.214005 0.403700
92.729401 340.713989 0.401300
109.471001 237.856995 0.397400
87.270599 212.143005 0.396200
118.436996 234.643005 0.393400
90.000000 350.356995 0.384100
109.471001 205.714005 0.374600
81.786797 276.428986 0.372700
92.729401 276.428986 0.368000
90.000000 3.214290 0.360700
84.535004 176.785995 0.360000
76.225899 270.000000 0.357600
84.535004 215.356995 0.352000
98.213203 6.428570 0.351600
100.981003 343.928986 0.350600
118.436996 228.214005 0.349600
79.019402 221.785995 0.348300
95.464996 350.356995 0.345600
100.981003 260.356995 0.341900
115.376999 321.428986 0.341500
106.601997 234.643005 0.340700
79.019402 170.356995 0.340100
103.774002 225.000000 0.333800
81.786797 250.714005 0.333200
81.786797 173.570999 0.333000
84.535004 350.356995 0.330000
87.270599 6.428570 0.327800
109.471001 282.856995 0.325700
112.392998 324.643005 0.324300
100.981003 279.643005 0.322800
100.981003 241.070999 0.319200
100.981003 86.785698 0.319200
84.535004 183.214005 0.317700
84.535004 196.070999 0.317200
115.376999 212.143005 0.311700
76.225899 263.571014 0.311500
84.535004 247.500000 0.310600
92.729401 0.000000 0.307100
103.774002 180.000000 0.306300
79.019402 176.785995 0.304700
106.601997 189.643005 0.304500
103.774002 353.571014 0.302800
112.392998 247.500000 0.302200
98.213203 237.856995 0.301800
92.729401 6.428570 0.300900
109.471001 302.143005 0.300800
112.392998 279.643005 0.299700
84.535004 343.928986 0.299400
87.270599 340.713989 0.299300
118.436996 215.356995 0.298100
98.213203 0.000000 0.297900
112.392998 286.071014 0.296300
81.786797 180.000000 0.296200
92.729401 250.714005 0.292300
95.464996 234.643005 0.287600
106.601997 343.928986 0.287200
81.786797 199.285995 0.283400
95.464996 253.929001 0.282600
112.392998 298.928986 0.278400
98.213203 231.429001 0.277800
81.786797 167.143005 0.275000
103.774002 83.571404 0.274900
98.213203 257.143005 0.272000
81.786797 347.143005 0.271800
121.587997 231.429001 0.271300
112.392998 266.786011 0.268700
84.535004 189.643005 0.268400
112.392998 305.356995 0.267500
87.270599 353.571014 0.267400
106.601997 286.071014 0.265700
115.376999 289.286011 0.265400
98.213203 340.713989 0.265200
98.213203 244.285995 0.264600
90.000000 279.643005 0.263900
90.000000 247.500000 0.263400
115.376999 250.714005 0.262800
109.471001 340.713989 0.261800
76.225899 205.714005 0.261400
112.392998 241.070999 0.259800
79.019402 202.500000 0.259700
98.213203 83.571404 0.258200
84.535004 221.785995 0.258100
87.270599 231.429001 0.257800
84.535004 3.214290 0.256000
100.981003 176.785995 0.253800
109.471001 263.571014 0.253400
103.774002 199.285995 0.252700
121.587997 225.000000 0.252600
106.601997 202.500000 0.250900
87.270599 0.000000 0.250500
109.471001 295.713989 0.250000
112.392998 337.500000 0.249300
109.471001 289.286011 0.248500
112.392998 343.928986 0.247400
100.981003 228.214005 0.246000
81.786797 353.571014 0.245400
112.392998 292.500000 0.243900
76.225899 173.570999 0.243200
92.729401 353.571014 0.242500
95.464996 241.070999 0.241300
112.392998 318.213989 0.239800
106.601997 183.214005 0.239600
103.774002 237.856995 0.239300
118.436996 286.071014 0.238500
121.587997 218.570999 0.238400
115.376999 327.856995 0.237500
109.471001 347.143005 0.237200
103.774002 282.856995 0.237000
103.774002 231.429001 0.236800
121.587997 237.856995 0.233400
90.000000 234.643005 0.230600
106.601997 298.928986 0.228400
79.019402 253.929001 0.227800
87.270599 173.570999 0.227100
100.981003 234.643005 0.225200
81.786797 186.429001 0.225100
95.464996 356.786011 0.223500
84.535004 356.786011 0.223400
84.535004 170.356995 0.223400
95.464996 337.500000 0.222600
84.535004 279.643005 0.222000
109.471001 321.428986 0.221600
109.471001 250.714005 0.221500
98.213203 353.571014 0.221300
115.376999 282.856995 0.220800
115.376999 270.000000 0.220100
81.786797 192.856995 0.219300
112.392998 331.071014 0.218400
73.398499 215.356995 0.215700
118.436996 324.643005 0.215300
115.376999 302.143005 0.213900
115.376999 276.428986 0.213500
109.471001 327.856995 0.213400
76.225899 334.286011 0.212800
76.225899 167.143005 0.211700
79.019402 350.356995 0.211700
112.392998 253.929001 0.210900
115.376999 315.000000 0.210600
90.000000 337.500000 0.209000
79.019402 356.786011 0.208500
115.376999 308.571014 0.208100
98.213203 173.570999 0.207200
92.729401 237.856995 0.206200
79.019402 196.070999 0.205800
118.436996 241.070999 0.205500
118.436996 318.213989 0.205200
100.981003 3.214290 0.205200
115.376999 295.713989 0.204600
95.464996 279.643005 0.203700
106.601997 241.070999 0.202900
95.464996 324.643005 0.202800
79.019402 298.928986 0.202600
79.019402 189.643005 0.201800
81.786797 225.000000 0.200900
100.981003 80.357101 0.199300
92.729401 327.856995 0.198700
106.601997 196.070999 0.198500
76.225899 192.856995 0.198500
112.392998 311.786011 0.198000
76.225899 199.285995 0.197300
73.398499 208.929001 0.196800
109.471001 308.571014 0.195500
103.774002 244.285995 0.195400
90.000000 356.786011 0.194800
84.535004 228.214005 0.194100
115.376999 340.713989 0.193900
81.786797 340.713989 0.193500
95.464996 247.500000 0.192200
81.786797 0.000000 0.192100
84.535004 305.356995 0.191000
79.019402 337.500000 0.189500
76.225899 276.428986 0.189300
79.019402 247.500000 0.188800
81.786797 302.143005 0.187500
109.471001 334.286011 0.186700
118.436996 292.500000 0.186300
79.019402 343.928986 0.186100
115.376999 205.714005 0.184800
79.019402 183.214005 0.183600
106.601997 305.356995 0.183400
118.436996 311.786011 0.181600
79.019402 163.929001 0.181400
92.729401 321.428986 0.181300
76.225899 295.713989 0.180700
106.601997 260.356995 0.180300
109.471001 192.856995 0.179500
73.398499 337.500000 0.178600
76.225899 0.000000 0.177800
115.376999 244.285995 0.177700
98.213203 327.856995 0.177100
87.270599 308.571014 0.176300
90.000000 324.643005 0.176200
121.587997 212.143005 0.175300
106.601997 292.500000 0.174000
100.981003 247.500000 0.173700
95.464996 331.071014 0.173600
87.270599 244.285995 0.173200
103.774002 90.000000 0.172900
109.471001 244.285995 0.172100
118.436996 208.929001 0.171800
115.376999 334.286011 0.170500
76.225899 257.143005 0.170300
106.601997 337.500000 0.170100
76.225899 225.000000 0.169200
48.189701 337.500000 0.169200
84.535004 337.500000 0.168100
87.270599 302.143005 0.167200
90.000000 170.356995 0.167000
118.436996 305.356995 0.166700
109.471001 199.285995 0.166500
76.225899 186.429001 0.166300
73.398499 196.070999 0.165900
90.000000 9.642860 0.165800
92.729401 334.286011 0.165700
98.213203 250.714005 0.165300
73.398499 189.643005 0.165200
112.392998 202.500000 0.165200
90.000000 305.356995 0.165100
76.225899 353.571014 0.165100
79.019402 3.214290 0.164300
103.774002 340.713989 0.164200
76.225899 180.000000 0.161800
76.225899 340.713989 0.161600
109.471001 315.000000 0.161500
81.786797 295.713989 0.161000
95.464996 170.356995 0.161000
106.601997 86.785698 0.160700
109.471001 186.429001 0.160100
84.535004 298.928986 0.159700
73.398499 221.785995 0.159600
51.753399 334.286011 0.157700
73.398499 170.356995 0.157300
81.786797 244.285995 0.157300
98.213203 334.286011 0.157100
124.849998 221.785995 0.157100
73.398499 202.500000 0.156800
121.587997 289.286011 0.156700
92.729401 244.285995 0.155100
76.225899 302.143005 0.154200
51.753399 295.713989 0.153700
81.786797 308.571014 0.153700
79.019402 331.071014 0.152000
106.601997 324.643005 0.151500
79.019402 292.500000 0.150800
84.535004 311.786011 0.150500
79.019402 305.356995 0.149100
84.535004 9.642860 0.148000
30.430401 345.000000 0.147700
44.554401 335.769012 0.147500
81.786797 334.286011 0.147400
106.601997 331.071014 0.147400
48.189701 331.071014 0.146300
55.150101 298.928986 0.146100
118.436996 298.928986 0.145300
16.767599 81.000000 0.145300
95.464996 86.785698 0.144800
124.849998 234.643005 0.144400
95.464996 9.642860 0.144000
103.774002 289.286011 0.143800
79.019402 279.643005 0.143800
76.225899 347.143005 0.143600
33.908199 346.500000 0.143600
98.213203 90.000000 0.143400
81.786797 6.428570 0.142700
121.587997 321.428986 0.141600
103.774002 295.713989 0.141600
100.981003 331.071014 0.141200
100.981003 324.643005 0.141200
90.000000 331.071014 0.140800
87.270599 282.856995 0.140500
90.000000 311.786011 0.140400
73.398499 273.213989 0.140100
103.774002 257.143005 0.140100
118.436996 247.500000 0.140000
100.981003 337.500000 0.139900
73.398499 356.786011 0.139800
121.587997 315.000000 0.139300
98.213203 282.856995 0.138400
98.213203 321.428986 0.137900
84.535004 163.929001 0.137700
100.981003 253.929001 0.137500
121.587997 308.571014 0.136700
100.981003 356.786011 0.136300
58.411900 295.713989 0.135500
92.729401 308.571014 0.135100
118.436996 279.643005 0.134800
103.774002 327.856995 0.133800
55.150101 292.500000 0.133500
103.774002 334.286011 0.132300
73.398499 266.786011 0.132100
118.436996 273.213989 0.131900
95.464996 318.213989 0.131600
92.729401 282.856995 0.131500
124.849998 228.214005 0.131000
87.270599 315.000000 0.130800
124.849998 215.356995 0.130800
112.392998 196.070999 0.130600
103.774002 302.143005 0.129600
118.436996 331.071014 0.129400
79.019402 228.214005 0.129400
48.189701 298.928986 0.129300
70.528801 192.856995 0.129200
73.398499 176.785995 0.128800
73.398499 298.928986 0.128400
30.430401 355.000000 0.127800
90.000000 241.070999 0.127400
90.000000 318.213989 0.126900
13.396700 78.750000 0.126500
51.753399 218.570999 0.125600
76.225899 250.714005 0.125400
121.587997 282.856995 0.125100
73.398499 183.214005 0.124900
20.153099 82.500000 0.124700
118.436996 253.929001 0.123900
109.471001 353.571014 0.123600
92.729401 315.000000 0.122700
106.601997 318.213989 0.122300
106.601997 247.500000 0.121900
87.270599 334.286011 0.121400
90.000000 157.500000 0.120500
73.398499 331.071014 0.120500
37.418598 347.726990 0.120400
115.376999 257.143005 0.119300
51.753399 302.143005 0.119200
87.270599 237.856995 0.119200
121.587997 250.714005 0.119200
84.535004 234.643005 0.119200
128.246994 250.714005 0.119100
106.601997 176.785995 0.118900
87.270599 327.856995 0.118800
48.189701 292.500000 0.118400
92.729401 302.143005 0.117300
124.849998 247.500000 0.116800
70.528801 199.285995 0.116000
118.436996 337.500000 0.115700
124.849998 253.929001 0.115600
70.528801 186.429001 0.115100
20.153099 352.500000 0.114900
10.037500 75.000000 0.114600
26.981100 354.375000 0.114500
73.398499 292.500000 0.113900
73.398499 260.356995 0.113800
121.587997 244.285995 0.113700
87.270599 167.143005 0.113500
106.601997 311.786011 0.113100
87.270599 321.428986 0.113100
70.528801 334.286011 0.113000
13.396700 11.250000 0.112800
118.436996 266.786011 0.112600
33.908199 355.500000 0.112300
76.225899 289.286011 0.112100
115.376999 263.571014 0.112000
81.786797 231.429001 0.111500
95.464996 305.356995 0.111300
48.189701 215.356995 0.111100
100.981003 286.071014 0.110600
23.556499 353.571014 0.110600
26.981100 343.125000 0.110600
16.767599 351.000000 0.110600
121.587997 327.856995 0.110400
90.000000 298.928986 0.110200
84.535004 241.070999 0.110100
23.556499 83.571404 0.109800
16.767599 9.000000 0.109500
67.607300 279.643005 0.109400
124.849998 241.070999 0.109400
106.601997 80.357101 0.109300
33.908199 337.500000 0.109000
37.418598 339.545013 0.109000
6.686910 67.500000 0.108800
121.587997 302.143005 0.108600
109.471001 257.143005 0.108400
70.528801 205.714005 0.108300
73.398499 350.356995 0.108200
103.774002 321.428986 0.108200
112.392998 260.356995 0.108200
61.563099 292.500000 0.108000
79.019402 311.786011 0.108000
51.753399 231.429001 0.107800
95.464996 80.357101 0.107400
81.786797 315.000000 0.107300
23.556499 70.714302 0.106900
84.535004 331.071014 0.106900
13.396700 348.750000 0.106700
44.554401 294.230988 0.105900
55.150101 234.643005 0.105800
84.535004 318.213989 0.105600
3.342030 45.000000 0.105400
70.528801 276.428986 0.105100
95.464996 311.786011 0.104900
81.786797 327.856995 0.104700
64.623100 276.428986 0.104600
55.150101 228.214005 0.104500
61.563099 279.643005 0.104100
16.767599 99.000000 0.103900
51.753399 289.286011 0.103900
73.398499 3.214290 0.103800
58.411900 289.286011 0.103700
10.037500 15.000000 0.103700
40.965698 341.250000 0.103600
58.411900 302.143005 0.103600
64.623100 282.856995 0.103500
112.392998 163.929001 0.102900
121.587997 295.713989 0.102900
26.981100 73.125000 0.102900
51.753399 340.713989 0.102500
95.464996 286.071014 0.102500
23.556499 340.713989 0.101900
73.398499 343.928986 0.101700
73.398499 163.929001 0.101600
20.153099 7.500000 0.101500
58.411900 231.429001 0.101400
100.981003 298.928986 0.101300
44.554401 342.691986 0.101100
112.392998 189.643005 0.101000
20.153099 67.500000 0.100800
106.601997 253.929001 0.100800
48.189701 221.785995 0.100600
81.786797 237.856995 0.100400
100.981003 292.500000 0.099900
87.270599 295.713989 0.099900
48.189701 61.071400 0.099500
84.535004 292.500000 0.099400
118.436996 202.500000 0.099300
121.587997 276.428986 0.099100
92.729401 25.714300 0.098700
73.398499 279.643005 0.098500
76.225899 308.571014 0.098400
115.376999 347.143005 0.098300
48.189701 54.642899 0.098100
79.019402 241.070999 0.098000
81.786797 289.286011 0.097500
55.150101 221.785995 0.097500
76.225899 327.856995 0.097400
81.786797 160.714005 0.096800
61.563099 286.071014 0.096800
103.774002 173.570999 0.096700
112.392998 350.356995 0.096600
92.729401 160.714005 0.096600
87.270599 160.714005 0.096600
13.396700 101.250000 0.096400
109.471001 180.000000 0.096400
121.587997 205.714005 0.096400
103.774002 250.714005 0.096300
103.774002 308.571014 0.096300
76.225899 160.714005 0.096200
44.554401 58.846199 0.096100
23.556499 6.428570 0.096000
67.607300 189.643005 0.096000
51.753399 57.857101 0.096000
70.528801 212.143005 0.095900
131.809998 247.500000 0.095800
70.528801 295.713989 0.095700
10.037500 105.000000 0.095500
70.528801 270.000000 0.095500
124.849998 311.786011 0.095400
10.037500 45.000000 0.095200
124.849998 318.213989 0.095100
67.607300 273.213989 0.094900
44.554401 301.153992 0.094700
55.150101 215.356995 0.094700
81.786797 282.856995 0.094700
73.398499 305.356995 0.094600
51.753399 212.143005 0.094600
64.623100 289.286011 0.094600
98.213203 315.000000 0.094300
115.376999 199.285995 0.094200
51.753399 327.856995 0.094200
76.225899 6.428570 0.093200
51.753399 225.000000 0.093000
55.150101 305.356995 0.092900
90.000000 286.071014 0.092700
84.535004 324.643005 0.092700
58.411900 282.856995 0.092600
61.563099 298.928986 0.092500
70.528801 282.856995 0.092300
109.471001 167.143005 0.091800
67.607300 196.070999 0.091600
76.225899 244.285995 0.091500
103.774002 77.142899 0.091300
124.849998 208.929001 0.091200
79.019402 286.071014 0.090800
128.246994 244.285995 0.090700
100.981003 318.213989 0.090700
128.246994 257.143005 0.090700
98.213203 308.571014 0.090600
48.189701 305.356995 0.090400
20.153099 97.500000 0.090200
98.213203 77.142899 0.089900
131.809998 253.929001 0.089800
87.270599 12.857100 0.089700
20.153099 337.500000 0.089700
76.225899 282.856995 0.089700
124.849998 324.643005 0.089600
98.213203 302.143005 0.089200
124.849998 286.071014 0.089100
55.150101 337.500000 0.088600
79.019402 234.643005 0.088500
6.686910 22.500000 0.088300
100.981003 305.356995 0.088200
55.150101 331.071014 0.087700
6.686910 112.500000 0.087300
44.554401 218.076996 0.087300
40.965698 333.750000 0.087300
121.587997 257.143005 0.087100
67.607300 286.071014 0.087000
128.246994 218.570999 0.087000
92.729401 154.285995 0.086900
44.554401 328.846008 0.086800
124.849998 305.356995 0.086600
70.528801 218.570999 0.086500
44.554401 51.923100 0.086400
26.981100 5.625000 0.086200
13.396700 33.750000 0.086100
26.981100 84.375000 0.086000
48.189701 228.214005 0.085600
30.430401 335.000000 0.085600
3.342030 135.000000 0.085300
13.396700 56.250000 0.085300
100.981003 93.214302 0.085200
73.398499 286.071014 0.085000
95.464996 157.500000 0.084600
10.037500 345.000000 0.084300
16.767599 63.000000 0.084200
30.430401 75.000000 0.084000
118.436996 343.928986 0.083900
90.000000 22.500000 0.083800
84.535004 286.071014 0.083700
121.587997 334.286011 0.083700
95.464996 22.500000 0.083700
95.464996 298.928986 0.083700
121.587997 270.000000 0.083500
92.729401 167.143005 0.083400
106.601997 356.786011 0.083200
81.786797 321.428986 0.083100
70.528801 173.570999 0.083000
98.213203 289.286011 0.082900
16.767599 27.000000 0.082800
70.528801 0.000000 0.082700
55.150101 61.071400 0.082700
70.528801 180.000000 0.082500
87.270599 154.285995 0.082200
76.225899 231.429001 0.082100
55.150101 286.071014 0.082100
70.528801 340.713989 0.081900
70.528801 302.143005 0.081800
70.528801 167.143005 0.081700
55.150101 54.642899 0.081700
98.213203 295.713989 0.081600
61.563099 273.213989 0.081400
64.623100 295.713989 0.081300
128.246994 225.000000 0.081200
67.607300 292.500000 0.081100
58.411900 276.428986 0.080800
70.528801 289.286011 0.080800
20.153099 22.500000 0.080600
70.528801 353.571014 0.080500
58.411900 237.856995 0.080300
118.436996 260.356995 0.080100
58.411900 218.570999 0.079900
40.965698 63.750000 0.079700
30.430401 5.000000 0.079600
90.000000 163.929001 0.079600
115.376999 167.143005 0.079000
51.753399 64.285698 0.078900
100.981003 311.786011 0.078700
103.774002 315.000000 0.078600
51.753399 51.428600 0.078400
76.225899 237.856995 0.078000
79.019402 324.643005 0.078000
40.965698 56.250000 0.077900
64.623100 51.428600 0.077500
67.607300 298.928986 0.077400
48.189701 48.214298 0.077300
61.563099 305.356995 0.077200
109.471001 83.571404 0.076600
61.563099 54.642899 0.076500
124.849998 292.500000 0.076400
92.729401 83.571404 0.076400
3.342030 315.000000 0.076100
67.607300 202.500000 0.076100
90.000000 28.928600 0.076000
121.587997 263.571014 0.075700
51.753399 237.856995 0.075500
70.528801 263.571014 0.075500
67.607300 54.642899 0.075400
112.392998 170.356995 0.075300
79.019402 318.213989 0.075100
70.528801 347.143005 0.075100
128.246994 212.143005 0.075100
73.398499 253.929001 0.075000
87.270599 289.286011 0.075000
64.623100 270.000000 0.075000
79.019402 9.642860 0.074900
58.411900 225.000000 0.074800
84.535004 157.500000 0.074300
124.849998 260.356995 0.074200
92.729401 289.286011 0.074200
76.225899 315.000000 0.074200
44.554401 65.769203 0.074100
44.554401 225.000000 0.074000
44.554401 211.154007 0.073700
16.767599 333.000000 0.073500
100.981003 9.642860 0.073400
67.607300 266.786011 0.073300
48.189701 234.643005 0.073000
64.623100 302.143005 0.072900
92.729401 295.713989 0.072500
92.729401 19.285700 0.072400
73.398499 228.214005 0.072100
100.981003 170.356995 0.072100
40.965698 348.750000 0.071900
124.849998 298.928986 0.071900
23.556499 19.285700 0.071800
30.430401 65.000000 0.071800
124.849998 279.643005 0.071700
51.753399 308.571014 0.071300
90.000000 292.500000 0.071100
26.981100 331.875000 0.071100
23.556499 96.428596 0.070900
58.411900 57.857101 0.070800
95.464996 292.500000 0.070600
44.554401 45.000000 0.070300
81.786797 12.857100 0.070200
61.563099 234.643005 0.070200
26.981100 16.875000 0.070100
128.246994 231.429001 0.070000
58.411900 308.571014 0.070000
40.965698 48.750000 0.070000
73.398499 311.786011 0.069900
115.376999 160.714005 0.069800
106.601997 170.356995 0.069600
33.908199 67.500000 0.069500
64.623100 57.857101 0.069400
6.686910 337.500000 0.069200
128.246994 321.428986 0.069100
64.623100 192.856995 0.068800
33.908199 4.500000 0.068800
55.150101 279.643005 0.068400
124.849998 331.071014 0.068200
30.430401 85.000000 0.068000
92.729401 12.857100 0.068000
48.189701 324.643005 0.068000
95.464996 163.929001 0.067900
121.587997 340.713989 0.067600
124.849998 273.213989 0.067500
26.981100 61.875000 0.067300
103.774002 0.000000 0.067100
48.189701 343.928986 0.067100
33.908199 76.500000 0.067000
67.607300 183.214005 0.066900
70.528801 308.571014 0.066900
98.213203 167.143005 0.066800
112.392998 183.214005 0.066700
115.376999 192.856995 0.066700
37.418598 61.363602 0.066600
109.471001 160.714005 0.066500
106.601997 163.929001 0.066300
30.430401 15.000000 0.066200
90.000000 16.071400 0.066000
37.418598 331.364014 0.066000
128.246994 237.856995 0.065800
87.270599 25.714300 0.065600
135.445999 252.692001 0.065500
40.965698 296.250000 0.065100
44.554401 308.076996 0.064900
23.556499 327.856995 0.064600
95.464996 28.928600 0.064600
124.849998 266.786011 0.064500
67.607300 305.356995 0.064400
37.418598 69.545502 0.064200
73.398499 247.500000 0.064000
58.411900 270.000000 0.063900
37.418598 355.908997 0.063900
67.607300 208.929001 0.063200
73.398499 234.643005 0.063000
37.418598 53.181801 0.062800
48.189701 286.071014 0.062600
55.150101 241.070999 0.062600
48.189701 41.785702 0.062400
70.528801 225.000000 0.062300
51.753399 282.856995 0.062000
48.189701 208.929001 0.062000
3.342030 225.000000 0.062000
103.774002 167.143005 0.061800
40.965698 213.750000 0.061600
55.150101 273.213989 0.061400
128.246994 315.000000 0.061400
44.554401 266.537994 0.061300
61.563099 228.214005 0.061000
44.554401 287.308014 0.061000
64.623100 199.285995 0.060900
40.965698 221.250000 0.060700
109.471001 173.570999 0.060700
40.965698 303.750000 0.060600
51.753399 45.000000 0.060600
16.767599 45.000000 0.060200
33.908199 13.500000 0.060100
79.019402 157.500000 0.060000
61.563099 266.786011 0.059900
90.000000 151.070999 0.059300
98.213203 25.714300 0.059200
64.623100 308.571014 0.059200
48.189701 67.500000 0.059200
128.246994 308.571014 0.058500
51.753399 276.428986 0.058500
33.908199 58.500000 0.058400
48.189701 311.786011 0.058000
58.411900 51.428600 0.058000
84.535004 16.071400 0.057900
118.436996 196.070999 0.057700
67.607300 337.500000 0.057700
128.246994 327.856995 0.057700
40.965698 71.250000 0.057700
40.965698 41.250000 0.057600
87.270599 19.285700 0.057300
55.150101 67.500000 0.057300
13.396700 123.750000 0.057200
33.908199 328.500000 0.057200
124.849998 337.500000 0.057100
58.411900 334.286011 0.056900
13.396700 326.250000 0.056900
6.686910 157.500000 0.056700
76.225899 321.428986 0.056700
64.623100 263.571014 0.056400
61.563099 221.785995 0.056300
118.436996 163.929001 0.056300
64.623100 186.429001 0.056300
55.150101 48.214298 0.056200
10.037500 135.000000 0.056100
55.150101 311.786011 0.056000
44.554401 231.923004 0.056000
73.398499 241.070999 0.055900
23.556499 57.857101 0.055900
26.981100 95.625000 0.055700
40.965698 326.250000 0.055700
103.774002 6.428570 0.055500
67.607300 176.785995 0.055300
55.150101 266.786011 0.055300
121.587997 199.285995 0.055200
67.607300 48.214298 0.055000
58.411900 64.285698 0.054900
37.418598 265.908997 0.054900
128.246994 263.571014 0.054800
51.753399 270.000000 0.054500
98.213203 19.285700 0.054400
48.189701 266.786011 0.054100
33.908199 85.500000 0.054100
61.563099 241.070999 0.053800
61.563099 61.071400 0.053800
67.607300 170.356995 0.053800
16.767599 117.000000 0.053600
6.686910 292.500000 0.053400
44.554401 259.614990 0.053300
67.607300 350.356995 0.053300
37.418598 45.000000 0.053300
95.464996 16.071400 0.053200
124.849998 202.500000 0.052900
37.418598 77.727303 0.052800
48.189701 273.213989 0.052800
70.528801 160.714005 0.052600
67.607300 356.786011 0.052600
128.246994 302.143005 0.052600
58.411900 212.143005 0.052600
64.623100 205.714005 0.052300
40.965698 288.750000 0.052300
67.607300 260.356995 0.052200
20.153099 52.500000 0.052200
98.213203 12.857100 0.052100
131.809998 260.356995 0.052000
44.554401 273.462006 0.051800
20.153099 112.500000 0.051800
40.965698 206.250000 0.051700
37.418598 216.817993 0.051700
106.601997 93.214302 0.051600
131.809998 241.070999 0.051600
44.554401 38.076900 0.051500
48.189701 260.356995 0.051500
55.150101 324.643005 0.051300
44.554401 321.923004 0.051300
55.150101 208.929001 0.051100
73.398499 318.213989 0.051000
40.965698 266.250000 0.051000
51.753399 70.714302 0.050900
64.623100 237.856995 0.050400
33.908199 22.500000 0.050400
20.153099 322.500000 0.050300
67.607300 215.356995 0.050300
51.753399 263.571014 0.050100
6.686910 247.500000 0.050100
70.528801 231.429001 0.050100
92.729401 90.000000 0.050000
135.445999 259.614990 0.050000
48.189701 279.643005 0.049900
40.965698 228.750000 0.049900
37.418598 208.636002 0.049700
61.563099 215.356995 0.049700
100.981003 163.929001 0.049600
6.686910 202.500000 0.049600
70.528801 6.428570 0.049600
37.418598 4.090910 0.049400
109.471001 90.000000 0.049400
67.607300 311.786011 0.049400
61.563099 311.786011 0.049300
70.528801 315.000000 0.049300
61.563099 48.214298 0.049200
44.554401 204.231003 0.049200
40.965698 273.750000 0.049200
58.411900 263.571014 0.049100
10.037500 315.000000 0.049000
37.418598 12.272700 0.049000
64.623100 231.429001 0.049000
128.246994 276.428986 0.048900
70.528801 257.143005 0.048800
81.786797 154.285995 0.048800
51.753399 315.000000 0.048800
37.418598 323.182007 0.048700
33.908199 49.500000 0.048700
135.445999 245.768997 0.048700
98.213203 160.714005 0.048700
30.430401 25.000000 0.048600
33.908199 265.500000 0.048500
30.430401 95.000000 0.048300
128.246994 334.286011 0.048200
70.528801 51.428600 0.048100
73.398499 9.642860 0.048000
128.246994 270.000000 0.048000
30.430401 55.000000 0.047800
48.189701 35.357101 0.047600
20.153099 37.500000 0.047500
37.418598 85.909103 0.047400
61.563099 196.070999 0.047400
73.398499 157.500000 0.047300
131.809998 215.356995 0.047200
40.965698 311.250000 0.047100
70.528801 237.856995 0.047000
70.528801 327.856995 0.047000
37.418598 20.454500 0.046900
128.246994 205.714005 0.046900
51.753399 38.571400 0.046800
44.554401 349.614990 0.046600
44.554401 72.692299 0.046500
30.430401 325.000000 0.046400
128.246994 282.856995 0.046200
67.607300 343.928986 0.046100
51.753399 321.428986 0.046000
10.037500 195.000000 0.046000
73.398499 324.643005 0.045900
40.965698 78.750000 0.045800
92.729401 32.142899 0.045800
40.965698 318.750000 0.045700
112.392998 157.500000 0.045700
44.554401 315.000000 0.045500
67.607300 234.643005 0.045400
20.153099 202.500000 0.045400
115.376999 173.570999 0.045400
58.411900 244.285995 0.045300
128.246994 295.713989 0.045300
13.396700 191.250000 0.045200
33.908199 211.500000 0.045100
40.965698 108.750000 0.045100
131.809998 221.785995 0.045100
33.908199 202.500000 0.045000
44.554401 114.231003 0.044900
48.189701 318.213989 0.044900
112.392998 176.785995 0.044900
40.965698 33.750000 0.044700
44.554401 107.307999 0.044500
84.535004 151.070999 0.044500
67.607300 331.071014 0.044300
37.418598 274.091003 0.044300
10.037500 165.000000 0.044300
44.554401 31.153799 0.044100
37.418598 94.090897 0.044100
61.563099 202.500000 0.044000
61.563099 189.643005 0.044000
118.436996 170.356995 0.043800
48.189701 112.500000 0.043800
37.418598 225.000000 0.043700
64.623100 225.000000 0.043700
67.607300 221.785995 0.043600
40.965698 101.250000 0.043500
33.908199 94.500000 0.043400
37.418598 200.455002 0.043300
30.430401 205.000000 0.043200
37.418598 298.635986 0.043200
23.556499 32.142899 0.043100
58.411900 315.000000 0.043000
44.554401 280.385010 0.043000
131.809998 324.643005 0.042800
115.376999 186.429001 0.042700
23.556499 109.286003 0.042400
40.965698 86.250000 0.042400
51.753399 205.714005 0.042400
100.981003 22.500000 0.042400
64.623100 212.143005 0.042400
40.965698 258.750000 0.042300
64.623100 218.570999 0.042300
16.767599 189.000000 0.042300
67.607300 228.214005 0.042300
61.563099 260.356995 0.042200
37.418598 306.817993 0.042200
40.965698 93.750000 0.042200
16.767599 207.000000 0.042000
70.528801 244.285995 0.041900
128.246994 289.286011 0.041900
48.189701 241.070999 0.041800
84.535004 22.500000 0.041800
67.607300 163.929001 0.041800
23.556499 199.285995 0.041800
100.981003 73.928596 0.041700
55.150101 260.356995 0.041700
26.981100 28.125000 0.041700
95.464996 93.214302 0.041500
55.150101 318.213989 0.041500
10.037500 225.000000 0.041400
37.418598 102.273003 0.041300
37.418598 36.818199 0.041300
67.607300 241.070999 0.041200
30.430401 265.000000 0.041100
76.225899 12.857100 0.041100
64.623100 180.000000 0.041000
10.037500 255.000000 0.040900
26.981100 196.875000 0.040900
30.430401 195.000000 0.040800
33.908199 274.500000 0.040700
44.554401 100.385002 0.040600
87.270599 32.142899 0.040600
124.849998 343.928986 0.040600
26.981100 320.625000 0.040600
26.981100 208.125000 0.040600
70.528801 250.714005 0.040200
79.019402 16.071400 0.040100
84.535004 28.928600 0.040100
44.554401 238.845993 0.040000
40.965698 18.750000 0.039900
40.965698 26.250000 0.039900
40.965698 116.250000 0.039900
13.396700 213.750000 0.039900
37.418598 315.000000 0.039900
58.411900 327.856995 0.039900
33.908199 319.500000 0.039700
131.809998 318.213989 0.039700
131.809998 228.214005 0.039600
37.418598 110.455002 0.039500
23.556499 212.143005 0.039500
48.189701 106.070999 0.039500
51.753399 109.286003 0.039300
37.418598 28.636400 0.039200
121.587997 347.143005 0.039100
61.563099 208.929001 0.039100
67.607300 61.071400 0.039000
55.150101 41.785702 0.038900
44.554401 79.615402 0.038700
30.430401 215.000000 0.038700
13.396700 146.250000 0.038700
67.607300 3.214290 0.038700
131.809998 266.786011 0.038600
40.965698 281.250000 0.038500
33.908199 103.500000 0.038500
131.809998 273.213989 0.038500
67.607300 131.785995 0.038500
64.623100 128.570999 0.038300
48.189701 73.928596 0.038200
33.908199 220.500000 0.038200
131.809998 311.786011 0.038100
64.623100 173.570999 0.038000
70.528801 57.857101 0.037800
48.189701 118.929001 0.037800
131.809998 305.356995 0.037700
40.965698 11.250000 0.037600
128.246994 340.713989 0.037600
37.418598 257.726990 0.037500
13.396700 168.750000 0.037400
81.786797 19.285700 0.037400
64.623100 257.143005 0.037400
10.037500 285.000000 0.037400
64.623100 45.000000 0.037400
33.908199 193.500000 0.037400
51.753399 244.285995 0.037300
13.396700 258.750000 0.037100
44.554401 121.153999 0.037100
44.554401 24.230801 0.037000
51.753399 128.570999 0.037000
20.153099 187.500000 0.037000
70.528801 135.000000 0.037000
37.418598 290.454987 0.036800
20.153099 217.500000 0.036700
64.623100 315.000000 0.036700
40.965698 198.750000 0.036600
55.150101 125.357002 0.036500
103.774002 160.714005 0.036500
51.753399 115.713997 0.036400
40.965698 356.250000 0.036400
64.623100 244.285995 0.036400
64.623100 64.285698 0.036400
131.809998 279.643005 0.036400
61.563099 131.785995 0.036400
55.150101 112.500000 0.036300
139.033997 258.750000 0.036300
55.150101 343.928986 0.036200
131.809998 208.929001 0.036100
131.809998 331.071014 0.036100
92.729401 77.142899 0.036000
51.753399 257.143005 0.036000
58.411900 205.714005 0.036000
51.753399 122.142998 0.036000
58.411900 199.285995 0.036000
98.213203 154.285995 0.035900
33.908199 31.500000 0.035700
13.396700 236.250000 0.035500
67.607300 138.214005 0.035400
48.189701 125.357002 0.035400
67.607300 125.357002 0.035400
61.563099 67.500000 0.035300
58.411900 70.714302 0.035300
23.556499 186.429001 0.035300
58.411900 257.143005 0.035200
64.623100 334.286011 0.035100
58.411900 321.428986 0.035100
55.150101 73.928596 0.035000
112.392998 86.785698 0.035000
58.411900 128.570999 0.035000
70.528801 128.570999 0.034900
58.411900 45.000000 0.034900
30.430401 105.000000 0.034800
44.554401 86.538498 0.034800
40.965698 236.250000 0.034800
118.436996 189.643005 0.034700
16.767599 135.000000 0.034600
55.150101 118.929001 0.034600
48.189701 202.500000 0.034500
118.436996 350.356995 0.034500
16.767599 171.000000 0.034500
16.767599 315.000000 0.034300
64.623100 135.000000 0.034300
40.965698 3.750000 0.034100
131.809998 298.928986 0.034000
51.753399 347.143005 0.034000
55.150101 131.785995 0.034000
70.528801 321.428986 0.033900
95.464996 151.070999 0.033900
58.411900 340.713989 0.033900
67.607300 247.500000 0.033800
58.411900 135.000000 0.033800
67.607300 318.213989 0.033800
48.189701 253.929001 0.033800
16.767599 225.000000 0.033800
26.981100 50.625000 0.033800
26.981100 106.875000 0.033700
33.908199 40.500000 0.033700
64.623100 167.143005 0.033700
55.150101 202.500000 0.033600
26.981100 185.625000 0.033600
48.189701 28.928600 0.033600
121.587997 192.856995 0.033600
90.000000 86.785698 0.033600
70.528801 141.429001 0.033600
135.445999 266.537994 0.033400
44.554401 93.461502 0.033400
58.411900 192.856995 0.033300
67.607300 144.643005 0.033300
58.411900 122.142998 0.033300
37.418598 282.273010 0.033300
100.981003 157.500000 0.033300
64.623100 141.429001 0.033200
139.033997 251.250000 0.033100
61.563099 337.500000 0.033100
131.809998 234.643005 0.033100
33.908199 310.500000 0.033100
64.623100 340.713989 0.033000
61.563099 183.214005 0.033000
48.189701 99.642899 0.032900
112.392998 356.786011 0.032800
61.563099 125.357002 0.032700
26.981100 219.375000 0.032600
23.556499 315.000000 0.032500
37.418598 192.272995 0.032500
13.396700 281.250000 0.032500
67.607300 253.929001 0.032500
76.225899 154.285995 0.032500
64.623100 353.571014 0.032500
30.430401 275.000000 0.032500
61.563099 331.071014 0.032300
124.849998 196.070999 0.032100
51.753399 135.000000 0.032100
73.398499 138.214005 0.032100
131.809998 337.500000 0.032100
30.430401 185.000000 0.031900
73.398499 131.785995 0.031900
30.430401 315.000000 0.031900
61.563099 253.929001 0.031700
16.767599 153.000000 0.031700
55.150101 247.500000 0.031700
64.623100 347.143005 0.031500
13.396700 303.750000 0.031500
51.753399 77.142899 0.031500
44.554401 252.692001 0.031300
48.189701 80.357101 0.031300
61.563099 138.214005 0.031300
55.150101 138.214005 0.031300
64.623100 0.000000 0.031200
61.563099 318.213989 0.031200
81.786797 25.714300 0.031100
37.418598 233.182007 0.031100
61.563099 247.500000 0.031000
51.753399 32.142899 0.031000
26.981100 264.375000 0.031000
118.436996 157.500000 0.031000
20.153099 172.500000 0.030900
16.767599 261.000000 0.030800
48.189701 131.785995 0.030800
58.411900 115.713997 0.030700
135.445999 273.462006 0.030600
100.981003 28.928600 0.030500
23.556499 45.000000 0.030500
33.908199 256.500000 0.030400
30.430401 35.000000 0.030400
16.767599 243.000000 0.030400
106.601997 3.214290 0.030300
44.554401 17.307699 0.030300
98.213203 32.142899 0.030300
128.246994 199.285995 0.030200
30.430401 45.000000 0.030100
73.398499 144.643005 0.030000
70.528801 147.856995 0.030000
23.556499 173.570999 0.030000
51.753399 102.857002 0.029800
55.150101 253.929001 0.029800
33.908199 301.500000 0.029700
128.246994 128.570999 0.029600
115.376999 353.571014 0.029500
87.270599 147.856995 0.029500
100.981003 16.071400 0.029400
33.908199 229.500000 0.029400
70.528801 154.285995 0.029400
64.623100 122.142998 0.029300
61.563099 144.643005 0.029300
95.464996 73.928596 0.029200
51.753399 141.429001 0.029200
64.623100 250.714005 0.029200
48.189701 86.785698 0.029100
44.554401 10.384600 0.029000
76.225899 19.285700 0.029000
37.418598 118.636002 0.029000
58.411900 147.856995 0.029000
58.411900 141.429001 0.029000
48.189701 163.929001 0.029000
115.376999 180.000000 0.029000
139.033997 266.250000 0.029000
33.908199 184.500000 0.029000
30.430401 225.000000 0.028900
109.471001 77.142899 0.028900
44.554401 197.307999 0.028900
44.554401 128.076996 0.028800
67.607300 324.643005 0.028700
20.153099 127.500000 0.028700
55.150101 144.643005 0.028700
58.411900 250.714005 0.028700
26.981100 174.375000 0.028700
33.908199 112.500000 0.028700
51.753399 83.571404 0.028600
64.623100 147.856995 0.028600
61.563099 176.785995 0.028500
61.563099 324.643005 0.028500
121.587997 167.143005 0.028400
44.554401 169.615005 0.028300
51.753399 199.285995 0.028300
58.411900 186.429001 0.028200
23.556499 225.000000 0.028200
40.965698 123.750000 0.028100
26.981100 39.375000 0.028100
44.554401 155.768997 0.028100
51.753399 160.714005 0.028100
67.607300 157.500000 0.028100
61.563099 118.929001 0.028000
44.554401 135.000000 0.028000
73.398499 16.071400 0.028000
44.554401 148.845993 0.027900
55.150101 196.070999 0.027900
109.471001 0.000000 0.027800
16.767599 279.000000 0.027800
90.000000 80.357101 0.027800
79.019402 22.500000 0.027700
106.601997 157.500000 0.027700
20.153099 157.500000 0.027700
48.189701 144.643005 0.027700
76.225899 141.429001 0.027600
61.563099 170.356995 0.027600
20.153099 232.500000 0.027500
44.554401 162.692001 0.027500
90.000000 35.357101 0.027500
79.019402 151.070999 0.027500
48.189701 157.500000 0.027400
70.528801 12.857100 0.027400
131.809998 286.071014 0.027400
70.528801 45.000000 0.027300
48.189701 138.214005 0.027300
124.849998 131.785995 0.027200
48.189701 151.070999 0.027200
48.189701 350.356995 0.027100
30.430401 175.000000 0.027100
64.623100 160.714005 0.027000
51.753399 167.143005 0.027000
64.623100 321.428986 0.027000
121.587997 160.714005 0.027000
92.729401 147.856995 0.027000
67.607300 151.070999 0.026800
55.150101 151.070999 0.026800
33.908199 292.500000 0.026800
135.445999 218.076996 0.026700
48.189701 93.214302 0.026600
55.150101 80.357101 0.026600
61.563099 151.070999 0.026600
40.965698 161.250000 0.026600
124.849998 350.356995 0.026500
135.445999 328.846008 0.026500
55.150101 106.070999 0.026500
48.189701 247.500000 0.026400
51.753399 147.856995 0.026400
40.965698 168.750000 0.026400
58.411900 154.285995 0.026300
64.623100 327.856995 0.026300
58.411900 109.286003 0.026200
135.445999 321.923004 0.026200
135.445999 225.000000 0.026200
44.554401 245.768997 0.026100
76.225899 135.000000 0.026100
48.189701 22.500000 0.026100
103.774002 96.428596 0.026100
55.150101 157.500000 0.026000
33.908199 283.500000 0.026000
33.908199 175.500000 0.026000
128.246994 347.143005 0.026000
40.965698 251.250000 0.025900
51.753399 154.285995 0.025900
40.965698 191.250000 0.025900
40.965698 153.750000 0.025900
48.189701 170.356995 0.025800
58.411900 77.142899 0.025700
81.786797 32.142899 0.025700
51.753399 250.714005 0.025600
23.556499 160.714005 0.025600
20.153099 142.500000 0.025500
51.753399 173.570999 0.025500
44.554401 141.923004 0.025500
131.809998 202.500000 0.025500
40.965698 146.250000 0.025500
37.418598 167.727005 0.025500
30.430401 165.000000 0.025300
67.607300 9.642860 0.025300
33.908199 166.500000 0.025300
131.809998 292.500000 0.025300
73.398499 125.357002 0.025300
55.150101 163.929001 0.025300
58.411900 173.570999 0.025200
58.411900 83.571404 0.025200
40.965698 243.750000 0.025200
98.213203 96.428596 0.025200
95.464996 35.357101 0.025100
73.398499 48.214298 0.025100
37.418598 159.544998 0.025100
70.528801 19.285700 0.025100
73.398499 151.070999 0.025100
26.981100 163.125000 0.025100
37.418598 184.091003 0.025100
131.809998 343.928986 0.025100
115.376999 154.285995 0.025000
55.150101 35.357101 0.025000
30.430401 255.000000 0.025000
20.153099 307.500000 0.025000
16.767599 297.000000 0.025000
121.587997 128.570999 0.024900
61.563099 343.928986 0.024900
20.153099 262.500000 0.024900
58.411900 160.714005 0.024800
55.150101 86.785698 0.024800
131.809998 131.785995 0.024700
30.430401 305.000000 0.024700
128.246994 135.000000 0.024700
37.418598 143.182007 0.024700
55.150101 170.356995 0.024700
135.445999 238.845993 0.024500
37.418598 151.363998 0.024500
37.418598 175.908997 0.024500
64.623100 154.285995 0.024500
76.225899 147.856995 0.024500
58.411900 180.000000 0.024400
23.556499 122.142998 0.024400
81.786797 147.856995 0.024400
48.189701 16.071400 0.024400
40.965698 176.250000 0.024300
135.445999 315.000000 0.024200
84.535004 35.357101 0.024200
139.033997 273.750000 0.024200
135.445999 211.154007 0.024200
26.981100 275.625000 0.024100
55.150101 189.643005 0.024100
55.150101 176.785995 0.024100
40.965698 131.250000 0.024000
109.471001 154.285995 0.024000
73.398499 54.642899 0.024000
61.563099 73.928596 0.024000
51.753399 90.000000 0.024000
20.153099 247.500000 0.024000
61.563099 157.500000 0.023900
135.445999 280.385010 0.023900
40.965698 138.750000 0.023900
58.411900 167.143005 0.023900
73.398499 22.500000 0.023900
112.392998 80.357101 0.023800
61.563099 163.929001 0.023800
103.774002 25.714300 0.023800
33.908199 157.500000 0.023800
44.554401 356.537994 0.023800
23.556499 263.571014 0.023800
48.189701 196.070999 0.023800
124.849998 125.357002 0.023700
37.418598 126.818001 0.023700
79.019402 28.928600 0.023700
142.580994 265.908997 0.023600
103.774002 19.285700 0.023600
61.563099 86.785698 0.023500
64.623100 83.571404 0.023500
26.981100 309.375000 0.023400
51.753399 96.428596 0.023400
37.418598 241.363998 0.023400
61.563099 80.357101 0.023300
26.981100 118.125000 0.023300
30.430401 115.000000 0.023300
64.623100 70.714302 0.023300
26.981100 230.625000 0.023100
64.623100 6.428570 0.023100
106.601997 73.928596 0.023100
135.445999 308.076996 0.023000
121.587997 135.000000 0.023000
44.554401 176.537994 0.023000
76.225899 25.714300 0.023000
70.528801 122.142998 0.023000
67.607300 41.785702 0.022900
67.607300 118.929001 0.022900
44.554401 3.461540 0.022700
64.623100 115.713997 0.022700
139.033997 243.750000 0.022600
33.908199 121.500000 0.022500
37.418598 249.544998 0.022500
61.563099 41.785702 0.022500
44.554401 190.384995 0.022300
142.580994 257.726990 0.022300
61.563099 112.500000 0.022300
124.849998 189.643005 0.022300
70.528801 90.000000 0.022200
20.153099 277.500000 0.022200
33.908199 148.500000 0.022200
37.418598 135.000000 0.022200
67.607300 86.785698 0.022100
58.411900 38.571400 0.022100
118.436996 176.785995 0.022100
33.908199 247.500000 0.022100
135.445999 301.153992 0.022000
40.965698 183.750000 0.022000
61.563099 350.356995 0.022000
118.436996 131.785995 0.022000
30.430401 155.000000 0.021900
118.436996 183.214005 0.021800
67.607300 16.071400 0.021800
131.809998 138.214005 0.021800
79.019402 138.214005 0.021800
58.411900 347.143005 0.021700
128.246994 192.856995 0.021700
70.528801 83.571404 0.021600
76.225899 128.570999 0.021600
33.908199 130.500000 0.021600
51.753399 192.856995 0.021500
55.150101 183.214005 0.021500
51.753399 25.714300 0.021500
118.436996 125.357002 0.021500
67.607300 67.500000 0.021500
23.556499 147.856995 0.021500
124.849998 138.214005 0.021500
23.556499 250.714005 0.021400
51.753399 180.000000 0.021300
23.556499 237.856995 0.021300
135.445999 335.769012 0.021200
135.445999 135.000000 0.021000
61.563099 356.786011 0.021000
26.981100 151.875000 0.021000
61.563099 3.214290 0.021000
64.623100 77.142899 0.020900
33.908199 238.500000 0.020900
48.189701 176.785995 0.020900
128.246994 141.429001 0.020800
121.587997 186.429001 0.020800
30.430401 235.000000 0.020800
135.445999 231.923004 0.020800
64.623100 90.000000 0.020700
30.430401 295.000000 0.020700
73.398499 93.214302 0.020700
26.981100 253.125000 0.020700
103.774002 12.857100 0.020600
79.019402 144.643005 0.020600
67.607300 80.357101 0.020600
121.587997 353.571014 0.020500
23.556499 276.428986 0.020500
20.153099 292.500000 0.020400
51.753399 19.285700 0.020400
30.430401 125.000000 0.020400
48.189701 9.642860 0.020300
70.528801 25.714300 0.020300
135.445999 342.691986 0.020200
73.398499 28.928600 0.020200
23.556499 135.000000 0.020200
55.150101 99.642899 0.020200
67.607300 93.214302 0.020100
131.809998 196.070999 0.020100
131.809998 125.357002 0.020100
30.430401 145.000000 0.020100
87.270599 90.000000 0.020100
70.528801 64.285698 0.020100
67.607300 73.928596 0.020000
76.225899 32.142899 0.019900
58.411900 90.000000 0.019900
121.587997 122.142998 0.019900
76.225899 90.000000 0.019800
79.019402 35.357101 0.019800
87.270599 38.571400 0.019700
44.554401 183.462006 0.019700
87.270599 83.571404 0.019700
55.150101 93.214302 0.019700
92.729401 38.571400 0.019600
103.774002 154.285995 0.019500
135.445999 294.230988 0.019500
51.753399 186.429001 0.019500
67.607300 112.500000 0.019400
90.000000 93.214302 0.019400
135.445999 204.231003 0.019300
70.528801 115.713997 0.019300
79.019402 131.785995 0.019300
64.623100 12.857100 0.019200
131.809998 144.643005 0.019200
73.398499 86.785698 0.019200
131.809998 350.356995 0.019200
79.019402 93.214302 0.019100
70.528801 77.142899 0.019100
67.607300 22.500000 0.019100
33.908199 139.500000 0.019100
55.150101 16.071400 0.019100
30.430401 285.000000 0.019100
48.189701 183.214005 0.019000
23.556499 302.143005 0.019000
79.019402 86.785698 0.019000
58.411900 102.857002 0.019000
30.430401 245.000000 0.018900
81.786797 90.000000 0.018900
84.535004 86.785698 0.018900
26.981100 241.875000 0.018800
139.033997 221.250000 0.018700
70.528801 96.428596 0.018600
48.189701 189.643005 0.018600
30.430401 135.000000 0.018600
76.225899 83.571404 0.018600
51.753399 12.857100 0.018500
73.398499 118.929001 0.018300
64.623100 109.286003 0.018300
61.563099 106.070999 0.018200
26.981100 140.625000 0.018200
115.376999 128.570999 0.018200
81.786797 38.571400 0.018200
84.535004 144.643005 0.018200
26.981100 298.125000 0.018100
55.150101 350.356995 0.018100
76.225899 96.428596 0.018100
142.580994 249.544998 0.018100
26.981100 129.375000 0.018100
135.445999 141.923004 0.018000
73.398499 80.357101 0.017900
55.150101 28.928600 0.017900
135.445999 349.614990 0.017900
112.392998 3.214290 0.017900
118.436996 356.786011 0.017900
76.225899 51.428600 0.017800
64.623100 19.285700 0.017700
146.091995 265.500000 0.017700
115.376999 83.571404 0.017600
61.563099 16.071400 0.017600
128.246994 353.571014 0.017600
124.849998 163.929001 0.017600
73.398499 99.642899 0.017600
90.000000 144.643005 0.017500
106.601997 9.642860 0.017500
61.563099 9.642860 0.017500
121.587997 173.570999 0.017500
142.580994 274.091003 0.017400
58.411900 96.428596 0.017400
76.225899 122.142998 0.017300
73.398499 61.071400 0.017300
70.528801 32.142899 0.017300
73.398499 35.357101 0.017200
73.398499 41.785702 0.017200
64.623100 38.571400 0.017200
139.033997 228.750000 0.017100
135.445999 128.076996 0.017100
64.623100 96.428596 0.017100
100.981003 151.070999 0.017100
84.535004 93.214302 0.017100
55.150101 22.500000 0.017100
139.033997 213.750000 0.017000
109.471001 6.428570 0.016900
61.563099 93.214302 0.016900
81.786797 83.571404 0.016900
79.019402 80.357101 0.016800
51.753399 353.571014 0.016800
58.411900 19.285700 0.016800
67.607300 35.357101 0.016800
70.528801 38.571400 0.016800
58.411900 12.857100 0.016800
61.563099 35.357101 0.016800
76.225899 38.571400 0.016700
139.033997 236.250000 0.016600
139.033997 326.250000 0.016600
51.753399 6.428570 0.016600
115.376999 0.000000 0.016500
67.607300 28.928600 0.016500
58.411900 353.571014 0.016500
98.213203 70.714302 0.016500
70.528801 109.286003 0.016500
55.150101 9.642860 0.016400
128.246994 122.142998 0.016400
70.528801 70.714302 0.016400
70.528801 102.857002 0.016400
81.786797 96.428596 0.016400
135.445999 287.308014 0.016300
76.225899 45.000000 0.016300
58.411900 6.428570 0.016300
58.411900 0.000000 0.016300
73.398499 106.070999 0.016300
26.981100 286.875000 0.016300
139.033997 318.750000 0.016300
23.556499 289.286011 0.016300
64.623100 25.714300 0.016200
48.189701 356.786011 0.016200
118.436996 138.214005 0.016100
131.809998 189.643005 0.016100
61.563099 22.500000 0.016100
61.563099 99.642899 0.016100
79.019402 125.357002 0.016100
76.225899 102.857002 0.016100
48.189701 3.214290 0.016000
73.398499 112.500000 0.015900
135.445999 197.307999 0.015900
81.786797 135.000000 0.015900
67.607300 99.642899 0.015800
64.623100 102.857002 0.015800
139.033997 311.250000 0.015800
121.587997 180.000000 0.015700
79.019402 99.642899 0.015700
139.033997 281.250000 0.015600
79.019402 41.785702 0.015600
73.398499 73.928596 0.015500
90.000000 41.785702 0.015500
81.786797 141.429001 0.015500
124.849998 356.786011 0.015400
112.392998 151.070999 0.015400
106.601997 22.500000 0.015400
64.623100 32.142899 0.015300
58.411900 32.142899 0.015300
67.607300 106.070999 0.015300
142.580994 225.000000 0.015300
128.246994 186.429001 0.015300
103.774002 32.142899 0.015300
76.225899 77.142899 0.015200
98.213203 147.856995 0.015100
92.729401 96.428596 0.015000
76.225899 109.286003 0.015000
87.270599 77.142899 0.015000
128.246994 147.856995 0.014900
84.535004 80.357101 0.014900
139.033997 303.750000 0.014800
124.849998 183.214005 0.014800
100.981003 35.357101 0.014700
124.849998 144.643005 0.014700
139.033997 333.750000 0.014700
115.376999 122.142998 0.014700
139.033997 138.750000 0.014600
55.150101 3.214290 0.014600
76.225899 57.857101 0.014600
79.019402 48.214298 0.014600
121.587997 154.285995 0.014400
139.033997 341.250000 0.014400
142.580994 233.182007 0.014400
142.580994 323.182007 0.014400
135.445999 190.384995 0.014300
139.033997 348.750000 0.014300
51.753399 0.000000 0.014200
121.587997 141.429001 0.014200
115.376999 135.000000 0.014200
142.580994 216.817993 0.014200
142.580994 241.363998 0.014100
55.150101 356.786011 0.014100
146.091995 274.500000 0.014100
76.225899 115.713997 0.014100
146.091995 256.500000 0.014100
139.033997 206.250000 0.014100
112.392998 93.214302 0.014100
124.849998 157.500000 0.014100
106.601997 151.070999 0.014100
98.213203 38.571400 0.014100
84.535004 41.785702 0.014000
79.019402 106.070999 0.014000
135.445999 148.845993 0.014000
81.786797 77.142899 0.014000
58.411900 25.714300 0.013900
124.849998 170.356995 0.013800
81.786797 128.570999 0.013800
115.376999 90.000000 0.013800
87.270599 141.429001 0.013800
79.019402 54.642899 0.013800
106.601997 16.071400 0.013700
61.563099 28.928600 0.013700
139.033997 296.250000 0.013700
135.445999 356.537994 0.013700
118.436996 151.070999 0.013600
73.398499 67.500000 0.013600
139.033997 131.250000 0.013600
81.786797 45.000000 0.013500
124.849998 118.929001 0.013500
131.809998 356.786011 0.013500
118.436996 118.929001 0.013300
139.033997 146.250000 0.013300
79.019402 118.929001 0.013300
87.270599 96.428596 0.013200
149.570007 265.000000 0.013100
106.601997 28.928600 0.013100
112.392998 125.357002 0.013100
81.786797 102.857002 0.013000
139.033997 288.750000 0.013000
103.774002 70.714302 0.013000
84.535004 138.214005 0.012900
146.091995 220.500000 0.012900
90.000000 73.928596 0.012800
79.019402 112.500000 0.012700
84.535004 99.642899 0.012700
146.091995 229.500000 0.012700
142.580994 315.000000 0.012700
124.849998 176.785995 0.012600
112.392998 131.785995 0.012600
95.464996 41.785702 0.012600
81.786797 51.428600 0.012500
121.587997 0.000000 0.012500
139.033997 198.750000 0.012500
128.246994 0.000000 0.012400
76.225899 64.285698 0.012400
115.376999 147.856995 0.012400
142.580994 282.273010 0.012300
146.091995 319.500000 0.012300
79.019402 73.928596 0.012200
142.580994 306.817993 0.012200
146.091995 247.500000 0.012200
100.981003 99.642899 0.012100
76.225899 70.714302 0.012100
84.535004 131.785995 0.012100
115.376999 6.428570 0.012100
95.464996 144.643005 0.012000
149.570007 275.000000 0.011900
109.471001 96.428596 0.011900
118.436996 3.214290 0.011900
131.809998 151.070999 0.011900
142.580994 331.364014 0.011900
81.786797 122.142998 0.011900
79.019402 61.071400 0.011900
87.270599 45.000000 0.011800
92.729401 45.000000 0.011800
139.033997 356.250000 0.011800
146.091995 328.500000 0.011600
128.246994 180.000000 0.011600
135.445999 183.462006 0.011600
124.849998 151.070999 0.011500
81.786797 115.713997 0.011500
112.392998 9.642860 0.011500
81.786797 57.857101 0.011500
84.535004 48.214298 0.011500
139.033997 191.250000 0.011400
131.809998 183.214005 0.011400
92.729401 70.714302 0.011300
146.091995 238.500000 0.011300
118.436996 144.643005 0.011300
131.809998 3.214290 0.011300
109.471001 12.857100 0.011200
84.535004 73.928596 0.011200
87.270599 135.000000 0.011200
142.580994 208.636002 0.011200
81.786797 109.286003 0.011100
135.445999 121.153999 0.011000
84.535004 54.642899 0.011000
124.849998 3.214290 0.011000
142.580994 298.635986 0.011000
142.580994 347.726990 0.010900
109.471001 25.714300 0.010900
128.246994 160.714005 0.010900
103.774002 147.856995 0.010900
109.471001 128.570999 0.010800
149.570007 325.000000 0.010800
149.570007 315.000000 0.010800
79.019402 67.500000 0.010800
84.535004 125.357002 0.010700
90.000000 48.214298 0.010700
128.246994 167.143005 0.010600
87.270599 51.428600 0.010600
142.580994 339.545013 0.010600
146.091995 310.500000 0.010500
90.000000 99.642899 0.010500
115.376999 141.429001 0.010500
142.580994 200.455002 0.010400
109.471001 19.285700 0.010400
142.580994 143.182007 0.010400
81.786797 70.714302 0.010400
109.471001 147.856995 0.010400
121.587997 147.856995 0.010300
95.464996 99.642899 0.010300
121.587997 6.428570 0.010300
87.270599 128.570999 0.010200
142.580994 290.454987 0.010200
121.587997 115.713997 0.010200
128.246994 154.285995 0.010200
149.570007 255.000000 0.010200
142.580994 355.908997 0.010100
92.729401 141.429001 0.010100
90.000000 138.214005 0.010100
139.033997 153.750000 0.010100
84.535004 106.070999 0.010100
146.091995 211.500000 0.010000
112.392998 118.929001 0.010000
84.535004 118.929001 0.010000
100.981003 41.785702 0.010000
146.091995 283.500000 0.010000
139.033997 183.750000 0.009900
135.445999 155.768997 0.009900
131.809998 118.929001 0.009900
149.570007 225.000000 0.009900
118.436996 86.785698 0.009900
87.270599 102.857002 0.009900
131.809998 176.785995 0.009900
84.535004 112.500000 0.009800
112.392998 138.214005 0.009800
90.000000 131.785995 0.009800
81.786797 64.285698 0.009800
128.246994 51.428600 0.009700
128.246994 173.570999 0.009700
146.091995 301.500000 0.009700
95.464996 48.214298 0.009700
84.535004 61.071400 0.009600
131.809998 54.642899 0.009600
115.376999 115.713997 0.009600
103.774002 38.571400 0.009600
153.018997 264.375000 0.009500
90.000000 54.642899 0.009500
135.445999 3.461540 0.009500
109.471001 122.142998 0.009500
112.392998 16.071400 0.009500
128.246994 57.857101 0.009500
142.580994 151.363998 0.009400
92.729401 51.428600 0.009400
87.270599 70.714302 0.009400
131.809998 48.214298 0.009400
118.436996 9.642860 0.009400
149.570007 235.000000 0.009400
139.033997 123.750000 0.009300
149.570007 245.000000 0.009300
142.580994 135.000000 0.009300
87.270599 122.142998 0.009300
142.580994 192.272995 0.009300
149.570007 305.000000 0.009300
124.849998 54.642899 0.009200
98.213203 45.000000 0.009200
112.392998 144.643005 0.009200
128.246994 6.428570 0.009200
146.091995 202.500000 0.009200
106.601997 35.357101 0.009200
131.809998 157.500000 0.009200
84.535004 67.500000 0.009100
131.809998 170.356995 0.009100
135.445999 176.537994 0.009100
87.270599 57.857101 0.009100
146.091995 292.500000 0.009100
115.376999 12.857100 0.009100
118.436996 112.500000 0.009100
100.981003 144.643005 0.009000
128.246994 115.713997 0.009000
112.392998 22.500000 0.009000
95.464996 138.214005 0.009000
95.464996 67.500000 0.009000
149.570007 215.000000 0.008900
92.729401 135.000000 0.008900
90.000000 125.357002 0.008900
142.580994 184.091003 0.008900
153.018997 275.625000 0.008800
149.570007 285.000000 0.008800
153.018997 253.125000 0.008800
153.018997 320.625000 0.008700
109.471001 135.000000 0.008700
149.570007 295.000000 0.008600
131.809998 163.929001 0.008600
92.729401 128.570999 0.008600
131.809998 61.071400 0.008600
87.270599 115.713997 0.008600
146.091995 337.500000 0.008500
98.213203 141.429001 0.008500
106.601997 144.643005 0.008500
139.033997 176.250000 0.008500
153.018997 309.375000 0.008500
87.270599 109.286003 0.008500
139.033997 3.750000 0.008400
135.445999 51.923100 0.008400
98.213203 135.000000 0.008400
139.033997 161.250000 0.008400
106.601997 125.357002 0.008300
146.091995 346.500000 0.008300
115.376999 77.142899 0.008300
146.091995 157.500000 0.008300
109.471001 32.142899 0.008300
109.471001 141.429001 0.008300
106.601997 99.642899 0.008300
142.580994 159.544998 0.008300
124.849998 112.500000 0.008300
124.849998 48.214298 0.008200
112.392998 28.928600 0.008200
135.445999 169.615005 0.008200
135.445999 45.000000 0.008200
146.091995 148.500000 0.008200
139.033997 48.750000 0.008200
124.849998 9.642860 0.008200
103.774002 141.429001 0.008100
87.270599 64.285698 0.008100
109.471001 38.571400 0.008100
90.000000 118.929001 0.008100
149.570007 205.000000 0.008100
98.213203 51.428600 0.008100
106.601997 41.785702 0.008100
90.000000 67.500000 0.008100
146.091995 355.500000 0.008100
131.809998 9.642860 0.008100
135.445999 58.846199 0.008000
112.392998 73.928596 0.008000
146.091995 193.500000 0.008000
92.729401 57.857101 0.008000
142.580994 175.908997 0.008000
121.587997 12.857100 0.007900
106.601997 131.785995 0.007900
115.376999 19.285700 0.007900
135.445999 162.692001 0.007900
124.849998 61.071400 0.007900
149.570007 335.000000 0.007900
153.018997 298.125000 0.007800
100.981003 67.500000 0.007800
139.033997 168.750000 0.007800
142.580994 4.090910 0.007800
153.018997 230.625000 0.007800
128.246994 64.285698 0.007800
95.464996 54.642899 0.007800
103.774002 45.000000 0.007800
128.246994 45.000000 0.007800
100.981003 48.214298 0.007700
109.471001 70.714302 0.007700
142.580994 126.818001 0.007700
100.981003 138.214005 0.007700
149.570007 195.000000 0.007700
149.570007 175.000000 0.007700
118.436996 16.071400 0.007700
156.444000 263.571014 0.007600
149.570007 155.000000 0.007600
95.464996 131.785995 0.007600
139.033997 56.250000 0.007600
90.000000 106.070999 0.007600
153.018997 219.375000 0.007500
146.091995 184.500000 0.007500
153.018997 286.875000 0.007500
146.091995 166.500000 0.007500
121.587997 57.857101 0.007500
121.587997 51.428600 0.007500
118.436996 80.357101 0.007500
106.601997 138.214005 0.007500
90.000000 61.071400 0.007500
103.774002 128.570999 0.007400
153.018997 241.875000 0.007400
128.246994 12.857100 0.007400
146.091995 139.500000 0.007400
112.392998 35.357101 0.007400
92.729401 102.857002 0.007400
103.774002 135.000000 0.007400
146.091995 175.500000 0.007300
142.580994 167.727005 0.007300
153.018997 163.125000 0.007300
103.774002 51.428600 0.007300
90.000000 112.500000 0.007300
149.570007 165.000000 0.007300
149.570007 185.000000 0.007200
92.729401 122.142998 0.007200
139.033997 41.250000 0.007200
156.444000 276.428986 0.007200
153.018997 208.125000 0.007200
156.444000 250.714005 0.007200
153.018997 174.375000 0.007200
115.376999 25.714300 0.007200
100.981003 54.642899 0.007200
92.729401 64.285698 0.007100
124.849998 16.071400 0.007100
153.018997 185.625000 0.007100
109.471001 45.000000 0.007100
98.213203 102.857002 0.007100
156.444000 302.143005 0.007100
131.809998 41.785702 0.007100
118.436996 93.214302 0.007100
142.580994 45.000000 0.007100
135.445999 65.769203 0.007000
118.436996 22.500000 0.007000
153.018997 331.875000 0.007000
115.376999 96.428596 0.007000
135.445999 10.384600 0.007000
115.376999 32.142899 0.006900
131.809998 16.071400 0.006900
106.601997 48.214298 0.006900
156.444000 315.000000 0.006900
100.981003 131.785995 0.006900
95.464996 125.357002 0.006900
149.570007 345.000000 0.006900
156.444000 173.570999 0.006900
92.729401 115.713997 0.006900
112.392998 41.785702 0.006900
121.587997 109.286003 0.006800
153.018997 196.875000 0.006800
109.471001 115.713997 0.006800
98.213203 128.570999 0.006800
156.444000 225.000000 0.006800
156.444000 186.429001 0.006800
142.580994 12.272700 0.006800
128.246994 38.571400 0.006800
139.033997 11.250000 0.006800
103.774002 122.142998 0.006700
139.033997 116.250000 0.006700
121.587997 64.285698 0.006700
106.601997 118.929001 0.006700
156.444000 160.714005 0.006700
131.809998 112.500000 0.006700
100.981003 125.357002 0.006700
121.587997 83.571404 0.006700
131.809998 67.500000 0.006700
118.436996 54.642899 0.006700
146.091995 4.500000 0.006700
159.847000 172.500000 0.006700
121.587997 19.285700 0.006700
124.849998 41.785702 0.006600
142.580994 53.181801 0.006600
156.444000 289.286011 0.006600
139.033997 63.750000 0.006600
112.392998 112.500000 0.006600
103.774002 102.857002 0.006600
135.445999 114.231003 0.006600
121.587997 45.000000 0.006600
98.213203 57.857101 0.006600
149.570007 145.000000 0.006600
118.436996 35.357101 0.006500
115.376999 109.286003 0.006500
124.849998 67.500000 0.006500
156.444000 212.143005 0.006500
95.464996 61.071400 0.006500
118.436996 48.214298 0.006500
98.213203 64.285698 0.006500
149.570007 355.000000 0.006500
135.445999 38.076900 0.006500
159.847000 247.500000 0.006500
146.091995 130.500000 0.006400
142.580994 61.363602 0.006400
149.570007 135.000000 0.006400
92.729401 109.286003 0.006400
135.445999 17.307699 0.006400
153.018997 151.875000 0.006400
118.436996 28.928600 0.006400
159.847000 187.500000 0.006300
156.444000 237.856995 0.006300
146.091995 13.500000 0.006300
121.587997 38.571400 0.006300
112.392998 48.214298 0.006300
156.444000 327.856995 0.006300
176.658005 135.000000 0.006200
159.847000 217.500000 0.006200
159.847000 262.500000 0.006200
128.246994 19.285700 0.006200
156.444000 199.285995 0.006200
159.847000 277.500000 0.006200
139.033997 33.750000 0.006200
124.849998 22.500000 0.006200
121.587997 90.000000 0.006200
106.601997 67.500000 0.006200
115.376999 45.000000 0.006200
135.445999 100.385002 0.006200
124.849998 35.357101 0.006200
118.436996 61.071400 0.006200
149.570007 5.000000 0.006100
149.570007 15.000000 0.006100
139.033997 18.750000 0.006100
106.601997 54.642899 0.006100
98.213203 122.142998 0.006100
135.445999 72.692299 0.006100
115.376999 38.571400 0.006100
146.091995 22.500000 0.006100
131.809998 22.500000 0.006100
128.246994 70.714302 0.006100
149.570007 25.000000 0.006100
128.246994 109.286003 0.006100
163.231995 189.000000 0.006100
109.471001 51.428600 0.006100
156.444000 19.285700 0.006100
115.376999 51.428600 0.006100
112.392998 99.642899 0.006100
95.464996 106.070999 0.006000
118.436996 73.928596 0.006000
121.587997 32.142899 0.006000
118.436996 41.785702 0.006000
128.246994 25.714300 0.006000
121.587997 77.142899 0.006000
166.602997 191.250000 0.006000
153.018997 343.125000 0.006000
103.774002 57.857101 0.006000
142.580994 118.636002 0.006000
142.580994 20.454500 0.006000
142.580994 36.818199 0.006000
166.602997 168.750000 0.006000
163.231995 171.000000 0.006000
159.847000 157.500000 0.006000
176.658005 315.000000 0.006000
153.018997 354.375000 0.006000
128.246994 32.142899 0.006000
121.587997 25.714300 0.006000
159.847000 292.500000 0.005900
139.033997 93.750000 0.005900
112.392998 54.642899 0.005900
135.445999 93.461502 0.005900
124.849998 28.928600 0.005900
163.231995 261.000000 0.005900
131.809998 35.357101 0.005900
115.376999 70.714302 0.005900
95.464996 118.929001 0.005900
95.464996 112.500000 0.005900
142.580994 94.090897 0.005900
153.018997 28.125000 0.005900
142.580994 28.636400 0.005900
173.313004 202.500000 0.005900
176.658005 45.000000 0.005900
139.033997 108.750000 0.005900
100.981003 61.071400 0.005900
176.658005 225.000000 0.005900
173.313004 112.500000 0.005900
146.091995 49.500000 0.005900
139.033997 101.250000 0.005900
142.580994 110.455002 0.005900
146.091995 94.500000 0.005800
173.313004 67.500000 0.005800
169.962006 165.000000 0.005800
146.091995 40.500000 0.005800
139.033997 78.750000 0.005800
159.847000 202.500000 0.005800
135.445999 31.153799 0.005800
118.436996 106.070999 0.005800
153.018997 140.625000 0.005800
169.962006 75.000000 0.005800
139.033997 71.250000 0.005800
135.445999 24.230801 0.005800
159.847000 22.500000 0.005800
153.018997 5.625000 0.005800
173.313004 157.500000 0.005800
135.445999 86.538498 0.005800
131.809998 99.642899 0.005700
156.444000 147.856995 0.005700
153.018997 16.875000 0.005700
163.231995 9.000000 0.005700
146.091995 31.500000 0.005700
142.580994 85.909103 0.005700
139.033997 86.250000 0.005700
115.376999 57.857101 0.005700
128.246994 77.142899 0.005700
121.587997 70.714302 0.005700
124.849998 80.357101 0.005700
103.774002 64.285698 0.005700
169.962006 195.000000 0.005700
163.231995 243.000000 0.005700
159.847000 7.500000 0.005700
118.436996 67.500000 0.005700
169.962006 105.000000 0.005700
100.981003 118.929001 0.005600
139.033997 26.250000 0.005600
166.602997 281.250000 0.005600
159.847000 232.500000 0.005600
173.313004 292.500000 0.005600
156.444000 32.142899 0.005600
98.213203 115.713997 0.005600
124.849998 73.928596 0.005600
159.847000 307.500000 0.005600
169.962006 45.000000 0.005600
115.376999 102.857002 0.005600
156.444000 340.713989 0.005600
163.231995 297.000000 0.005600
156.444000 353.571014 0.005600
166.602997 258.750000 0.005600
131.809998 93.214302 0.005600
166.602997 11.250000 0.005600
142.580994 77.727303 0.005600
163.231995 279.000000 0.005600
100.981003 106.070999 0.005600
173.313004 337.500000 0.005600
146.091995 103.500000 0.005600
169.962006 225.000000 0.005500
169.962006 255.000000 0.005500
135.445999 107.307999 0.005500
156.444000 6.428570 0.005500
106.601997 61.071400 0.005500
166.602997 236.250000 0.005500
169.962006 15.000000 0.005500
169.962006 315.000000 0.005500
169.962006 285.000000 0.005500
142.580994 102.273003 0.005500
112.392998 67.500000 0.005500
149.570007 45.000000 0.005500
166.602997 33.750000 0.005500
149.570007 95.000000 0.005500
100.981003 112.500000 0.005500
98.213203 109.286003 0.005500
103.774002 115.713997 0.005500
159.847000 352.500000 0.005500
173.313004 247.500000 0.005500
131.809998 28.928600 0.005500
146.091995 58.500000 0.005500
131.809998 106.070999 0.005500
131.809998 80.357101 0.005500
128.246994 96.428596 0.005500
159.847000 322.500000 0.005500
128.246994 102.857002 0.005500
109.471001 57.857101 0.005500
163.231995 27.000000 0.005500
106.601997 112.500000 0.005500
163.231995 207.000000 0.005500
166.602997 101.250000 0.005500
142.580994 69.545502 0.005500
166.602997 56.250000 0.005400
173.313004 22.500000 0.005400
124.849998 86.785698 0.005400
124.849998 106.070999 0.005400
131.809998 73.928596 0.005400
149.570007 35.000000 0.005400
109.471001 109.286003 0.005400
124.849998 93.214302 0.005400
166.602997 213.750000 0.005400
163.231995 225.000000 0.005400
128.246994 83.571404 0.005400
131.809998 86.785698 0.005400
163.231995 351.000000 0.005400
146.091995 85.500000 0.005400
163.231995 153.000000 0.005400
169.962006 135.000000 0.005400
146.091995 121.500000 0.005400
169.962006 345.000000 0.005400
128.246994 90.000000 0.005300
153.018997 95.625000 0.005300
112.392998 61.071400 0.005300
118.436996 99.642899 0.005300
135.445999 79.615402 0.005300
159.847000 37.500000 0.005300
163.231995 315.000000 0.005300
166.602997 123.750000 0.005300
153.018997 39.375000 0.005300
121.587997 96.428596 0.005300
109.471001 64.285698 0.005300
115.376999 64.285698 0.005300
166.602997 303.750000 0.005300
166.602997 78.750000 0.005200
159.847000 142.500000 0.005200
159.847000 337.500000 0.005200
166.602997 146.250000 0.005200
146.091995 67.500000 0.005200
163.231995 99.000000 0.005200
112.392998 106.070999 0.005200
109.471001 102.857002 0.005200
166.602997 348.750000 0.005200
153.018997 129.375000 0.005200
146.091995 112.500000 0.005200
149.570007 55.000000 0.005200
149.570007 65.000000 0.005200
163.231995 63.000000 0.005200
149.570007 105.000000 0.005200
103.774002 109.286003 0.005200
163.231995 45.000000 0.005200
159.847000 52.500000 0.005100
163.231995 135.000000 0.005100
106.601997 106.070999 0.005100
163.231995 81.000000 0.005100
149.570007 85.000000 0.005100
156.444000 135.000000 0.005100
159.847000 112.500000 0.005000
159.847000 97.500000 0.005000
153.018997 61.875000 0.005000
124.849998 99.642899 0.005000
149.570007 125.000000 0.005000
166.602997 326.250000 0.005000
156.444000 45.000000 0.005000
153.018997 84.375000 0.005000
163.231995 333.000000 0.004900
121.587997 102.857002 0.004900
156.444000 83.571404 0.004900
153.018997 118.125000 0.004900
156.444000 70.714302 0.004900
149.570007 75.000000 0.004900
156.444000 122.142998 0.004800
153.018997 50.625000 0.004800
156.444000 57.857101 0.004800
156.444000 96.428596 0.004800
159.847000 67.500000 0.004800
146.091995 76.500000 0.004800
156.444000 109.286003 0.004800
159.847000 82.500000 0.004800
153.018997 73.125000 0.004700
159.847000 127.500000 0.004700
163.231995 117.000000 0.004700
149.570007 115.000000 0.004700
153.018997 106.875000 0.004600
