1077 1.8735
1133 1.7998
1189 1.5225
1291 1.4056
1021 1.2973
1235 1.2662
1239 1.2034
1022 1.1995
1401 1.1814
1294 1.1728
1134 1.1556
1236 1.1478
1238 1.1472
1413 1.1469
1290 1.1168
1234 1.1118
1293 1.0898
1461 1.0884
1076 1.0827
1470 1.0732
1346 1.0569
1289 1.0498
1233 1.0444
1517 1.0080
1179 0.9960
1358 0.9814
1345 0.9753
1237 0.9699
1301 0.9597
1292 0.9575
1349 0.9429
1526 0.9190
1405 0.9155
1178 0.9105
1246 0.9085
1414 0.8954
1245 0.8882
1182 0.8825
1573 0.8793
1350 0.8702
1188 0.8587
965 0.8559
1348 0.8526
1516 0.8177
1347 0.8100
1630 0.7996
1357 0.7866
1177 0.7836
1288 0.7528
1471 0.7291
1190 0.7189
1181 0.7159
1132 0.7156
1295 0.7135
1574 0.7096
1078 0.7090
1232 0.7032
1575 0.6965
1525 0.6883
1176 0.6777
1404 0.6745
1180 0.6638
1482 0.6539
1075 0.6502
1462 0.6421
1183 0.6416
1400 0.6401
1302 0.6383
1583 0.6269
1351 0.6185
1131 0.6035
966 0.6032
1632 0.6027
1123 0.5977
1469 0.5968
1287 0.5951
1687 0.5863
1124 0.5838
1258 0.5830
1582 0.5779
1300 0.5691
1631 0.5618
1231 0.5615
1518 0.5610
957 0.5533
964 0.5477
1402 0.5400
1629 0.5393
1122 0.5334
1187 0.5325
1403 0.5253
1013 0.5223
1313 0.5210
1201 0.5177
1135 0.5168
1686 0.5069
1020 0.5044
1244 0.5012
956 0.4973
1576 0.4959
1538 0.4939
1406 0.4917
1175 0.4886
1458 0.4882
1344 0.4881
1457 0.4846
1121 0.4828
1067 0.4812
1688 0.4794
1426 0.4769
1240 0.4745
1460 0.4739
1260 0.4693
1359 0.4683
1689 0.4600
901 0.4554
1628 0.4452
1146 0.4446
1127 0.4430
1527 0.4405
1370 0.4341
1068 0.4320
1638 0.4311
1742 0.4305
1012 0.4195
1120 0.4157
902 0.4118
1126 0.4060
1014 0.4040
1519 0.4037
1257 0.4013
1577 0.3974
1125 0.3962
1744 0.3934
1202 0.3841
1572 0.3746
1023 0.3727
1247 0.3680
1148 0.3607
1063 0.3600
910 0.3576
1069 0.3520
1317 0.3516
1425 0.3506
1743 0.3496
958 0.3483
1314 0.3456
1412 0.3419
1702 0.3415
1520 0.3407
950 0.3401
1463 0.3338
1019 0.3332
1007 0.3330
1090 0.3300
1093 0.3278
1584 0.3257
1646 0.3243
1415 0.3228
1409 0.3192
1385 0.3192
1064 0.3177
1066 0.3172
1685 0.3117
909 0.3115
1074 0.3106
1204 0.3071
1456 0.3063
951 0.3047
1513 0.3045
1483 0.3028
1634 0.3022
1353 0.3018
1205 0.3009
1587 0.3008
1639 0.2997
1089 0.2994
1145 0.2993
1741 0.2981
1316 0.2979
1640 0.2963
1008 0.2962
1243 0.2923
1296 0.2876
1537 0.2872
1011 0.2834
1299 0.2826
1642 0.2784
1352 0.2778
1006 0.2750
1441 0.2749
1356 0.2720
1034 0.2718
1800 0.2713
1637 0.2687
1065 0.2684
1643 0.2675
1147 0.2674
1528 0.2657
1697 0.2654
1369 0.2652
1354 0.2646
1191 0.2639
1186 0.2634
1691 0.2628
1593 0.2618
900 0.2614
1633 0.2598
955 0.2597
1329 0.2582
1070 0.2581
1128 0.2578
1036 0.2560
1399 0.2538
1581 0.2534
1459 0.2527
1799 0.2526
1515 0.2509
1092 0.2505
1586 0.2500
1648 0.2493
1585 0.2485
1649 0.2474
1407 0.2460
1035 0.2454
1641 0.2439
895 0.2432
1259 0.2425
1297 0.2413
1645 0.2398
1512 0.2396
1465 0.2393
1752 0.2385
1798 0.2384
1703 0.2375
1594 0.2372
1472 0.2370
1464 0.2368
1801 0.2334
1184 0.2306
1530 0.2284
963 0.2278
1119 0.2271
1408 0.2252
1009 0.2251
1315 0.2235
1091 0.2234
1062 0.2234
1312 0.2226
1079 0.2220
1590 0.2216
1579 0.2215
1371 0.2213
1696 0.2208
1694 0.2201
1010 0.2193
1647 0.2184
845 0.2157
1758 0.2153
1699 0.2139
1695 0.2135
1591 0.2134
920 0.2128
894 0.2117
978 0.2117
1635 0.2109
1701 0.2106
1200 0.2090
979 0.2085
1700 0.2081
1343 0.2072
1241 0.2062
954 0.2058
1745 0.2055
1757 0.2052
1372 0.2052
1698 0.2046
1303 0.2037
1521 0.2029
1310 0.2028
970 0.2026
953 0.2018
1015 0.2009
1384 0.1993
1255 0.1987
1514 0.1985
898 0.1985
1644 0.1980
899 0.1973
844 0.1968
1588 0.1955
1466 0.1954
1203 0.1948
1071 0.1941
1705 0.1939
1033 0.1935
1298 0.1922
980 0.1921
1083 0.1910
976 0.1895
911 0.1893
962 0.1888
1027 0.1875
1592 0.1867
1753 0.1863
977 0.1861
1684 0.1848
952 0.1836
1531 0.1834
1756 0.1816
949 0.1814
1254 0.1813
914 0.1807
1524 0.1803
1570 0.1795
864 0.1786
868 0.1778
1690 0.1777
1367 0.1771
1140 0.1763
1198 0.1762
1797 0.1753
1529 0.1740
1410 0.1737
1311 0.1736
1130 0.1732
1442 0.1729
1578 0.1721
1740 0.1718
1704 0.1705
908 0.1703
1536 0.1701
903 0.1692
416 0.1692
1088 0.1681
1139 0.1672
1174 0.1670
1755 0.1667
1571 0.1665
897 0.1663
842 0.1659
1149 0.1658
1256 0.1657
1355 0.1653
841 0.1652
1627 0.1652
1195 0.1651
923 0.1651
924 0.1643
1481 0.1642
896 0.1618
921 0.1616
1589 0.1615
1026 0.1610
1286 0.1610
1497 0.1607
1569 0.1601
1082 0.1597
846 0.1596
472 0.1577
838 0.1573
1018 0.1573
1368 0.1571
1854 0.1571
843 0.1568
1809 0.1567
1242 0.1551
915 0.1542
466 0.1537
1028 0.1537
975 0.1520
1534 0.1515
969 0.1508
1084 0.1505
971 0.1491
1037 0.1480
178 0.1477
360 0.1475
1032 0.1474
1535 0.1474
415 0.1463
522 0.1461
1754 0.1453
44 0.1453
1273 0.1448
1856 0.1444
1261 0.1440
1473 0.1438
967 0.1438
922 0.1436
218 0.1436
1330 0.1434
981 0.1427
1814 0.1416
1474 0.1416
1423 0.1412
1422 0.1412
1199 0.1408
1136 0.1405
1196 0.1404
854 0.1401
1468 0.1401
1746 0.1400
1424 0.1399
867 0.1398
1813 0.1393
1360 0.1384
1366 0.1379
1061 0.1377
1411 0.1375
1812 0.1367
1427 0.1363
578 0.1355
1252 0.1351
1751 0.1348
1479 0.1338
521 0.1335
1480 0.1323
853 0.1321
1750 0.1319
1309 0.1316
1248 0.1315
1855 0.1310
1141 0.1308
1853 0.1308
1626 0.1306
1475 0.1296
1759 0.1294
959 0.1294
410 0.1293
786 0.1292
839 0.1288
858 0.1284
179 0.1278
1185 0.1274
1197 0.1269
27 0.1265
454 0.1256
907 0.1254
1808 0.1251
840 0.1249
65 0.1247
1747 0.1239
1595 0.1236
1253 0.1227
1533 0.1223
1522 0.1219
1144 0.1214
1172 0.1205
863 0.1205
262 0.1204
1692 0.1193
467 0.1192
1129 0.1192
1803 0.1192
1072 0.1192
1915 0.1191
1511 0.1189
1143 0.1188
409 0.1184
1251 0.1173
1858 0.1168
787 0.1160
1760 0.1157
1859 0.1156
785 0.1151
83 0.1149
14 0.1146
143 0.1145
857 0.1139
852 0.1138
1802 0.1137
1118 0.1135
1532 0.1131
1142 0.1131
808 0.1130
24 0.1128
1749 0.1126
219 0.1123
913 0.1121
1693 0.1120
1016 0.1115
1307 0.1113
397 0.1111
1416 0.1106
111 0.1106
142 0.1106
59 0.1106
1815 0.1104
1194 0.1102
1073 0.1101
90 0.1098
40 0.1095
743 0.1094
1857 0.1094
1496 0.1093
217 0.1090
261 0.1090
5 0.1088
1811 0.1086
1580 0.1084
788 0.1083
866 0.1082
1478 0.1082
1636 0.1082
633 0.1080
972 0.1080
456 0.1078
1272 0.1074
1029 0.1073
89 0.1069
1087 0.1069
39 0.1067
354 0.1059
512 0.1058
1085 0.1056
0 0.1054
799 0.1051
1308 0.1049
1031 0.1047
687 0.1046
511 0.1045
631 0.1041
45 0.1039
465 0.1039
812 0.1038
577 0.1037
12 0.1037
309 0.1036
579 0.1036
688 0.1035
1621 0.1029
1810 0.1029
118 0.1029
473 0.1025
1304 0.1025
110 0.1019
865 0.1017
837 0.1016
60 0.1015
568 0.1014
1418 0.1013
361 0.1011
1625 0.1010
64 0.1008
1523 0.1008
398 0.1006
1017 0.1004
1417 0.0999
1138 0.0999
373 0.0995
1081 0.0994
1739 0.0993
1807 0.0991
1208 0.0987
855 0.0985
916 0.0984
1706 0.0983
372 0.0981
961 0.0980
1025 0.0975
510 0.0975
919 0.0974
1005 0.0968
632 0.0968
1455 0.0967
1650 0.0966
1229 0.0966
1117 0.0966
28 0.0964
1568 0.0964
1796 0.0964
1467 0.0963
1476 0.0963
893 0.0962
320 0.0961
84 0.0960
729 0.0960
429 0.0960
789 0.0959
1970 0.0958
802 0.0957
15 0.0955
798 0.0955
1868 0.0954
13 0.0952
1869 0.0951
742 0.0949
355 0.0947
509 0.0947
1024 0.0947
859 0.0946
453 0.0946
689 0.0946
1365 0.0943
1683 0.0942
471 0.0942
869 0.0932
455 0.0930
523 0.0929
1192 0.0927
1086 0.0927
576 0.0926
634 0.0925
800 0.0923
1566 0.0918
730 0.0916
906 0.0915
1440 0.0913
1852 0.0912
968 0.0908
1914 0.0907
1421 0.0907
1916 0.0907
1364 0.0906
411 0.0904
66 0.0902
1328 0.0899
1971 0.0898
1094 0.0897
82 0.0897
912 0.0897
1870 0.0896
1363 0.0892
1864 0.0891
528 0.0886
960 0.0885
4 0.0883
1419 0.0882
527 0.0877
6 0.0873
343 0.0873
308 0.0873
1804 0.0871
744 0.0870
1910 0.0870
1228 0.0869
359 0.0868
1867 0.0866
790 0.0865
319 0.0864
112 0.0862
25 0.0861
119 0.0860
399 0.0856
177 0.0856
1 0.0853
26 0.0853
1386 0.0852
856 0.0850
1284 0.0846
23 0.0843
43 0.0842
151 0.0840
1761 0.0839
1151 0.0838
1080 0.0837
1816 0.0837
1263 0.0837
1306 0.0837
1806 0.0835
1230 0.0834
1539 0.0832
1030 0.0831
783 0.0830
1361 0.0829
41 0.0828
756 0.0827
485 0.0827
784 0.0825
1116 0.0822
904 0.0821
520 0.0821
809 0.0819
803 0.0818
782 0.0817
484 0.0817
1362 0.0816
630 0.0814
690 0.0813
1911 0.0812
745 0.0811
575 0.0808
801 0.0808
61 0.0806
811 0.0805
569 0.0803
1748 0.0801
566 0.0799
272 0.0797
144 0.0796
1173 0.0796
1678 0.0790
430 0.0789
1420 0.0787
1477 0.0786
428 0.0784
905 0.0780
974 0.0780
271 0.0779
652 0.0775
746 0.0774
371 0.0773
635 0.0772
1553 0.0766
596 0.0765
1865 0.0764
1217 0.0764
3 0.0761
731 0.0761
1152 0.0760
1805 0.0757
457 0.0755
797 0.0755
708 0.0754
1622 0.0753
973 0.0751
810 0.0751
1909 0.0751
851 0.0750
1137 0.0750
686 0.0750
925 0.0749
567 0.0748
1060 0.0743
1860 0.0742
1249 0.0742
917 0.0742
321 0.0741
344 0.0740
342 0.0737
58 0.0735
1373 0.0734
741 0.0733
400 0.0730
691 0.0729
1250 0.0725
1207 0.0724
847 0.0721
1398 0.0721
310 0.0719
1866 0.0719
85 0.0718
150 0.0718
1863 0.0717
468 0.0713
1193 0.0711
141 0.0711
91 0.0709
541 0.0708
1305 0.0706
318 0.0703
982 0.0702
624 0.0702
113 0.0701
1912 0.0700
580 0.0700
270 0.0700
860 0.0699
1677 0.0698
1510 0.0696
187 0.0695
653 0.0694
11 0.0692
1926 0.0691
674 0.0688
180 0.0688
519 0.0684
1871 0.0682
152 0.0680
1206 0.0680
414 0.0680
1285 0.0679
1817 0.0676
1862 0.0675
117 0.0673
1428 0.0671
417 0.0671
188 0.0670
728 0.0669
804 0.0669
1342 0.0668
1624 0.0667
1682 0.0667
227 0.0666
1565 0.0665
1509 0.0663
145 0.0662
1150 0.0660
260 0.0660
1913 0.0658
1096 0.0656
2024 0.0655
303 0.0651
356 0.0649
109 0.0646
1264 0.0646
1861 0.0645
747 0.0644
228 0.0642
850 0.0640
574 0.0639
263 0.0639
732 0.0632
848 0.0630
226 0.0628
408 0.0626
513 0.0626
370 0.0624
791 0.0623
464 0.0620
396 0.0620
2 0.0620
1454 0.0618
292 0.0616
518 0.0614
1925 0.0614
350 0.0613
623 0.0610
353 0.0610
675 0.0609
293 0.0607
1567 0.0607
304 0.0606
427 0.0606
42 0.0602
181 0.0601
948 0.0600
629 0.0599
1171 0.0593
1320 0.0592
692 0.0592
374 0.0592
1924 0.0585
463 0.0585
186 0.0584
412 0.0580
540 0.0580
1038 0.0579
1738 0.0577
752 0.0577
1927 0.0577
273 0.0577
269 0.0576
1095 0.0573
486 0.0573
29 0.0572
216 0.0572
1872 0.0571
584 0.0569
38 0.0569
7 0.0567
918 0.0567
685 0.0564
622 0.0563
1733 0.0563
673 0.0563
483 0.0562
16 0.0561
524 0.0560
345 0.0560
849 0.0559
88 0.0559
120 0.0557
307 0.0557
1429 0.0555
727 0.0553
517 0.0553
1795 0.0552
707 0.0550
542 0.0549
252 0.0549
1917 0.0548
462 0.0545
1319 0.0544
405 0.0541
189 0.0541
625 0.0538
597 0.0538
726 0.0538
46 0.0536
10 0.0534
349 0.0533
754 0.0533
225 0.0533
1262 0.0532
1851 0.0529
229 0.0528
406 0.0528
781 0.0526
755 0.0526
1923 0.0526
565 0.0526
676 0.0523
302 0.0523
740 0.0522
63 0.0522
1318 0.0521
1972 0.0520
351 0.0518
67 0.0518
291 0.0517
246 0.0517
1498 0.0516
1969 0.0516
317 0.0515
404 0.0515
526 0.0513
358 0.0513
508 0.0511
861 0.0510
299 0.0510
431 0.0509
681 0.0504
182 0.0504
81 0.0503
733 0.0503
461 0.0501
9 0.0501
792 0.0501
1218 0.0500
2025 0.0500
407 0.0499
294 0.0499
245 0.0497
621 0.0497
1397 0.0496
8 0.0496
757 0.0496
220 0.0494
1554 0.0494
748 0.0494
636 0.0493
805 0.0493
595 0.0492
341 0.0492
300 0.0492
573 0.0491
22 0.0490
221 0.0490
680 0.0490
1919 0.0489
796 0.0488
1004 0.0488
469 0.0488
259 0.0487
185 0.0487
2023 0.0487
1341 0.0487
146 0.0486
209 0.0485
153 0.0483
1928 0.0482
764 0.0481
813 0.0480
1918 0.0480
149 0.0478
369 0.0476
62 0.0475
230 0.0474
618 0.0474
836 0.0473
1965 0.0472
305 0.0471
793 0.0470
807 0.0470
222 0.0469
1908 0.0469
426 0.0468
362 0.0466
322 0.0465
176 0.0464
1920 0.0462
753 0.0461
470 0.0460
18 0.0460
862 0.0459
274 0.0458
1209 0.0458
306 0.0457
1620 0.0457
357 0.0455
736 0.0454
73 0.0454
1679 0.0454
570 0.0453
1922 0.0453
32 0.0452
203 0.0451
278 0.0451
1966 0.0451
202 0.0450
328 0.0449
413 0.0449
1623 0.0449
268 0.0447
327 0.0445
1059 0.0445
751 0.0443
253 0.0443
17 0.0443
316 0.0441
231 0.0441
619 0.0440
617 0.0440
1734 0.0438
381 0.0438
247 0.0437
679 0.0437
734 0.0436
277 0.0435
190 0.0434
244 0.0433
164 0.0432
256 0.0432
86 0.0431
581 0.0430
352 0.0430
1982 0.0428
1681 0.0427
92 0.0424
275 0.0424
452 0.0424
1375 0.0424
677 0.0424
298 0.0423
678 0.0423
50 0.0423
735 0.0423
628 0.0422
257 0.0422
276 0.0422
51 0.0420
794 0.0419
1921 0.0419
401 0.0418
1039 0.0418
725 0.0418
99 0.0418
1383 0.0417
516 0.0417
114 0.0417
1274 0.0415
525 0.0415
19 0.0414
232 0.0413
224 0.0413
737 0.0412
170 0.0411
870 0.0411
672 0.0410
20 0.0409
129 0.0409
163 0.0408
210 0.0407
326 0.0406
1097 0.0406
1873 0.0406
140 0.0406
130 0.0406
795 0.0402
926 0.0401
1040 0.0401
346 0.0400
266 0.0399
267 0.0399
279 0.0399
33 0.0399
258 0.0399
583 0.0399
215 0.0397
1981 0.0397
1967 0.0396
233 0.0395
100 0.0395
380 0.0395
437 0.0393
223 0.0392
1818 0.0391
620 0.0391
709 0.0390
482 0.0389
323 0.0387
165 0.0387
30 0.0387
700 0.0387
1973 0.0386
301 0.0385
191 0.0385
1974 0.0385
720 0.0385
664 0.0383
375 0.0382
204 0.0382
1980 0.0381
671 0.0380
765 0.0378
382 0.0378
1979 0.0377
265 0.0376
1929 0.0376
251 0.0375
31 0.0374
983 0.0374
684 0.0374
21 0.0374
651 0.0374
201 0.0374
458 0.0373
35 0.0371
329 0.0371
315 0.0370
440 0.0370
72 0.0370
777 0.0370
255 0.0368
74 0.0367
693 0.0367
290 0.0366
495 0.0365
1453 0.0365
438 0.0364
311 0.0364
682 0.0364
654 0.0364
1975 0.0364
608 0.0364
493 0.0363
2074 0.0363
529 0.0362
1964 0.0361
1983 0.0361
1216 0.0360
460 0.0360
564 0.0360
439 0.0360
563 0.0360
1340 0.0359
183 0.0357
34 0.0355
721 0.0354
383 0.0354
719 0.0354
598 0.0353
543 0.0353
98 0.0353
572 0.0352
696 0.0351
582 0.0351
487 0.0350
1609 0.0350
552 0.0350
776 0.0349
539 0.0349
154 0.0348
324 0.0348
295 0.0348
1737 0.0347
47 0.0346
494 0.0346
395 0.0345
1762 0.0345
49 0.0345
57 0.0343
665 0.0343
264 0.0341
1978 0.0340
474 0.0340
496 0.0340
806 0.0339
1283 0.0339
585 0.0339
738 0.0338
553 0.0338
749 0.0338
403 0.0338
52 0.0338
116 0.0338
121 0.0337
184 0.0337
670 0.0337
507 0.0336
128 0.0336
368 0.0336
1794 0.0336
1161 0.0336
778 0.0336
2026 0.0334
325 0.0334
562 0.0333
722 0.0333
551 0.0333
254 0.0333
1396 0.0333
666 0.0332
2073 0.0331
640 0.0331
1968 0.0331
214 0.0331
697 0.0330
616 0.0330
379 0.0329
1651 0.0328
607 0.0327
131 0.0326
108 0.0325
243 0.0325
36 0.0325
739 0.0325
892 0.0325
699 0.0325
171 0.0325
639 0.0323
1850 0.0321
441 0.0321
833 0.0321
1984 0.0321
162 0.0319
832 0.0319
175 0.0319
627 0.0317
48 0.0317
514 0.0317
698 0.0315
37 0.0315
432 0.0315
348 0.0313
376 0.0313
609 0.0313
497 0.0313
644 0.0312
637 0.0312
984 0.0311
248 0.0311
626 0.0310
425 0.0310
135 0.0310
1732 0.0310
71 0.0309
54 0.0308
384 0.0308
550 0.0307
2027 0.0306
1376 0.0305
87 0.0305
208 0.0304
147 0.0304
53 0.0304
1484 0.0303
314 0.0303
1321 0.0303
1907 0.0302
148 0.0301
834 0.0300
779 0.0300
97 0.0300
436 0.0298
515 0.0298
213 0.0297
1896 0.0296
1707 0.0295
1115 0.0295
1374 0.0294
205 0.0294
780 0.0294
663 0.0293
610 0.0293
1271 0.0292
442 0.0292
683 0.0292
377 0.0291
313 0.0290
871 0.0290
234 0.0290
555 0.0290
554 0.0290
389 0.0290
1680 0.0290
2075 0.0290
200 0.0290
166 0.0289
1552 0.0289
340 0.0289
330 0.0288
750 0.0287
68 0.0287
498 0.0287
571 0.0287
127 0.0287
192 0.0287
433 0.0286
667 0.0286
615 0.0285
638 0.0285
1790 0.0284
336 0.0283
451 0.0283
561 0.0282
101 0.0282
280 0.0281
115 0.0281
334 0.0281
445 0.0281
724 0.0281
606 0.0280
331 0.0280
814 0.0280
333 0.0279
506 0.0279
1540 0.0278
55 0.0278
1160 0.0278
927 0.0277
1508 0.0277
70 0.0277
386 0.0277
890 0.0276
614 0.0276
75 0.0275
335 0.0275
1153 0.0275
947 0.0275
388 0.0274
758 0.0274
1976 0.0274
763 0.0273
385 0.0273
1840 0.0272
387 0.0272
418 0.0271
161 0.0271
669 0.0270
446 0.0270
694 0.0270
1789 0.0270
1227 0.0270
723 0.0268
499 0.0268
212 0.0268
2019 0.0267
378 0.0266
488 0.0266
611 0.0266
285 0.0266
1874 0.0265
2035 0.0265
492 0.0265
402 0.0264
443 0.0264
286 0.0264
556 0.0263
695 0.0263
549 0.0262
2034 0.0262
2020 0.0262
347 0.0261
889 0.0261
367 0.0261
1443 0.0261
500 0.0260
211 0.0260
199 0.0260
1930 0.0260
297 0.0259
444 0.0259
289 0.0259
284 0.0259
390 0.0258
544 0.0257
985 0.0257
459 0.0256
96 0.0256
69 0.0255
447 0.0255
332 0.0255
1963 0.0255
283 0.0255
240 0.0255
160 0.0253
701 0.0253
198 0.0253
1977 0.0253
831 0.0253
501 0.0253
559 0.0252
545 0.0252
296 0.0252
1331 0.0252
1265 0.0251
819 0.0251
239 0.0251
759 0.0251
835 0.0251
126 0.0251
242 0.0251
1985 0.0251
1676 0.0250
481 0.0250
169 0.0250
80 0.0250
56 0.0250
1784 0.0249
641 0.0249
77 0.0249
557 0.0248
489 0.0248
1952 0.0247
174 0.0247
1897 0.0247
237 0.0247
502 0.0247
2022 0.0245
238 0.0245
241 0.0245
668 0.0245
891 0.0245
560 0.0244
93 0.0244
1003 0.0244
366 0.0244
287 0.0243
2033 0.0242
1041 0.0242
2076 0.0242
2018 0.0242
136 0.0241
505 0.0241
503 0.0241
281 0.0240
1564 0.0240
820 0.0240
599 0.0240
434 0.0240
76 0.0240
612 0.0239
2028 0.0239
282 0.0239
558 0.0239
815 0.0239
1608 0.0238
613 0.0238
1432 0.0238
197 0.0238
363 0.0238
104 0.0238
394 0.0238
1839 0.0237
235 0.0237
928 0.0237
2120 0.0236
1431 0.0236
601 0.0235
657 0.0235
139 0.0234
435 0.0234
249 0.0234
600 0.0233
122 0.0233
155 0.0233
655 0.0233
132 0.0231
645 0.0231
1495 0.0231
2032 0.0230
1785 0.0230
337 0.0230
872 0.0230
775 0.0230
706 0.0229
718 0.0229
312 0.0227
662 0.0227
2072 0.0226
193 0.0225
250 0.0225
594 0.0225
339 0.0223
2119 0.0223
605 0.0223
1849 0.0223
770 0.0222
78 0.0222
196 0.0222
236 0.0222
713 0.0221
538 0.0221
1735 0.0221
207 0.0221
2031 0.0220
288 0.0220
642 0.0220
1728 0.0220
159 0.0219
1736 0.0218
702 0.0218
1953 0.0218
945 0.0218
586 0.0217
1906 0.0217
769 0.0216
888 0.0216
194 0.0216
450 0.0215
504 0.0215
424 0.0215
1727 0.0215
710 0.0215
95 0.0215
1841 0.0215
103 0.0214
448 0.0213
102 0.0213
2036 0.0212
2007 0.0210
643 0.0210
125 0.0210
588 0.0210
656 0.0209
206 0.0209
391 0.0209
1898 0.0208
1793 0.0208
167 0.0208
2021 0.0208
658 0.0207
173 0.0207
826 0.0207
134 0.0207
1430 0.0206
946 0.0206
712 0.0206
1819 0.0205
105 0.0205
79 0.0204
423 0.0204
156 0.0204
365 0.0203
760 0.0203
2037 0.0202
816 0.0202
94 0.0202
491 0.0202
714 0.0201
1962 0.0201
1951 0.0201
158 0.0201
1106 0.0201
766 0.0201
711 0.0200
873 0.0199
546 0.0199
1783 0.0199
882 0.0198
929 0.0198
1098 0.0197
338 0.0197
1105 0.0197
490 0.0197
1210 0.0196
1452 0.0195
2030 0.0195
449 0.0195
717 0.0194
1162 0.0194
2017 0.0193
774 0.0193
944 0.0193
646 0.0192
1954 0.0192
825 0.0192
1986 0.0192
938 0.0191
768 0.0191
703 0.0191
195 0.0191
478 0.0191
172 0.0191
392 0.0190
107 0.0190
937 0.0190
548 0.0190
168 0.0189
994 0.0189
1049 0.0189
133 0.0188
2069 0.0187
771 0.0186
393 0.0186
157 0.0186
881 0.0186
422 0.0185
830 0.0183
661 0.0183
604 0.0182
124 0.0182
1672 0.0182
986 0.0182
1058 0.0182
138 0.0181
530 0.0181
883 0.0181
2118 0.0181
123 0.0181
2008 0.0180
824 0.0179
480 0.0179
2038 0.0179
1596 0.0179
1763 0.0179
876 0.0178
647 0.0177
2161 0.0177
1665 0.0176
590 0.0176
1931 0.0176
1845 0.0176
827 0.0176
1170 0.0175
1485 0.0175
589 0.0175
1791 0.0175
2121 0.0174
547 0.0174
887 0.0173
821 0.0173
761 0.0173
817 0.0172
818 0.0172
650 0.0172
2070 0.0171
2006 0.0171
659 0.0171
1395 0.0171
1050 0.0171
479 0.0171
2068 0.0170
1541 0.0169
602 0.0169
993 0.0169
936 0.0168
475 0.0168
535 0.0168
705 0.0168
762 0.0168
534 0.0168
593 0.0168
874 0.0167
2071 0.0166
2083 0.0166
421 0.0166
1652 0.0165
704 0.0165
587 0.0165
1327 0.0165
773 0.0165
477 0.0164
1895 0.0164
767 0.0164
772 0.0164
995 0.0164
2029 0.0163
875 0.0163
533 0.0163
532 0.0163
828 0.0163
137 0.0163
2082 0.0163
106 0.0163
648 0.0162
419 0.0162
1729 0.0161
1961 0.0161
591 0.0161
603 0.0161
943 0.0161
884 0.0161
364 0.0160
829 0.0159
2016 0.0159
1001 0.0159
715 0.0158
660 0.0158
2081 0.0158
1792 0.0157
939 0.0157
2077 0.0156
930 0.0156
823 0.0155
1154 0.0155
1002 0.0155
1875 0.0154
1619 0.0154
1487 0.0154
649 0.0153
537 0.0153
716 0.0153
2115 0.0153
1905 0.0153
1433 0.0153
880 0.0152
1339 0.0151
1219 0.0150
885 0.0150
1104 0.0150
1899 0.0149
1048 0.0149
2080 0.0148
1848 0.0148
1377 0.0147
1842 0.0147
2084 0.0147
1671 0.0147
2058 0.0146
476 0.0146
877 0.0146
931 0.0146
1788 0.0144
2085 0.0144
2116 0.0144
2127 0.0144
2015 0.0143
2086 0.0143
420 0.0142
1786 0.0142
1673 0.0142
2114 0.0142
2117 0.0141
531 0.0141
2162 0.0141
886 0.0141
2160 0.0141
2067 0.0141
1610 0.0141
1844 0.0141
1507 0.0141
1322 0.0141
1042 0.0140
940 0.0140
2009 0.0140
992 0.0140
536 0.0139
1846 0.0138
1000 0.0138
1666 0.0138
1114 0.0138
932 0.0138
1486 0.0137
592 0.0137
2079 0.0137
2039 0.0137
1731 0.0136
822 0.0136
2057 0.0136
987 0.0135
1838 0.0135
1987 0.0135
1726 0.0133
2059 0.0133
942 0.0133
1107 0.0132
2198 0.0131
1488 0.0131
1615 0.0131
996 0.0130
2078 0.0130
1439 0.0130
1057 0.0129
2156 0.0129
1159 0.0128
941 0.0127
1051 0.0127
2157 0.0127
2126 0.0127
1847 0.0126
1616 0.0126
1266 0.0126
988 0.0125
1764 0.0125
2066 0.0125
1876 0.0124
878 0.0124
1675 0.0124
2122 0.0123
2167 0.0123
935 0.0122
2125 0.0122
2159 0.0122
1387 0.0121
879 0.0121
1056 0.0121
1653 0.0121
1282 0.0120
2199 0.0119
1555 0.0119
1708 0.0119
1955 0.0119
2128 0.0119
999 0.0119
933 0.0119
1099 0.0118
1211 0.0118
2087 0.0118
2168 0.0116
1904 0.0116
2014 0.0116
1843 0.0115
998 0.0115
1597 0.0115
989 0.0115
1043 0.0115
2065 0.0114
1960 0.0114
1215 0.0113
2158 0.0113
1730 0.0113
1932 0.0113
1542 0.0112
1047 0.0112
1113 0.0112
2113 0.0112
997 0.0111
2005 0.0110
1044 0.0110
1820 0.0110
2124 0.0110
2130 0.0109
1544 0.0109
1901 0.0109
1451 0.0109
1560 0.0108
2204 0.0108
2203 0.0108
934 0.0108
1055 0.0107
1155 0.0107
1902 0.0106
1100 0.0106
2129 0.0106
2166 0.0105
1163 0.0105
1674 0.0105
2112 0.0104
1543 0.0104
2105 0.0104
991 0.0104
1563 0.0104
1787 0.0103
1275 0.0103
1765 0.0103
1112 0.0102
2123 0.0102
1782 0.0102
1900 0.0102
2197 0.0102
2131 0.0101
1226 0.0101
1169 0.0101
2060 0.0101
1052 0.0101
2155 0.0100
1614 0.0100
1054 0.0100
1378 0.0100
2163 0.0100
2064 0.0099
2010 0.0099
1950 0.0099
2194 0.0099
1721 0.0099
1108 0.0099
1959 0.0099
1053 0.0098
1617 0.0098
1168 0.0098
990 0.0098
1884 0.0097
1903 0.0097
2165 0.0097
1267 0.0097
1045 0.0096
1940 0.0096
1670 0.0096
1434 0.0096
2231 0.0095
1156 0.0095
1988 0.0095
1559 0.0095
1598 0.0095
1885 0.0095
2106 0.0094
1212 0.0094
1103 0.0094
1939 0.0094
1709 0.0094
2195 0.0094
2056 0.0093
2196 0.0093
2104 0.0093
1111 0.0093
2111 0.0093
2202 0.0093
1828 0.0092
1323 0.0092
1618 0.0092
1877 0.0092
2154 0.0092
1489 0.0092
1956 0.0092
1046 0.0091
1958 0.0091
2013 0.0091
1101 0.0091
2164 0.0091
1654 0.0091
1725 0.0091
1394 0.0090
1894 0.0090
1599 0.0090
1281 0.0090
1270 0.0090
2193 0.0089
1225 0.0089
1167 0.0089
2110 0.0089
2232 0.0088
2200 0.0088
2230 0.0088
2236 0.0087
1561 0.0087
2201 0.0086
1957 0.0086
1224 0.0086
1941 0.0086
1110 0.0086
2169 0.0085
1338 0.0085
1506 0.0085
2063 0.0085
2235 0.0085
1109 0.0085
2040 0.0084
1995 0.0084
1337 0.0084
2061 0.0084
1503 0.0083
2170 0.0083
1664 0.0083
2149 0.0083
1545 0.0083
1562 0.0083
1499 0.0083
2107 0.0083
1837 0.0083
1827 0.0082
1600 0.0082
2012 0.0082
1994 0.0082
2148 0.0082
2046 0.0082
1821 0.0082
1450 0.0081
1102 0.0081
1546 0.0081
1166 0.0081
2192 0.0081
1324 0.0081
1490 0.0081
1158 0.0081
2171 0.0081
1933 0.0081
1996 0.0080
1607 0.0080
2153 0.0080
1213 0.0080
2109 0.0080
1766 0.0079
1504 0.0079
1655 0.0079
2011 0.0079
1829 0.0079
2205 0.0079
2234 0.0078
1382 0.0078
2062 0.0078
2088 0.0078
2228 0.0078
1886 0.0078
1268 0.0078
1435 0.0078
1883 0.0078
1379 0.0077
1551 0.0077
2103 0.0077
1393 0.0077
2191 0.0077
2189 0.0077
1710 0.0077
2260 0.0076
2187 0.0076
1280 0.0076
2047 0.0076
1164 0.0076
2227 0.0075
2152 0.0075
2233 0.0075
2150 0.0075
1773 0.0075
1772 0.0075
1720 0.0075
1505 0.0075
1157 0.0075
1448 0.0074
2229 0.0074
1878 0.0074
2147 0.0074
1601 0.0074
1220 0.0074
1449 0.0074
2151 0.0073
2108 0.0073
2222 0.0073
1436 0.0073
1165 0.0073
2188 0.0073
2190 0.0072
1223 0.0072
2045 0.0072
2261 0.0072
2226 0.0072
2259 0.0072
2223 0.0072
1656 0.0072
1380 0.0072
1214 0.0071
1822 0.0071
2224 0.0071
1547 0.0071
1332 0.0071
2263 0.0071
1938 0.0071
1722 0.0071
2093 0.0071
1997 0.0070
1711 0.0070
2237 0.0070
1667 0.0070
1989 0.0070
1657 0.0069
1934 0.0069
1491 0.0069
2264 0.0069
1392 0.0069
1279 0.0069
2206 0.0069
2253 0.0069
1222 0.0069
1602 0.0069
1781 0.0068
2225 0.0068
1558 0.0068
1336 0.0068
2257 0.0068
2254 0.0068
2089 0.0068
1882 0.0068
2041 0.0068
1447 0.0067
2055 0.0067
1774 0.0067
1502 0.0067
2252 0.0067
1949 0.0067
1391 0.0067
1777 0.0067
1942 0.0067
1716 0.0067
2132 0.0067
2279 0.0067
1767 0.0067
1826 0.0066
2094 0.0066
2262 0.0066
2048 0.0066
1613 0.0066
1444 0.0066
2004 0.0066
1771 0.0066
1325 0.0066
2186 0.0066
1713 0.0065
1669 0.0065
1830 0.0065
2256 0.0065
1269 0.0065
1715 0.0065
1326 0.0065
2207 0.0065
1993 0.0065
2284 0.0065
2146 0.0064
2095 0.0064
2185 0.0064
1221 0.0064
1990 0.0064
2221 0.0064
1712 0.0064
2280 0.0063
2258 0.0063
2133 0.0063
1770 0.0063
1603 0.0063
2265 0.0063
2349 0.0062
2282 0.0062
2285 0.0062
1879 0.0062
2255 0.0062
2286 0.0062
2044 0.0062
1823 0.0062
1778 0.0062
1494 0.0062
1659 0.0062
2002 0.0062
1825 0.0062
1717 0.0062
2172 0.0061
2173 0.0061
2042 0.0061
1492 0.0061
1335 0.0061
1998 0.0061
1658 0.0061
2134 0.0061
1935 0.0061
1887 0.0061
2174 0.0061
1893 0.0061
2302 0.0061
1548 0.0061
2241 0.0061
1660 0.0061
1611 0.0061
1276 0.0060
1719 0.0060
1769 0.0060
1714 0.0060
1880 0.0060
1776 0.0060
2320 0.0060
2238 0.0060
1437 0.0060
2102 0.0060
2090 0.0060
2092 0.0060
2319 0.0060
2301 0.0060
2278 0.0060
2351 0.0060
2239 0.0060
1881 0.0060
1768 0.0060
2287 0.0059
2052 0.0059
1604 0.0059
2001 0.0059
1824 0.0059
2306 0.0059
1937 0.0059
1663 0.0059
1278 0.0059
1277 0.0059
2099 0.0059
2210 0.0059
2091 0.0059
2344 0.0059
2348 0.0059
2054 0.0059
1381 0.0059
2350 0.0059
2342 0.0059
2137 0.0059
2053 0.0059
2101 0.0059
2142 0.0058
2341 0.0058
2333 0.0058
2136 0.0058
2050 0.0058
2281 0.0058
1992 0.0058
1724 0.0058
2220 0.0058
2330 0.0058
2049 0.0058
1991 0.0058
2269 0.0058
2208 0.0058
2343 0.0058
2000 0.0058
1947 0.0057
2251 0.0057
2209 0.0057
2292 0.0057
2135 0.0057
2098 0.0057
2051 0.0057
1661 0.0057
1888 0.0057
1775 0.0057
1832 0.0057
1438 0.0057
2334 0.0057
2305 0.0057
2268 0.0057
1718 0.0057
2331 0.0057
1390 0.0056
2043 0.0056
2324 0.0056
2283 0.0056
2346 0.0056
2242 0.0056
1334 0.0056
1831 0.0056
2288 0.0056
2329 0.0056
1668 0.0056
2266 0.0056
2308 0.0056
2267 0.0056
2323 0.0056
1946 0.0056
2312 0.0056
2097 0.0056
2307 0.0056
1388 0.0056
2347 0.0056
2143 0.0056
2335 0.0055
2336 0.0055
2003 0.0055
2240 0.0055
1493 0.0055
2322 0.0055
2328 0.0055
2338 0.0055
2337 0.0055
2100 0.0055
1606 0.0055
2176 0.0055
2313 0.0055
2181 0.0055
1389 0.0055
1333 0.0055
1446 0.0055
2291 0.0055
2345 0.0055
1936 0.0055
2138 0.0055
1948 0.0055
1944 0.0055
1891 0.0055
2289 0.0055
1892 0.0055
1549 0.0055
2293 0.0055
1501 0.0055
2303 0.0055
2316 0.0055
2096 0.0055
2314 0.0054
2340 0.0054
1833 0.0054
1836 0.0054
1943 0.0054
2175 0.0054
1557 0.0054
1834 0.0054
2321 0.0054
2304 0.0054
1889 0.0054
1945 0.0054
2311 0.0054
2141 0.0054
2300 0.0054
2332 0.0054
2145 0.0054
2339 0.0054
1890 0.0053
2216 0.0053
1605 0.0053
1723 0.0053
1999 0.0053
2270 0.0053
2309 0.0053
2317 0.0053
2211 0.0053
1779 0.0053
1550 0.0053
1662 0.0053
2325 0.0053
2315 0.0052
2277 0.0052
2290 0.0052
2318 0.0052
2139 0.0052
2297 0.0052
1612 0.0052
1556 0.0052
2327 0.0052
2219 0.0052
2144 0.0052
2177 0.0052
2178 0.0052
2295 0.0052
2182 0.0052
1445 0.0052
2294 0.0052
2271 0.0051
2299 0.0051
1500 0.0051
2296 0.0051
2180 0.0051
2250 0.0051
2275 0.0050
2274 0.0050
2213 0.0050
1835 0.0050
2184 0.0050
2326 0.0050
2243 0.0050
2215 0.0050
2310 0.0049
1780 0.0049
2246 0.0049
2218 0.0049
2245 0.0049
2179 0.0049
2249 0.0048
2212 0.0048
2244 0.0048
2247 0.0048
2272 0.0048
2140 0.0048
2248 0.0048
2273 0.0048
2214 0.0047
2276 0.0047
2298 0.0047
2183 0.0047
2217 0.0046